,timestamp,open,high,low,close,volume,open_interest,strike,expiry_type,expiry,instrument,contract_type
0,1553073300000,295.85,295.85,273.4,275.25,1425,,11300,weekly,2019-3-28T21:00:00.000,options,call
1,1553073360000,273.8,277.0,271.95,277.0,2775,,11300,weekly,2019-3-28T21:00:00.000,options,call
2,1553073420000,276.7,282.5,276.7,281.15,2775,,11300,weekly,2019-3-28T21:00:00.000,options,call
3,1553073480000,282.0,285.05,282.0,282.55,1800,,11300,weekly,2019-3-28T21:00:00.000,options,call
4,1553073540000,284.0,284.0,282.0,282.55,1725,,11300,weekly,2019-3-28T21:00:00.000,options,call
5,1553073600000,277.5,278.0,274.95,274.95,1425,,11300,weekly,2019-3-28T21:00:00.000,options,call
6,1553073660000,273.75,274.0,267.95,269.55,2475,,11300,weekly,2019-3-28T21:00:00.000,options,call
7,1553073720000,274.15,275.0,273.95,275.0,825,,11300,weekly,2019-3-28T21:00:00.000,options,call
8,1553073780000,275.5,276.85,275.5,276.85,825,,11300,weekly,2019-3-28T21:00:00.000,options,call
9,1553073840000,277.55,278.0,274.55,275.55,2775,,11300,weekly,2019-3-28T21:00:00.000,options,call
10,1553073900000,274.0,274.0,272.0,272.05,2025,,11300,weekly,2019-3-28T21:00:00.000,options,call
11,1553073960000,272.35,274.5,272.35,274.5,450,,11300,weekly,2019-3-28T21:00:00.000,options,call
12,1553074020000,271.7,272.65,271.4,272.0,300,,11300,weekly,2019-3-28T21:00:00.000,options,call
13,1553074080000,273.85,273.85,273.0,273.0,150,,11300,weekly,2019-3-28T21:00:00.000,options,call
14,1553074140000,271.0,271.0,271.0,271.0,75,,11300,weekly,2019-3-28T21:00:00.000,options,call
15,1553074200000,272.65,272.65,270.0,270.0,900,,11300,weekly,2019-3-28T21:00:00.000,options,call
16,1553074260000,269.05,270.0,269.05,270.0,1125,,11300,weekly,2019-3-28T21:00:00.000,options,call
17,1553074320000,269.0,269.0,266.0,268.25,375,,11300,weekly,2019-3-28T21:00:00.000,options,call
18,1553074380000,266.95,267.1,265.5,267.1,1275,,11300,weekly,2019-3-28T21:00:00.000,options,call
19,1553074440000,267.5,267.5,265.5,267.05,7275,,11300,weekly,2019-3-28T21:00:00.000,options,call
20,1553074500000,267.85,267.95,266.7,266.7,300,,11300,weekly,2019-3-28T21:00:00.000,options,call
21,1553074560000,265.5,269.95,265.5,269.95,150,,11300,weekly,2019-3-28T21:00:00.000,options,call
22,1553074620000,269.0,270.0,267.5,268.9,1500,,11300,weekly,2019-3-28T21:00:00.000,options,call
23,1553074680000,271.0,271.0,270.5,270.5,375,,11300,weekly,2019-3-28T21:00:00.000,options,call
24,1553074740000,271.0,273.0,271.0,273.0,300,,11300,weekly,2019-3-28T21:00:00.000,options,call
25,1553074800000,274.1,275.0,274.0,275.0,1275,,11300,weekly,2019-3-28T21:00:00.000,options,call
26,1553074860000,277.0,278.0,277.0,277.95,900,,11300,weekly,2019-3-28T21:00:00.000,options,call
27,1553074920000,277.4,277.95,276.0,276.0,1050,,11300,weekly,2019-3-28T21:00:00.000,options,call
28,1553074980000,276.35,281.0,275.9,281.0,2325,,11300,weekly,2019-3-28T21:00:00.000,options,call
29,1553075040000,280.5,281.0,277.95,281.0,2250,,11300,weekly,2019-3-28T21:00:00.000,options,call
30,1553075100000,281.8,284.85,281.8,284.85,1050,,11300,weekly,2019-3-28T21:00:00.000,options,call
31,1553075160000,284.6,284.6,282.5,282.5,225,,11300,weekly,2019-3-28T21:00:00.000,options,call
32,1553075220000,283.0,284.0,282.6,283.0,3225,,11300,weekly,2019-3-28T21:00:00.000,options,call
33,1553075280000,282.5,285.0,282.5,285.0,1200,,11300,weekly,2019-3-28T21:00:00.000,options,call
34,1553075340000,284.5,286.0,284.5,285.55,1050,,11300,weekly,2019-3-28T21:00:00.000,options,call
35,1553075400000,284.0,285.0,284.0,285.0,600,,11300,weekly,2019-3-28T21:00:00.000,options,call
36,1553075460000,285.0,287.05,284.0,286.95,14550,,11300,weekly,2019-3-28T21:00:00.000,options,call
37,1553075520000,287.25,288.9,286.5,288.9,15600,,11300,weekly,2019-3-28T21:00:00.000,options,call
38,1553075580000,288.0,294.1,288.0,293.75,23925,,11300,weekly,2019-3-28T21:00:00.000,options,call
39,1553075640000,293.75,295.5,290.0,290.15,42450,,11300,weekly,2019-3-28T21:00:00.000,options,call
40,1553075700000,290.0,291.0,287.4,291.0,6825,,11300,weekly,2019-3-28T21:00:00.000,options,call
41,1553075760000,290.1,295.0,290.1,294.0,1500,,11300,weekly,2019-3-28T21:00:00.000,options,call
42,1553075820000,293.55,293.6,293.0,293.0,825,,11300,weekly,2019-3-28T21:00:00.000,options,call
43,1553075880000,291.5,292.45,291.0,292.4,8175,,11300,weekly,2019-3-28T21:00:00.000,options,call
44,1553075940000,291.95,291.95,291.05,291.05,525,,11300,weekly,2019-3-28T21:00:00.000,options,call
45,1553076000000,291.5,291.5,287.6,287.6,675,,11300,weekly,2019-3-28T21:00:00.000,options,call
46,1553076060000,286.9,286.9,284.05,284.55,975,,11300,weekly,2019-3-28T21:00:00.000,options,call
47,1553076120000,285.1,286.0,284.55,286.0,1125,,11300,weekly,2019-3-28T21:00:00.000,options,call
48,1553076180000,285.0,285.0,284.75,284.75,450,,11300,weekly,2019-3-28T21:00:00.000,options,call
49,1553076240000,284.75,284.75,283.1,283.65,450,,11300,weekly,2019-3-28T21:00:00.000,options,call
50,1553076300000,281.9,283.15,280.55,283.15,1800,,11300,weekly,2019-3-28T21:00:00.000,options,call
51,1553076360000,282.7,282.7,281.05,281.05,525,,11300,weekly,2019-3-28T21:00:00.000,options,call
52,1553076420000,280.3,280.35,280.0,280.35,1050,,11300,weekly,2019-3-28T21:00:00.000,options,call
53,1553076480000,278.1,278.85,277.45,277.45,2400,,11300,weekly,2019-3-28T21:00:00.000,options,call
54,1553076540000,277.0,277.0,275.0,275.0,375,,11300,weekly,2019-3-28T21:00:00.000,options,call
55,1553076600000,275.25,275.25,275.25,275.25,75,,11300,weekly,2019-3-28T21:00:00.000,options,call
56,1553076660000,279.45,279.45,278.9,278.9,150,,11300,weekly,2019-3-28T21:00:00.000,options,call
57,1553076720000,279.6,279.6,279.6,279.6,75,,11300,weekly,2019-3-28T21:00:00.000,options,call
58,1553076780000,282.95,283.0,282.0,282.0,225,,11300,weekly,2019-3-28T21:00:00.000,options,call
59,1553076840000,280.0,281.75,280.0,281.75,1200,,11300,weekly,2019-3-28T21:00:00.000,options,call
60,1553076900000,282.05,282.4,280.55,282.35,2550,,11300,weekly,2019-3-28T21:00:00.000,options,call
61,1553076960000,283.5,285.15,283.5,285.15,2775,,11300,weekly,2019-3-28T21:00:00.000,options,call
62,1553077020000,284.0,284.6,283.75,284.6,450,,11300,weekly,2019-3-28T21:00:00.000,options,call
63,1553077080000,283.55,285.8,283.55,285.05,1500,,11300,weekly,2019-3-28T21:00:00.000,options,call
64,1553077140000,285.0,286.0,285.0,286.0,600,,11300,weekly,2019-3-28T21:00:00.000,options,call
65,1553077200000,286.5,287.9,286.5,287.9,675,,11300,weekly,2019-3-28T21:00:00.000,options,call
66,1553077260000,285.7,285.7,285.7,285.7,150,,11300,weekly,2019-3-28T21:00:00.000,options,call
67,1553077320000,287.0,287.0,282.9,282.9,525,,11300,weekly,2019-3-28T21:00:00.000,options,call
68,1553077380000,282.45,282.9,282.35,282.9,600,,11300,weekly,2019-3-28T21:00:00.000,options,call
69,1553077440000,285.95,285.95,285.15,285.15,300,,11300,weekly,2019-3-28T21:00:00.000,options,call
70,1553077500000,282.8,282.8,280.0,280.0,975,,11300,weekly,2019-3-28T21:00:00.000,options,call
71,1553077560000,279.25,282.65,278.8,282.15,3750,,11300,weekly,2019-3-28T21:00:00.000,options,call
72,1553077620000,283.95,285.0,283.95,285.0,450,,11300,weekly,2019-3-28T21:00:00.000,options,call
73,1553077680000,284.0,284.0,281.5,281.5,525,,11300,weekly,2019-3-28T21:00:00.000,options,call
74,1553077740000,281.4,285.0,281.4,285.0,1200,,11300,weekly,2019-3-28T21:00:00.000,options,call
75,1553077800000,284.75,284.8,284.75,284.8,600,,11300,weekly,2019-3-28T21:00:00.000,options,call
76,1553077860000,285.25,285.25,285.25,285.25,75,,11300,weekly,2019-3-28T21:00:00.000,options,call
77,1553077920000,285.4,285.45,285.0,285.45,375,,11300,weekly,2019-3-28T21:00:00.000,options,call
78,1553077980000,286.45,288.45,286.45,288.45,825,,11300,weekly,2019-3-28T21:00:00.000,options,call
79,1553078040000,288.45,290.0,288.45,290.0,450,,11300,weekly,2019-3-28T21:00:00.000,options,call
80,1553078100000,290.0,291.0,290.0,291.0,300,,11300,weekly,2019-3-28T21:00:00.000,options,call
81,1553078160000,289.4,289.4,289.4,289.4,75,,11300,weekly,2019-3-28T21:00:00.000,options,call
82,1553078220000,288.0,288.95,288.0,288.0,525,,11300,weekly,2019-3-28T21:00:00.000,options,call
83,1553078280000,286.9,286.9,286.9,286.9,75,,11300,weekly,2019-3-28T21:00:00.000,options,call
84,1553078340000,286.0,286.0,284.0,284.0,675,,11300,weekly,2019-3-28T21:00:00.000,options,call
85,1553078400000,282.5,283.9,282.5,283.9,1050,,11300,weekly,2019-3-28T21:00:00.000,options,call
86,1553078460000,284.5,284.5,284.1,284.1,300,,11300,weekly,2019-3-28T21:00:00.000,options,call
87,1553078580000,283.0,283.0,283.0,283.0,225,,11300,weekly,2019-3-28T21:00:00.000,options,call
88,1553078640000,285.4,285.4,282.95,283.4,525,,11300,weekly,2019-3-28T21:00:00.000,options,call
89,1553078700000,282.3,282.3,282.3,282.3,75,,11300,weekly,2019-3-28T21:00:00.000,options,call
90,1553078760000,284.8,284.8,284.5,284.5,300,,11300,weekly,2019-3-28T21:00:00.000,options,call
91,1553078820000,283.5,283.5,283.2,283.2,525,,11300,weekly,2019-3-28T21:00:00.000,options,call
92,1553078880000,283.15,283.2,283.15,283.2,300,,11300,weekly,2019-3-28T21:00:00.000,options,call
93,1553078940000,283.85,283.85,282.0,282.0,2100,,11300,weekly,2019-3-28T21:00:00.000,options,call
94,1553079000000,281.55,282.6,281.55,282.6,7800,,11300,weekly,2019-3-28T21:00:00.000,options,call
95,1553079060000,282.45,282.95,282.45,282.95,375,,11300,weekly,2019-3-28T21:00:00.000,options,call
96,1553079120000,283.0,284.25,282.45,284.25,450,,11300,weekly,2019-3-28T21:00:00.000,options,call
97,1553079180000,284.0,284.0,283.0,283.0,1350,,11300,weekly,2019-3-28T21:00:00.000,options,call
98,1553079240000,284.4,284.4,284.4,284.4,75,,11300,weekly,2019-3-28T21:00:00.000,options,call
99,1553079300000,286.0,286.5,285.55,285.55,525,,11300,weekly,2019-3-28T21:00:00.000,options,call
100,1553079420000,284.25,287.45,284.25,287.45,1200,,11300,weekly,2019-3-28T21:00:00.000,options,call
101,1553079480000,286.0,286.0,285.4,285.4,375,,11300,weekly,2019-3-28T21:00:00.000,options,call
102,1553079540000,285.0,285.0,283.85,283.85,450,,11300,weekly,2019-3-28T21:00:00.000,options,call
103,1553079600000,284.5,284.5,282.5,282.95,1275,,11300,weekly,2019-3-28T21:00:00.000,options,call
104,1553079660000,282.95,284.25,281.15,284.25,1500,,11300,weekly,2019-3-28T21:00:00.000,options,call
105,1553079720000,284.05,284.05,284.05,284.05,75,,11300,weekly,2019-3-28T21:00:00.000,options,call
106,1553079840000,282.8,284.25,282.8,283.5,1725,,11300,weekly,2019-3-28T21:00:00.000,options,call
107,1553079900000,284.2,285.0,284.2,284.2,2175,,11300,weekly,2019-3-28T21:00:00.000,options,call
108,1553079960000,284.75,286.0,284.65,286.0,3450,,11300,weekly,2019-3-28T21:00:00.000,options,call
109,1553080020000,288.0,288.0,286.5,286.5,1350,,11300,weekly,2019-3-28T21:00:00.000,options,call
110,1553080080000,286.0,286.0,285.95,285.95,150,,11300,weekly,2019-3-28T21:00:00.000,options,call
111,1553080140000,286.05,286.95,286.05,286.95,1650,,11300,weekly,2019-3-28T21:00:00.000,options,call
112,1553080200000,287.4,288.8,287.4,288.45,1650,,11300,weekly,2019-3-28T21:00:00.000,options,call
113,1553080260000,288.0,288.0,287.95,287.95,450,,11300,weekly,2019-3-28T21:00:00.000,options,call
114,1553080320000,289.8,290.05,289.5,290.05,375,,11300,weekly,2019-3-28T21:00:00.000,options,call
115,1553080380000,288.2,288.2,287.45,287.45,825,,11300,weekly,2019-3-28T21:00:00.000,options,call
116,1553080440000,288.8,290.05,288.8,290.05,150,,11300,weekly,2019-3-28T21:00:00.000,options,call
117,1553080500000,287.45,287.45,286.55,286.55,150,,11300,weekly,2019-3-28T21:00:00.000,options,call
118,1553080620000,287.45,287.45,286.75,286.75,225,,11300,weekly,2019-3-28T21:00:00.000,options,call
119,1553080680000,286.0,286.0,286.0,286.0,75,,11300,weekly,2019-3-28T21:00:00.000,options,call
120,1553080800000,285.95,285.95,285.95,285.95,75,,11300,weekly,2019-3-28T21:00:00.000,options,call
121,1553080860000,286.0,286.0,285.0,285.0,1200,,11300,weekly,2019-3-28T21:00:00.000,options,call
122,1553080920000,284.0,284.05,282.5,282.5,675,,11300,weekly,2019-3-28T21:00:00.000,options,call
123,1553080980000,283.25,283.25,283.25,283.25,75,,11300,weekly,2019-3-28T21:00:00.000,options,call
124,1553081040000,285.35,285.35,285.35,285.35,75,,11300,weekly,2019-3-28T21:00:00.000,options,call
125,1553081100000,284.45,284.95,283.95,283.95,300,,11300,weekly,2019-3-28T21:00:00.000,options,call
126,1553081160000,283.95,283.95,283.35,283.35,150,,11300,weekly,2019-3-28T21:00:00.000,options,call
127,1553081340000,283.95,284.0,283.95,284.0,1425,,11300,weekly,2019-3-28T21:00:00.000,options,call
128,1553081400000,284.0,284.0,283.5,283.5,300,,11300,weekly,2019-3-28T21:00:00.000,options,call
129,1553081460000,282.7,282.7,282.7,282.7,300,,11300,weekly,2019-3-28T21:00:00.000,options,call
130,1553081520000,283.2,283.2,283.2,283.2,75,,11300,weekly,2019-3-28T21:00:00.000,options,call
131,1553081640000,283.95,283.95,283.0,283.0,375,,11300,weekly,2019-3-28T21:00:00.000,options,call
132,1553081760000,283.5,283.55,283.5,283.55,225,,11300,weekly,2019-3-28T21:00:00.000,options,call
133,1553081820000,284.0,285.05,284.0,285.05,375,,11300,weekly,2019-3-28T21:00:00.000,options,call
134,1553081880000,284.35,284.35,284.35,284.35,75,,11300,weekly,2019-3-28T21:00:00.000,options,call
135,1553082000000,286.0,287.25,286.0,287.25,225,,11300,weekly,2019-3-28T21:00:00.000,options,call
136,1553082060000,284.75,284.75,283.45,283.45,300,,11300,weekly,2019-3-28T21:00:00.000,options,call
137,1553082120000,283.65,283.65,283.5,283.5,225,,11300,weekly,2019-3-28T21:00:00.000,options,call
138,1553082180000,282.15,282.15,282.15,282.15,75,,11300,weekly,2019-3-28T21:00:00.000,options,call
139,1553082240000,282.95,282.95,282.95,282.95,75,,11300,weekly,2019-3-28T21:00:00.000,options,call
140,1553082300000,283.5,283.5,283.5,283.5,150,,11300,weekly,2019-3-28T21:00:00.000,options,call
141,1553082360000,283.0,283.0,283.0,283.0,75,,11300,weekly,2019-3-28T21:00:00.000,options,call
142,1553082420000,282.0,282.0,282.0,282.0,300,,11300,weekly,2019-3-28T21:00:00.000,options,call
143,1553082480000,281.95,281.95,281.95,281.95,75,,11300,weekly,2019-3-28T21:00:00.000,options,call
144,1553082840000,281.5,283.95,280.95,283.35,1875,,11300,weekly,2019-3-28T21:00:00.000,options,call
145,1553082900000,283.0,285.05,283.0,284.75,975,,11300,weekly,2019-3-28T21:00:00.000,options,call
146,1553082960000,283.85,283.85,282.0,282.05,675,,11300,weekly,2019-3-28T21:00:00.000,options,call
147,1553083020000,281.9,281.9,281.85,281.85,225,,11300,weekly,2019-3-28T21:00:00.000,options,call
148,1553083080000,280.0,281.95,280.0,281.95,900,,11300,weekly,2019-3-28T21:00:00.000,options,call
149,1553083140000,283.55,283.55,279.05,279.05,2025,,11300,weekly,2019-3-28T21:00:00.000,options,call
150,1553083200000,278.8,278.8,276.65,276.65,2250,,11300,weekly,2019-3-28T21:00:00.000,options,call
151,1553083260000,276.65,278.4,276.65,277.75,450,,11300,weekly,2019-3-28T21:00:00.000,options,call
152,1553083320000,276.65,276.65,276.5,276.5,600,,11300,weekly,2019-3-28T21:00:00.000,options,call
153,1553083380000,277.55,277.55,277.55,277.55,75,,11300,weekly,2019-3-28T21:00:00.000,options,call
154,1553083440000,277.45,277.45,275.0,275.0,675,,11300,weekly,2019-3-28T21:00:00.000,options,call
155,1553083500000,275.0,275.0,274.05,274.45,900,,11300,weekly,2019-3-28T21:00:00.000,options,call
156,1553083560000,274.45,274.45,271.3,271.45,1950,,11300,weekly,2019-3-28T21:00:00.000,options,call
157,1553083620000,271.35,272.45,269.6,270.45,3300,,11300,weekly,2019-3-28T21:00:00.000,options,call
158,1553083680000,269.5,271.75,269.45,270.95,825,,11300,weekly,2019-3-28T21:00:00.000,options,call
159,1553083740000,269.95,270.45,269.0,269.85,750,,11300,weekly,2019-3-28T21:00:00.000,options,call
160,1553083800000,269.15,270.95,269.15,270.95,825,,11300,weekly,2019-3-28T21:00:00.000,options,call
161,1553083860000,273.95,273.95,273.55,273.55,300,,11300,weekly,2019-3-28T21:00:00.000,options,call
162,1553083920000,272.15,272.15,272.15,272.15,150,,11300,weekly,2019-3-28T21:00:00.000,options,call
163,1553083980000,273.5,273.5,270.25,270.25,825,,11300,weekly,2019-3-28T21:00:00.000,options,call
164,1553084040000,271.05,271.05,267.15,267.15,1125,,11300,weekly,2019-3-28T21:00:00.000,options,call
165,1553084100000,267.55,267.55,265.0,265.0,1200,,11300,weekly,2019-3-28T21:00:00.000,options,call
166,1553084160000,264.95,266.5,264.05,266.0,750,,11300,weekly,2019-3-28T21:00:00.000,options,call
167,1553084220000,265.05,265.05,265.05,265.05,150,,11300,weekly,2019-3-28T21:00:00.000,options,call
168,1553084280000,267.25,269.0,267.25,269.0,5475,,11300,weekly,2019-3-28T21:00:00.000,options,call
169,1553084340000,270.0,271.95,269.5,270.0,2925,,11300,weekly,2019-3-28T21:00:00.000,options,call
170,1553084400000,269.75,269.75,269.7,269.7,975,,11300,weekly,2019-3-28T21:00:00.000,options,call
171,1553084460000,269.0,269.0,267.0,267.1,900,,11300,weekly,2019-3-28T21:00:00.000,options,call
172,1553084520000,267.1,267.1,264.4,264.4,1200,,11300,weekly,2019-3-28T21:00:00.000,options,call
173,1553084580000,265.95,265.95,260.25,261.25,2400,,11300,weekly,2019-3-28T21:00:00.000,options,call
174,1553084640000,260.0,261.95,259.0,260.55,3150,,11300,weekly,2019-3-28T21:00:00.000,options,call
175,1553084700000,260.55,262.95,259.5,262.95,1200,,11300,weekly,2019-3-28T21:00:00.000,options,call
176,1553084760000,262.95,263.45,262.0,262.0,1650,,11300,weekly,2019-3-28T21:00:00.000,options,call
177,1553084820000,262.0,262.85,260.0,260.0,1350,,11300,weekly,2019-3-28T21:00:00.000,options,call
178,1553084880000,258.55,259.8,254.3,258.95,3975,,11300,weekly,2019-3-28T21:00:00.000,options,call
179,1553084940000,258.55,261.45,257.15,261.45,3600,,11300,weekly,2019-3-28T21:00:00.000,options,call
180,1553085000000,262.35,264.95,262.35,264.95,4350,,11300,weekly,2019-3-28T21:00:00.000,options,call
181,1553085060000,266.0,266.0,264.3,265.0,4725,,11300,weekly,2019-3-28T21:00:00.000,options,call
182,1553085120000,264.0,267.0,264.0,267.0,225,,11300,weekly,2019-3-28T21:00:00.000,options,call
183,1553085180000,265.95,266.45,265.0,265.0,600,,11300,weekly,2019-3-28T21:00:00.000,options,call
184,1553085240000,266.4,266.5,265.1,265.1,450,,11300,weekly,2019-3-28T21:00:00.000,options,call
185,1553085300000,266.75,266.75,265.45,265.45,300,,11300,weekly,2019-3-28T21:00:00.000,options,call
186,1553085360000,264.0,266.35,264.0,266.35,600,,11300,weekly,2019-3-28T21:00:00.000,options,call
187,1553085420000,266.25,268.5,266.25,267.15,1275,,11300,weekly,2019-3-28T21:00:00.000,options,call
188,1553085480000,267.05,269.95,267.05,269.0,675,,11300,weekly,2019-3-28T21:00:00.000,options,call
189,1553085540000,270.45,270.75,269.85,269.95,1575,,11300,weekly,2019-3-28T21:00:00.000,options,call
190,1553085600000,269.85,269.85,269.45,269.45,375,,11300,weekly,2019-3-28T21:00:00.000,options,call
191,1553085660000,267.6,267.6,265.05,267.0,2175,,11300,weekly,2019-3-28T21:00:00.000,options,call
192,1553085780000,266.05,266.05,265.0,265.6,600,,11300,weekly,2019-3-28T21:00:00.000,options,call
193,1553085840000,266.0,266.0,265.0,265.0,3525,,11300,weekly,2019-3-28T21:00:00.000,options,call
194,1553085900000,265.55,265.55,265.55,265.55,150,,11300,weekly,2019-3-28T21:00:00.000,options,call
195,1553085960000,265.95,266.6,265.95,266.45,600,,11300,weekly,2019-3-28T21:00:00.000,options,call
196,1553086080000,270.0,270.9,270.0,270.9,3450,,11300,weekly,2019-3-28T21:00:00.000,options,call
197,1553086140000,271.45,273.45,271.45,272.4,4650,,11300,weekly,2019-3-28T21:00:00.000,options,call
198,1553086200000,274.0,275.8,273.9,275.0,1125,,11300,weekly,2019-3-28T21:00:00.000,options,call
199,1553086260000,276.0,276.0,276.0,276.0,225,,11300,weekly,2019-3-28T21:00:00.000,options,call
200,1553086320000,276.95,277.5,276.95,277.5,225,,11300,weekly,2019-3-28T21:00:00.000,options,call
201,1553086380000,275.9,275.9,273.95,274.45,1200,,11300,weekly,2019-3-28T21:00:00.000,options,call
202,1553086440000,274.95,275.5,273.55,273.55,450,,11300,weekly,2019-3-28T21:00:00.000,options,call
203,1553086500000,274.0,274.0,274.0,274.0,75,,11300,weekly,2019-3-28T21:00:00.000,options,call
204,1553086560000,272.5,272.5,271.35,272.0,1200,,11300,weekly,2019-3-28T21:00:00.000,options,call
205,1553086620000,271.5,272.0,270.1,272.0,675,,11300,weekly,2019-3-28T21:00:00.000,options,call
206,1553086680000,274.3,274.3,272.3,272.3,225,,11300,weekly,2019-3-28T21:00:00.000,options,call
207,1553086740000,272.45,272.45,272.45,272.45,150,,11300,weekly,2019-3-28T21:00:00.000,options,call
208,1553086860000,272.45,272.45,272.45,272.45,75,,11300,weekly,2019-3-28T21:00:00.000,options,call
209,1553086920000,274.0,274.4,274.0,274.0,2325,,11300,weekly,2019-3-28T21:00:00.000,options,call
210,1553086980000,274.85,274.85,272.4,272.4,825,,11300,weekly,2019-3-28T21:00:00.000,options,call
211,1553087040000,272.45,273.5,271.5,273.5,1200,,11300,weekly,2019-3-28T21:00:00.000,options,call
212,1553087100000,273.45,275.2,273.45,275.2,675,,11300,weekly,2019-3-28T21:00:00.000,options,call
213,1553087160000,275.35,275.35,273.0,273.0,300,,11300,weekly,2019-3-28T21:00:00.000,options,call
214,1553087220000,273.0,273.0,272.5,272.5,975,,11300,weekly,2019-3-28T21:00:00.000,options,call
215,1553087280000,275.0,275.0,274.0,274.0,525,,11300,weekly,2019-3-28T21:00:00.000,options,call
216,1553087340000,274.0,274.0,273.85,273.85,2325,,11300,weekly,2019-3-28T21:00:00.000,options,call
217,1553087400000,275.2,275.2,271.8,271.8,2400,,11300,weekly,2019-3-28T21:00:00.000,options,call
218,1553087460000,273.25,274.95,273.25,274.65,225,,11300,weekly,2019-3-28T21:00:00.000,options,call
219,1553087520000,273.45,273.5,273.45,273.5,375,,11300,weekly,2019-3-28T21:00:00.000,options,call
220,1553087580000,275.15,275.15,274.35,274.35,525,,11300,weekly,2019-3-28T21:00:00.000,options,call
221,1553087640000,274.9,274.9,271.1,271.35,1125,,11300,weekly,2019-3-28T21:00:00.000,options,call
222,1553087700000,272.0,273.0,271.8,271.8,675,,11300,weekly,2019-3-28T21:00:00.000,options,call
223,1553087760000,270.9,270.9,269.9,269.9,675,,11300,weekly,2019-3-28T21:00:00.000,options,call
224,1553087820000,269.0,269.0,268.1,268.1,150,,11300,weekly,2019-3-28T21:00:00.000,options,call
225,1553087880000,268.0,268.0,267.95,267.95,1200,,11300,weekly,2019-3-28T21:00:00.000,options,call
226,1553087940000,268.0,268.45,268.0,268.45,225,,11300,weekly,2019-3-28T21:00:00.000,options,call
227,1553088000000,268.95,271.9,268.95,271.9,600,,11300,weekly,2019-3-28T21:00:00.000,options,call
228,1553088060000,272.55,272.75,272.55,272.75,150,,11300,weekly,2019-3-28T21:00:00.000,options,call
229,1553088240000,277.0,277.0,277.0,277.0,450,,11300,weekly,2019-3-28T21:00:00.000,options,call
230,1553088300000,276.25,276.25,276.25,276.25,375,,11300,weekly,2019-3-28T21:00:00.000,options,call
231,1553088360000,275.05,275.05,275.05,275.05,300,,11300,weekly,2019-3-28T21:00:00.000,options,call
232,1553088420000,275.0,275.0,275.0,275.0,75,,11300,weekly,2019-3-28T21:00:00.000,options,call
233,1553088540000,272.4,272.4,272.4,272.4,225,,11300,weekly,2019-3-28T21:00:00.000,options,call
234,1553088600000,272.0,274.05,272.0,274.05,1275,,11300,weekly,2019-3-28T21:00:00.000,options,call
235,1553088660000,271.25,271.25,271.25,271.25,675,,11300,weekly,2019-3-28T21:00:00.000,options,call
236,1553088720000,270.5,270.5,270.5,270.5,675,,11300,weekly,2019-3-28T21:00:00.000,options,call
237,1553088780000,270.5,272.1,270.5,272.1,450,,11300,weekly,2019-3-28T21:00:00.000,options,call
238,1553088840000,271.5,272.0,271.5,272.0,150,,11300,weekly,2019-3-28T21:00:00.000,options,call
239,1553088900000,270.5,271.0,270.15,270.5,600,,11300,weekly,2019-3-28T21:00:00.000,options,call
240,1553088960000,270.4,270.4,268.55,269.45,1425,,11300,weekly,2019-3-28T21:00:00.000,options,call
241,1553089020000,269.5,270.3,268.5,269.9,1950,,11300,weekly,2019-3-28T21:00:00.000,options,call
242,1553089080000,269.45,269.9,269.1,269.5,1725,,11300,weekly,2019-3-28T21:00:00.000,options,call
243,1553089140000,268.6,269.75,268.6,269.75,375,,11300,weekly,2019-3-28T21:00:00.000,options,call
244,1553089200000,268.95,268.95,264.95,265.0,1875,,11300,weekly,2019-3-28T21:00:00.000,options,call
245,1553089260000,263.15,265.05,262.0,263.6,3225,,11300,weekly,2019-3-28T21:00:00.000,options,call
246,1553089320000,265.45,266.5,264.5,266.5,1425,,11300,weekly,2019-3-28T21:00:00.000,options,call
247,1553089380000,266.55,268.5,266.0,268.5,375,,11300,weekly,2019-3-28T21:00:00.000,options,call
248,1553089440000,267.45,267.45,267.45,267.45,675,,11300,weekly,2019-3-28T21:00:00.000,options,call
249,1553089500000,268.4,270.2,268.0,269.5,2625,,11300,weekly,2019-3-28T21:00:00.000,options,call
250,1553089560000,270.5,272.0,269.0,272.0,525,,11300,weekly,2019-3-28T21:00:00.000,options,call
251,1553089620000,272.0,275.2,272.0,274.5,1050,,11300,weekly,2019-3-28T21:00:00.000,options,call
252,1553089680000,274.6,274.6,272.5,272.95,600,,11300,weekly,2019-3-28T21:00:00.000,options,call
253,1553089740000,272.95,274.4,272.95,274.4,600,,11300,weekly,2019-3-28T21:00:00.000,options,call
254,1553089800000,273.5,274.5,273.5,274.5,600,,11300,weekly,2019-3-28T21:00:00.000,options,call
255,1553089860000,273.5,274.55,273.5,274.55,600,,11300,weekly,2019-3-28T21:00:00.000,options,call
256,1553089920000,274.05,274.5,274.0,274.5,525,,11300,weekly,2019-3-28T21:00:00.000,options,call
257,1553089980000,274.45,274.95,274.45,274.95,225,,11300,weekly,2019-3-28T21:00:00.000,options,call
258,1553090040000,274.05,275.0,274.05,275.0,225,,11300,weekly,2019-3-28T21:00:00.000,options,call
259,1553090100000,274.95,274.95,273.1,273.1,225,,11300,weekly,2019-3-28T21:00:00.000,options,call
260,1553090160000,271.85,271.85,271.85,271.85,75,,11300,weekly,2019-3-28T21:00:00.000,options,call
261,1553090220000,273.5,274.5,272.5,272.5,675,,11300,weekly,2019-3-28T21:00:00.000,options,call
262,1553090280000,276.0,277.55,276.0,277.4,2250,,11300,weekly,2019-3-28T21:00:00.000,options,call
263,1553090340000,281.0,282.0,280.1,282.0,1125,,11300,weekly,2019-3-28T21:00:00.000,options,call
264,1553090400000,282.95,285.0,282.5,285.0,3150,,11300,weekly,2019-3-28T21:00:00.000,options,call
265,1553090460000,285.85,285.85,275.5,276.5,3750,,11300,weekly,2019-3-28T21:00:00.000,options,call
266,1553090520000,276.85,277.0,274.95,275.45,3075,,11300,weekly,2019-3-28T21:00:00.000,options,call
267,1553090580000,273.95,278.95,269.15,271.5,5775,,11300,weekly,2019-3-28T21:00:00.000,options,call
268,1553090640000,274.5,274.5,273.05,273.1,1050,,11300,weekly,2019-3-28T21:00:00.000,options,call
269,1553090700000,276.5,276.5,274.5,274.5,525,,11300,weekly,2019-3-28T21:00:00.000,options,call
270,1553090760000,273.65,275.8,273.65,275.8,825,,11300,weekly,2019-3-28T21:00:00.000,options,call
271,1553090820000,272.65,274.4,272.65,274.4,225,,11300,weekly,2019-3-28T21:00:00.000,options,call
272,1553090880000,274.9,275.25,274.45,274.45,525,,11300,weekly,2019-3-28T21:00:00.000,options,call
273,1553090940000,277.0,278.3,277.0,278.3,525,,11300,weekly,2019-3-28T21:00:00.000,options,call
274,1553091000000,276.6,278.5,276.6,278.5,1200,,11300,weekly,2019-3-28T21:00:00.000,options,call
275,1553091060000,279.1,282.5,279.1,282.0,1725,,11300,weekly,2019-3-28T21:00:00.000,options,call
276,1553091120000,284.35,284.35,282.6,282.6,975,,11300,weekly,2019-3-28T21:00:00.000,options,call
277,1553091180000,281.8,282.15,280.95,281.45,1650,,11300,weekly,2019-3-28T21:00:00.000,options,call
278,1553091240000,280.15,281.5,280.15,281.5,525,,11300,weekly,2019-3-28T21:00:00.000,options,call
279,1553091300000,281.45,281.45,281.0,281.0,225,,11300,weekly,2019-3-28T21:00:00.000,options,call
280,1553091360000,283.3,285.0,283.3,285.0,150,,11300,weekly,2019-3-28T21:00:00.000,options,call
281,1553091420000,281.0,281.0,281.0,281.0,150,,11300,weekly,2019-3-28T21:00:00.000,options,call
282,1553091480000,282.05,283.55,282.05,283.55,150,,11300,weekly,2019-3-28T21:00:00.000,options,call
283,1553091540000,278.9,280.5,278.9,280.5,525,,11300,weekly,2019-3-28T21:00:00.000,options,call
284,1553091600000,280.9,280.9,279.05,279.05,375,,11300,weekly,2019-3-28T21:00:00.000,options,call
285,1553091660000,281.0,281.0,280.1,280.1,300,,11300,weekly,2019-3-28T21:00:00.000,options,call
286,1553091720000,281.4,282.2,281.0,281.85,525,,11300,weekly,2019-3-28T21:00:00.000,options,call
287,1553091780000,281.85,281.85,281.5,281.5,150,,11300,weekly,2019-3-28T21:00:00.000,options,call
288,1553091840000,282.0,282.0,280.5,280.5,150,,11300,weekly,2019-3-28T21:00:00.000,options,call
289,1553091900000,281.0,282.0,281.0,282.0,150,,11300,weekly,2019-3-28T21:00:00.000,options,call
290,1553091960000,279.0,279.0,274.2,276.4,675,,11300,weekly,2019-3-28T21:00:00.000,options,call
291,1553092020000,278.35,278.35,275.15,275.15,375,,11300,weekly,2019-3-28T21:00:00.000,options,call
292,1553092080000,275.6,275.6,275.6,275.6,75,,11300,weekly,2019-3-28T21:00:00.000,options,call
293,1553092140000,273.5,273.5,273.5,273.5,150,,11300,weekly,2019-3-28T21:00:00.000,options,call
294,1553092200000,276.25,278.4,276.25,278.0,1950,,11300,weekly,2019-3-28T21:00:00.000,options,call
295,1553092260000,279.3,279.3,277.55,277.55,225,,11300,weekly,2019-3-28T21:00:00.000,options,call
296,1553092320000,279.9,279.9,279.9,279.9,750,,11300,weekly,2019-3-28T21:00:00.000,options,call
297,1553092440000,277.0,277.0,274.0,274.0,825,,11300,weekly,2019-3-28T21:00:00.000,options,call
298,1553092500000,274.5,275.0,273.45,275.0,600,,11300,weekly,2019-3-28T21:00:00.000,options,call
299,1553092560000,274.0,274.0,273.0,273.0,300,,11300,weekly,2019-3-28T21:00:00.000,options,call
300,1553092620000,272.45,272.45,268.65,270.95,675,,11300,weekly,2019-3-28T21:00:00.000,options,call
301,1553092680000,269.5,269.5,268.65,268.8,3375,,11300,weekly,2019-3-28T21:00:00.000,options,call
302,1553092740000,269.55,273.05,269.55,273.05,900,,11300,weekly,2019-3-28T21:00:00.000,options,call
303,1553092800000,273.0,273.0,272.1,272.5,1200,,11300,weekly,2019-3-28T21:00:00.000,options,call
304,1553092860000,272.05,272.05,271.95,271.95,2250,,11300,weekly,2019-3-28T21:00:00.000,options,call
305,1553092920000,271.65,271.65,268.1,270.95,3750,,11300,weekly,2019-3-28T21:00:00.000,options,call
306,1553092980000,269.55,270.0,267.35,267.35,3825,,11300,weekly,2019-3-28T21:00:00.000,options,call
307,1553093040000,267.8,269.95,266.45,269.95,975,,11300,weekly,2019-3-28T21:00:00.000,options,call
308,1553093100000,270.0,273.8,270.0,273.75,1725,,11300,weekly,2019-3-28T21:00:00.000,options,call
309,1553093160000,273.8,274.5,273.05,274.5,4650,,11300,weekly,2019-3-28T21:00:00.000,options,call
310,1553093220000,275.8,276.0,274.5,274.5,525,,11300,weekly,2019-3-28T21:00:00.000,options,call
311,1553093280000,273.0,273.1,271.45,273.0,750,,11300,weekly,2019-3-28T21:00:00.000,options,call
312,1553093340000,273.0,274.45,273.0,273.5,2100,,11300,weekly,2019-3-28T21:00:00.000,options,call
313,1553093460000,273.95,273.95,273.95,273.95,825,,11300,weekly,2019-3-28T21:00:00.000,options,call
314,1553093520000,273.0,273.05,271.55,271.55,1575,,11300,weekly,2019-3-28T21:00:00.000,options,call
315,1553093580000,272.35,273.0,270.0,270.0,2025,,11300,weekly,2019-3-28T21:00:00.000,options,call
316,1553093640000,271.0,271.0,268.5,268.5,1575,,11300,weekly,2019-3-28T21:00:00.000,options,call
317,1553093700000,269.0,272.95,269.0,272.95,4575,,11300,weekly,2019-3-28T21:00:00.000,options,call
318,1553093760000,272.45,272.45,270.55,272.0,1425,,11300,weekly,2019-3-28T21:00:00.000,options,call
319,1553093820000,269.65,271.0,269.65,271.0,600,,11300,weekly,2019-3-28T21:00:00.000,options,call
320,1553093880000,270.0,271.65,270.0,271.65,225,,11300,weekly,2019-3-28T21:00:00.000,options,call
321,1553093940000,271.5,273.65,271.5,273.0,300,,11300,weekly,2019-3-28T21:00:00.000,options,call
322,1553094000000,272.2,272.5,271.5,271.5,2025,,11300,weekly,2019-3-28T21:00:00.000,options,call
323,1553094060000,272.05,277.5,272.05,277.05,2025,,11300,weekly,2019-3-28T21:00:00.000,options,call
324,1553094120000,278.95,278.95,275.55,276.95,2250,,11300,weekly,2019-3-28T21:00:00.000,options,call
325,1553094180000,277.5,278.5,277.0,277.35,450,,11300,weekly,2019-3-28T21:00:00.000,options,call
326,1553094240000,277.5,277.5,277.5,277.5,150,,11300,weekly,2019-3-28T21:00:00.000,options,call
327,1553094300000,276.65,276.65,273.9,273.9,450,,11300,weekly,2019-3-28T21:00:00.000,options,call
328,1553094360000,270.85,270.85,270.0,270.0,450,,11300,weekly,2019-3-28T21:00:00.000,options,call
329,1553094420000,270.4,270.4,269.0,269.0,450,,11300,weekly,2019-3-28T21:00:00.000,options,call
330,1553094480000,267.05,267.05,267.05,267.05,75,,11300,weekly,2019-3-28T21:00:00.000,options,call
331,1553094600000,271.3,271.3,268.5,268.5,2325,,11300,weekly,2019-3-28T21:00:00.000,options,call
332,1553094660000,268.55,269.15,268.05,268.45,1875,,11300,weekly,2019-3-28T21:00:00.000,options,call
333,1553094720000,268.5,270.0,268.0,268.65,2100,,11300,weekly,2019-3-28T21:00:00.000,options,call
334,1553094780000,267.3,267.3,265.0,265.0,600,,11300,weekly,2019-3-28T21:00:00.000,options,call
335,1553094840000,263.0,265.45,263.0,265.0,1275,,11300,weekly,2019-3-28T21:00:00.000,options,call
336,1553094900000,267.2,267.2,266.45,266.5,2625,,11300,weekly,2019-3-28T21:00:00.000,options,call
337,1553094960000,267.0,267.9,265.0,265.75,1800,,11300,weekly,2019-3-28T21:00:00.000,options,call
338,1553095020000,266.05,268.5,266.05,268.5,975,,11300,weekly,2019-3-28T21:00:00.000,options,call
339,1553095080000,269.4,269.4,266.85,267.5,1500,,11300,weekly,2019-3-28T21:00:00.000,options,call
340,1553095140000,267.5,267.5,265.6,266.05,1875,,11300,weekly,2019-3-28T21:00:00.000,options,call
341,1553095200000,267.5,267.5,265.5,265.5,900,,11300,weekly,2019-3-28T21:00:00.000,options,call
342,1553095260000,268.9,268.9,266.55,266.55,2700,,11300,weekly,2019-3-28T21:00:00.000,options,call
343,1553095320000,266.25,267.5,266.0,266.25,3600,,11300,weekly,2019-3-28T21:00:00.000,options,call
344,1553095380000,266.25,267.5,265.8,266.0,2550,,11300,weekly,2019-3-28T21:00:00.000,options,call
345,1553095440000,266.1,267.0,265.1,266.5,3000,,11300,weekly,2019-3-28T21:00:00.000,options,call
346,1553095500000,267.65,268.35,267.05,268.35,2250,,11300,weekly,2019-3-28T21:00:00.000,options,call
347,1553095560000,268.45,268.5,268.0,268.5,825,,11300,weekly,2019-3-28T21:00:00.000,options,call
348,1553095620000,268.95,270.05,268.95,270.0,4575,,11300,weekly,2019-3-28T21:00:00.000,options,call
349,1553095680000,268.0,271.85,268.0,271.0,5775,,11300,weekly,2019-3-28T21:00:00.000,options,call
350,1553095740000,271.05,271.85,269.95,270.0,900,,11300,weekly,2019-3-28T21:00:00.000,options,call
351,1553095800000,271.05,271.85,269.15,269.15,0,,11300,weekly,2019-3-28T21:00:00.000,options,call
