,timestamp,open,high,low,close,volume,open_interest,strike,expiry_type,expiry,instrument,contract_type
0,1560915840000,126.8,130.0,125.75,127.0,780,,30100,weekly,2019-6-27T21:00:00.000,options,put
1,1560915900000,127.0,132.05,124.2,124.55,1880,,30100,weekly,2019-6-27T21:00:00.000,options,put
2,1560915960000,122.3,122.3,115.95,120.2,1120,,30100,weekly,2019-6-27T21:00:00.000,options,put
3,1560916020000,119.0,120.5,115.3,120.45,1500,,30100,weekly,2019-6-27T21:00:00.000,options,put
4,1560916080000,121.1,125.35,121.1,122.6,320,,30100,weekly,2019-6-27T21:00:00.000,options,put
5,1560916140000,120.75,120.75,112.8,113.65,1020,,30100,weekly,2019-6-27T21:00:00.000,options,put
6,1560916200000,113.15,118.0,113.15,117.2,1380,,30100,weekly,2019-6-27T21:00:00.000,options,put
7,1560916260000,116.35,117.65,114.85,114.85,380,,30100,weekly,2019-6-27T21:00:00.000,options,put
8,1560916320000,115.45,115.75,115.0,115.7,200,,30100,weekly,2019-6-27T21:00:00.000,options,put
9,1560916380000,116.85,116.85,113.2,113.25,860,,30100,weekly,2019-6-27T21:00:00.000,options,put
10,1560916440000,115.2,116.8,113.65,116.55,220,,30100,weekly,2019-6-27T21:00:00.000,options,put
11,1560916500000,116.55,117.35,113.95,117.3,200,,30100,weekly,2019-6-27T21:00:00.000,options,put
12,1560916560000,117.3,117.3,112.8,113.15,640,,30100,weekly,2019-6-27T21:00:00.000,options,put
13,1560916620000,110.35,112.35,109.6,109.6,860,,30100,weekly,2019-6-27T21:00:00.000,options,put
14,1560916680000,108.1,109.0,103.75,104.65,1100,,30100,weekly,2019-6-27T21:00:00.000,options,put
15,1560916740000,104.55,107.05,101.4,102.3,1340,,30100,weekly,2019-6-27T21:00:00.000,options,put
16,1560916800000,102.5,103.0,101.1,103.0,940,,30100,weekly,2019-6-27T21:00:00.000,options,put
17,1560916860000,104.1,105.35,104.1,104.15,1380,,30100,weekly,2019-6-27T21:00:00.000,options,put
18,1560916920000,105.0,105.0,103.85,104.9,340,,30100,weekly,2019-6-27T21:00:00.000,options,put
19,1560916980000,104.25,107.0,104.25,105.65,580,,30100,weekly,2019-6-27T21:00:00.000,options,put
20,1560917040000,105.8,105.8,103.05,103.05,520,,30100,weekly,2019-6-27T21:00:00.000,options,put
21,1560917100000,103.25,104.3,103.0,103.0,220,,30100,weekly,2019-6-27T21:00:00.000,options,put
22,1560917160000,102.75,107.0,102.75,107.0,340,,30100,weekly,2019-6-27T21:00:00.000,options,put
23,1560917220000,106.0,107.65,106.0,107.65,40,,30100,weekly,2019-6-27T21:00:00.000,options,put
24,1560917280000,108.65,108.95,105.85,105.85,740,,30100,weekly,2019-6-27T21:00:00.000,options,put
25,1560917340000,105.85,106.8,105.85,106.75,300,,30100,weekly,2019-6-27T21:00:00.000,options,put
26,1560917400000,107.85,110.95,107.85,109.3,460,,30100,weekly,2019-6-27T21:00:00.000,options,put
27,1560917460000,109.65,112.75,109.65,112.75,200,,30100,weekly,2019-6-27T21:00:00.000,options,put
28,1560917520000,112.25,112.25,110.45,111.7,620,,30100,weekly,2019-6-27T21:00:00.000,options,put
29,1560917580000,111.7,117.45,111.7,112.5,780,,30100,weekly,2019-6-27T21:00:00.000,options,put
30,1560917640000,112.25,113.3,111.15,111.15,400,,30100,weekly,2019-6-27T21:00:00.000,options,put
31,1560917700000,109.95,114.15,109.95,114.15,2480,,30100,weekly,2019-6-27T21:00:00.000,options,put
32,1560917760000,114.15,114.95,113.15,114.35,520,,30100,weekly,2019-6-27T21:00:00.000,options,put
33,1560917820000,114.35,117.2,112.85,115.9,440,,30100,weekly,2019-6-27T21:00:00.000,options,put
34,1560917880000,115.9,115.9,115.1,115.1,140,,30100,weekly,2019-6-27T21:00:00.000,options,put
35,1560917940000,117.0,117.0,113.9,113.9,420,,30100,weekly,2019-6-27T21:00:00.000,options,put
36,1560918000000,109.9,110.45,109.9,110.45,280,,30100,weekly,2019-6-27T21:00:00.000,options,put
37,1560918060000,111.45,111.45,111.45,111.45,40,,30100,weekly,2019-6-27T21:00:00.000,options,put
38,1560918120000,112.8,114.1,112.8,114.1,120,,30100,weekly,2019-6-27T21:00:00.000,options,put
39,1560918180000,114.1,114.1,112.15,112.15,520,,30100,weekly,2019-6-27T21:00:00.000,options,put
40,1560918240000,111.85,113.55,111.85,113.45,220,,30100,weekly,2019-6-27T21:00:00.000,options,put
41,1560918300000,113.45,117.75,113.45,113.75,440,,30100,weekly,2019-6-27T21:00:00.000,options,put
42,1560918360000,113.05,113.55,113.05,113.2,100,,30100,weekly,2019-6-27T21:00:00.000,options,put
43,1560918420000,112.5,114.4,112.5,114.4,220,,30100,weekly,2019-6-27T21:00:00.000,options,put
44,1560918480000,113.8,115.15,113.8,115.15,140,,30100,weekly,2019-6-27T21:00:00.000,options,put
45,1560918540000,115.9,115.9,111.2,112.3,320,,30100,weekly,2019-6-27T21:00:00.000,options,put
46,1560918600000,114.05,114.25,113.6,113.8,240,,30100,weekly,2019-6-27T21:00:00.000,options,put
47,1560918660000,114.95,114.95,113.85,113.85,60,,30100,weekly,2019-6-27T21:00:00.000,options,put
48,1560918720000,112.45,112.45,112.45,112.45,20,,30100,weekly,2019-6-27T21:00:00.000,options,put
49,1560918780000,110.55,110.55,110.55,110.55,20,,30100,weekly,2019-6-27T21:00:00.000,options,put
50,1560918840000,105.85,105.85,104.5,104.5,240,,30100,weekly,2019-6-27T21:00:00.000,options,put
51,1560918900000,105.15,106.45,105.15,106.2,80,,30100,weekly,2019-6-27T21:00:00.000,options,put
52,1560919020000,105.8,107.6,105.75,107.6,220,,30100,weekly,2019-6-27T21:00:00.000,options,put
53,1560919080000,107.25,108.95,107.25,108.95,100,,30100,weekly,2019-6-27T21:00:00.000,options,put
54,1560919140000,109.15,109.95,109.15,109.95,60,,30100,weekly,2019-6-27T21:00:00.000,options,put
55,1560919200000,108.4,108.4,108.2,108.25,80,,30100,weekly,2019-6-27T21:00:00.000,options,put
56,1560919260000,108.0,110.0,108.0,110.0,2240,,30100,weekly,2019-6-27T21:00:00.000,options,put
57,1560919380000,108.3,108.3,107.85,107.85,140,,30100,weekly,2019-6-27T21:00:00.000,options,put
58,1560919440000,107.2,108.5,106.35,108.5,180,,30100,weekly,2019-6-27T21:00:00.000,options,put
59,1560919500000,108.05,109.65,106.55,108.85,340,,30100,weekly,2019-6-27T21:00:00.000,options,put
60,1560919560000,108.45,110.0,107.05,110.0,300,,30100,weekly,2019-6-27T21:00:00.000,options,put
61,1560919620000,109.45,109.45,107.3,107.3,140,,30100,weekly,2019-6-27T21:00:00.000,options,put
62,1560919680000,107.95,109.5,107.95,108.2,120,,30100,weekly,2019-6-27T21:00:00.000,options,put
63,1560919740000,108.1,110.0,108.1,110.0,120,,30100,weekly,2019-6-27T21:00:00.000,options,put
64,1560919800000,111.05,112.4,110.75,112.4,160,,30100,weekly,2019-6-27T21:00:00.000,options,put
65,1560919860000,112.8,113.45,109.65,113.45,340,,30100,weekly,2019-6-27T21:00:00.000,options,put
66,1560919920000,114.5,114.5,112.45,112.95,120,,30100,weekly,2019-6-27T21:00:00.000,options,put
67,1560919980000,114.65,115.15,114.35,115.15,120,,30100,weekly,2019-6-27T21:00:00.000,options,put
68,1560920040000,116.45,116.95,115.2,115.2,220,,30100,weekly,2019-6-27T21:00:00.000,options,put
69,1560920160000,115.8,115.8,113.7,113.7,120,,30100,weekly,2019-6-27T21:00:00.000,options,put
70,1560920280000,112.0,112.0,112.0,112.0,520,,30100,weekly,2019-6-27T21:00:00.000,options,put
71,1560920340000,113.0,113.0,113.0,113.0,200,,30100,weekly,2019-6-27T21:00:00.000,options,put
72,1560920400000,111.25,111.25,110.0,110.5,460,,30100,weekly,2019-6-27T21:00:00.000,options,put
73,1560920460000,111.0,112.0,111.0,112.0,120,,30100,weekly,2019-6-27T21:00:00.000,options,put
74,1560920520000,113.85,113.85,113.85,113.85,20,,30100,weekly,2019-6-27T21:00:00.000,options,put
75,1560920580000,113.15,113.15,113.15,113.15,60,,30100,weekly,2019-6-27T21:00:00.000,options,put
76,1560920640000,112.05,113.95,112.05,113.95,160,,30100,weekly,2019-6-27T21:00:00.000,options,put
77,1560920700000,114.25,114.25,113.0,113.0,160,,30100,weekly,2019-6-27T21:00:00.000,options,put
78,1560920760000,112.0,112.0,112.0,112.0,860,,30100,weekly,2019-6-27T21:00:00.000,options,put
79,1560920820000,112.3,112.3,108.7,110.05,540,,30100,weekly,2019-6-27T21:00:00.000,options,put
80,1560920880000,109.3,109.55,108.0,108.4,300,,30100,weekly,2019-6-27T21:00:00.000,options,put
81,1560920940000,108.0,108.15,108.0,108.15,60,,30100,weekly,2019-6-27T21:00:00.000,options,put
82,1560921000000,109.15,109.15,107.8,108.0,180,,30100,weekly,2019-6-27T21:00:00.000,options,put
83,1560921060000,109.0,109.0,108.0,108.0,1040,,30100,weekly,2019-6-27T21:00:00.000,options,put
84,1560921120000,108.05,111.1,108.05,111.1,120,,30100,weekly,2019-6-27T21:00:00.000,options,put
85,1560921180000,109.75,109.85,109.75,109.85,60,,30100,weekly,2019-6-27T21:00:00.000,options,put
86,1560921240000,111.3,111.3,110.5,110.5,240,,30100,weekly,2019-6-27T21:00:00.000,options,put
87,1560921300000,110.5,110.6,110.5,110.5,160,,30100,weekly,2019-6-27T21:00:00.000,options,put
88,1560921420000,110.0,110.45,109.45,110.45,2540,,30100,weekly,2019-6-27T21:00:00.000,options,put
89,1560921540000,110.35,110.35,110.35,110.35,80,,30100,weekly,2019-6-27T21:00:00.000,options,put
90,1560921600000,110.0,110.0,110.0,110.0,40,,30100,weekly,2019-6-27T21:00:00.000,options,put
91,1560921660000,109.9,109.9,109.9,109.9,20,,30100,weekly,2019-6-27T21:00:00.000,options,put
92,1560921780000,108.9,109.1,108.9,109.1,80,,30100,weekly,2019-6-27T21:00:00.000,options,put
93,1560921840000,109.0,109.0,109.0,109.0,200,,30100,weekly,2019-6-27T21:00:00.000,options,put
94,1560921900000,111.1,111.1,110.25,110.25,40,,30100,weekly,2019-6-27T21:00:00.000,options,put
95,1560921960000,109.3,109.45,109.2,109.25,820,,30100,weekly,2019-6-27T21:00:00.000,options,put
96,1560922020000,109.05,109.1,108.7,109.1,760,,30100,weekly,2019-6-27T21:00:00.000,options,put
97,1560922080000,108.0,108.0,107.7,107.7,80,,30100,weekly,2019-6-27T21:00:00.000,options,put
98,1560922140000,107.3,107.3,107.0,107.0,120,,30100,weekly,2019-6-27T21:00:00.000,options,put
99,1560922200000,107.6,107.6,102.75,104.0,520,,30100,weekly,2019-6-27T21:00:00.000,options,put
100,1560922320000,107.0,107.0,105.0,105.0,280,,30100,weekly,2019-6-27T21:00:00.000,options,put
101,1560922440000,107.05,107.05,107.05,107.05,40,,30100,weekly,2019-6-27T21:00:00.000,options,put
102,1560922500000,108.85,110.0,108.85,110.0,700,,30100,weekly,2019-6-27T21:00:00.000,options,put
103,1560922560000,119.4,121.95,115.9,121.85,1200,,30100,weekly,2019-6-27T21:00:00.000,options,put
104,1560922620000,121.85,124.35,121.85,122.75,380,,30100,weekly,2019-6-27T21:00:00.000,options,put
105,1560922680000,121.15,121.8,118.5,118.5,640,,30100,weekly,2019-6-27T21:00:00.000,options,put
106,1560922740000,119.35,121.8,119.35,120.4,380,,30100,weekly,2019-6-27T21:00:00.000,options,put
107,1560922800000,120.4,125.45,120.4,124.2,260,,30100,weekly,2019-6-27T21:00:00.000,options,put
108,1560922860000,120.6,121.3,120.0,120.0,100,,30100,weekly,2019-6-27T21:00:00.000,options,put
109,1560922920000,121.3,122.4,120.45,122.4,1420,,30100,weekly,2019-6-27T21:00:00.000,options,put
110,1560922980000,123.6,125.2,123.6,123.9,600,,30100,weekly,2019-6-27T21:00:00.000,options,put
111,1560923040000,125.0,127.75,124.6,124.6,820,,30100,weekly,2019-6-27T21:00:00.000,options,put
112,1560923100000,124.0,124.0,119.75,119.75,500,,30100,weekly,2019-6-27T21:00:00.000,options,put
113,1560923160000,121.55,122.45,121.55,122.45,100,,30100,weekly,2019-6-27T21:00:00.000,options,put
114,1560923220000,125.0,125.35,122.35,125.0,980,,30100,weekly,2019-6-27T21:00:00.000,options,put
115,1560923280000,125.05,127.7,125.05,127.4,340,,30100,weekly,2019-6-27T21:00:00.000,options,put
116,1560923340000,128.3,134.0,127.9,129.0,1600,,30100,weekly,2019-6-27T21:00:00.000,options,put
117,1560923400000,127.7,127.7,122.1,122.1,920,,30100,weekly,2019-6-27T21:00:00.000,options,put
118,1560923460000,124.15,126.0,124.15,126.0,120,,30100,weekly,2019-6-27T21:00:00.000,options,put
119,1560923520000,126.65,126.65,124.4,124.4,180,,30100,weekly,2019-6-27T21:00:00.000,options,put
120,1560923580000,122.15,125.8,122.0,125.8,180,,30100,weekly,2019-6-27T21:00:00.000,options,put
121,1560923640000,121.75,121.75,120.85,120.85,40,,30100,weekly,2019-6-27T21:00:00.000,options,put
122,1560923700000,120.85,121.55,119.15,120.1,180,,30100,weekly,2019-6-27T21:00:00.000,options,put
123,1560923760000,117.95,118.75,117.15,118.75,340,,30100,weekly,2019-6-27T21:00:00.000,options,put
124,1560923880000,120.0,121.45,118.55,121.45,160,,30100,weekly,2019-6-27T21:00:00.000,options,put
125,1560923940000,122.15,123.0,122.15,122.95,60,,30100,weekly,2019-6-27T21:00:00.000,options,put
126,1560924000000,122.95,124.2,122.05,124.2,240,,30100,weekly,2019-6-27T21:00:00.000,options,put
127,1560924060000,121.2,125.1,121.2,125.1,40,,30100,weekly,2019-6-27T21:00:00.000,options,put
128,1560924120000,124.7,124.95,123.85,123.85,80,,30100,weekly,2019-6-27T21:00:00.000,options,put
129,1560924180000,124.05,124.05,124.05,124.05,180,,30100,weekly,2019-6-27T21:00:00.000,options,put
130,1560924240000,125.0,128.45,124.6,124.6,220,,30100,weekly,2019-6-27T21:00:00.000,options,put
131,1560924300000,126.55,127.7,125.0,125.0,440,,30100,weekly,2019-6-27T21:00:00.000,options,put
132,1560924360000,122.35,122.35,122.35,122.35,540,,30100,weekly,2019-6-27T21:00:00.000,options,put
133,1560924420000,125.0,125.0,125.0,125.0,120,,30100,weekly,2019-6-27T21:00:00.000,options,put
134,1560924480000,125.2,127.5,125.2,125.35,120,,30100,weekly,2019-6-27T21:00:00.000,options,put
135,1560924540000,124.8,125.35,121.6,123.4,780,,30100,weekly,2019-6-27T21:00:00.000,options,put
136,1560924600000,125.0,125.0,124.8,124.8,40,,30100,weekly,2019-6-27T21:00:00.000,options,put
137,1560924660000,127.1,127.45,127.1,127.45,500,,30100,weekly,2019-6-27T21:00:00.000,options,put
138,1560924720000,130.2,136.0,130.2,135.0,880,,30100,weekly,2019-6-27T21:00:00.000,options,put
139,1560924780000,135.0,139.55,134.5,139.55,1660,,30100,weekly,2019-6-27T21:00:00.000,options,put
140,1560924840000,139.55,155.2,139.55,151.5,2420,,30100,weekly,2019-6-27T21:00:00.000,options,put
141,1560924900000,147.65,153.4,147.65,151.65,260,,30100,weekly,2019-6-27T21:00:00.000,options,put
142,1560924960000,142.45,143.2,136.5,138.3,580,,30100,weekly,2019-6-27T21:00:00.000,options,put
143,1560925020000,139.15,140.0,135.0,140.0,1180,,30100,weekly,2019-6-27T21:00:00.000,options,put
144,1560925080000,142.0,143.4,142.0,143.0,440,,30100,weekly,2019-6-27T21:00:00.000,options,put
145,1560925140000,145.1,150.3,144.45,150.3,1260,,30100,weekly,2019-6-27T21:00:00.000,options,put
146,1560925200000,150.3,150.3,143.5,143.5,680,,30100,weekly,2019-6-27T21:00:00.000,options,put
147,1560925260000,142.1,145.8,142.1,145.8,140,,30100,weekly,2019-6-27T21:00:00.000,options,put
148,1560925320000,141.8,142.0,141.55,142.0,160,,30100,weekly,2019-6-27T21:00:00.000,options,put
149,1560925380000,141.9,143.9,141.9,143.9,120,,30100,weekly,2019-6-27T21:00:00.000,options,put
150,1560925440000,145.35,145.35,144.65,145.0,300,,30100,weekly,2019-6-27T21:00:00.000,options,put
151,1560925500000,143.65,148.4,143.15,143.15,140,,30100,weekly,2019-6-27T21:00:00.000,options,put
152,1560925560000,144.7,144.7,140.25,140.25,120,,30100,weekly,2019-6-27T21:00:00.000,options,put
153,1560925620000,140.25,140.25,135.0,135.0,240,,30100,weekly,2019-6-27T21:00:00.000,options,put
154,1560925680000,135.0,135.55,128.95,132.35,1200,,30100,weekly,2019-6-27T21:00:00.000,options,put
155,1560925740000,133.7,133.7,126.7,126.85,340,,30100,weekly,2019-6-27T21:00:00.000,options,put
156,1560925800000,129.6,138.25,129.6,138.25,660,,30100,weekly,2019-6-27T21:00:00.000,options,put
157,1560925860000,137.85,138.0,135.65,135.65,1460,,30100,weekly,2019-6-27T21:00:00.000,options,put
158,1560925920000,135.15,137.0,135.15,137.0,60,,30100,weekly,2019-6-27T21:00:00.000,options,put
159,1560925980000,139.8,139.8,137.2,137.85,100,,30100,weekly,2019-6-27T21:00:00.000,options,put
160,1560926040000,139.1,140.8,138.7,140.0,420,,30100,weekly,2019-6-27T21:00:00.000,options,put
161,1560926100000,140.0,141.35,136.35,136.45,220,,30100,weekly,2019-6-27T21:00:00.000,options,put
162,1560926160000,136.3,139.9,136.3,139.35,160,,30100,weekly,2019-6-27T21:00:00.000,options,put
163,1560926220000,138.35,144.1,138.35,142.4,1240,,30100,weekly,2019-6-27T21:00:00.000,options,put
164,1560926280000,142.0,145.55,139.85,145.4,260,,30100,weekly,2019-6-27T21:00:00.000,options,put
165,1560926340000,145.4,149.25,145.35,148.0,1180,,30100,weekly,2019-6-27T21:00:00.000,options,put
166,1560926400000,143.75,144.3,143.65,144.3,80,,30100,weekly,2019-6-27T21:00:00.000,options,put
167,1560926460000,144.3,145.8,142.45,142.45,220,,30100,weekly,2019-6-27T21:00:00.000,options,put
168,1560926520000,140.0,142.8,140.0,142.6,400,,30100,weekly,2019-6-27T21:00:00.000,options,put
169,1560926580000,141.2,144.45,141.2,142.25,400,,30100,weekly,2019-6-27T21:00:00.000,options,put
170,1560926640000,143.8,144.05,143.8,144.05,80,,30100,weekly,2019-6-27T21:00:00.000,options,put
171,1560926700000,146.55,146.65,142.55,142.55,320,,30100,weekly,2019-6-27T21:00:00.000,options,put
172,1560926760000,143.25,144.2,143.25,144.0,120,,30100,weekly,2019-6-27T21:00:00.000,options,put
173,1560926820000,141.0,141.7,140.35,140.35,240,,30100,weekly,2019-6-27T21:00:00.000,options,put
174,1560926880000,141.1,142.0,140.9,141.1,160,,30100,weekly,2019-6-27T21:00:00.000,options,put
175,1560926940000,141.8,143.9,141.8,143.9,80,,30100,weekly,2019-6-27T21:00:00.000,options,put
176,1560927000000,143.4,145.7,143.4,145.7,160,,30100,weekly,2019-6-27T21:00:00.000,options,put
177,1560927060000,144.25,144.25,143.0,143.2,160,,30100,weekly,2019-6-27T21:00:00.000,options,put
178,1560927120000,146.0,149.0,146.0,148.6,200,,30100,weekly,2019-6-27T21:00:00.000,options,put
179,1560927180000,144.95,144.95,141.4,142.6,420,,30100,weekly,2019-6-27T21:00:00.000,options,put
180,1560927240000,145.15,148.0,144.65,147.6,380,,30100,weekly,2019-6-27T21:00:00.000,options,put
181,1560927300000,151.0,164.7,151.0,160.4,2000,,30100,weekly,2019-6-27T21:00:00.000,options,put
182,1560927360000,159.15,159.15,153.9,154.65,1000,,30100,weekly,2019-6-27T21:00:00.000,options,put
183,1560927420000,154.9,156.0,151.8,152.45,460,,30100,weekly,2019-6-27T21:00:00.000,options,put
184,1560927480000,152.65,156.0,152.3,155.3,5220,,30100,weekly,2019-6-27T21:00:00.000,options,put
185,1560927540000,159.35,163.2,158.75,160.75,1540,,30100,weekly,2019-6-27T21:00:00.000,options,put
186,1560927600000,163.6,167.45,162.5,163.95,540,,30100,weekly,2019-6-27T21:00:00.000,options,put
187,1560927660000,160.45,160.45,155.0,155.0,520,,30100,weekly,2019-6-27T21:00:00.000,options,put
188,1560927720000,153.55,154.0,152.0,153.95,1420,,30100,weekly,2019-6-27T21:00:00.000,options,put
189,1560927780000,151.9,153.45,150.2,152.6,1160,,30100,weekly,2019-6-27T21:00:00.000,options,put
190,1560927840000,148.45,148.45,144.25,145.0,300,,30100,weekly,2019-6-27T21:00:00.000,options,put
191,1560927900000,144.85,145.4,141.85,143.0,200,,30100,weekly,2019-6-27T21:00:00.000,options,put
192,1560927960000,143.45,147.0,143.45,147.0,220,,30100,weekly,2019-6-27T21:00:00.000,options,put
193,1560928080000,150.8,153.05,150.05,153.05,420,,30100,weekly,2019-6-27T21:00:00.000,options,put
194,1560928140000,152.35,156.1,152.35,155.15,220,,30100,weekly,2019-6-27T21:00:00.000,options,put
195,1560928200000,150.6,151.15,150.6,151.15,1400,,30100,weekly,2019-6-27T21:00:00.000,options,put
196,1560928260000,153.35,155.05,152.9,155.05,200,,30100,weekly,2019-6-27T21:00:00.000,options,put
197,1560928320000,153.9,153.9,153.9,153.9,80,,30100,weekly,2019-6-27T21:00:00.000,options,put
198,1560928380000,153.0,157.0,152.0,155.85,480,,30100,weekly,2019-6-27T21:00:00.000,options,put
199,1560928440000,153.65,153.65,151.7,152.3,260,,30100,weekly,2019-6-27T21:00:00.000,options,put
200,1560928500000,150.1,153.6,149.4,153.45,400,,30100,weekly,2019-6-27T21:00:00.000,options,put
201,1560928560000,152.65,155.95,152.65,155.75,360,,30100,weekly,2019-6-27T21:00:00.000,options,put
202,1560928620000,158.4,158.4,155.55,155.55,60,,30100,weekly,2019-6-27T21:00:00.000,options,put
203,1560928680000,153.0,153.0,150.7,150.85,60,,30100,weekly,2019-6-27T21:00:00.000,options,put
204,1560928740000,149.55,149.55,147.25,147.45,260,,30100,weekly,2019-6-27T21:00:00.000,options,put
205,1560928800000,150.95,150.95,150.55,150.55,80,,30100,weekly,2019-6-27T21:00:00.000,options,put
206,1560928860000,149.0,149.0,146.6,146.65,120,,30100,weekly,2019-6-27T21:00:00.000,options,put
207,1560928920000,148.45,148.45,148.2,148.2,140,,30100,weekly,2019-6-27T21:00:00.000,options,put
208,1560928980000,148.95,153.9,148.95,153.6,200,,30100,weekly,2019-6-27T21:00:00.000,options,put
209,1560929040000,151.9,151.9,151.0,151.65,160,,30100,weekly,2019-6-27T21:00:00.000,options,put
210,1560929100000,150.25,156.65,150.25,156.35,160,,30100,weekly,2019-6-27T21:00:00.000,options,put
211,1560929160000,154.1,154.1,154.0,154.0,140,,30100,weekly,2019-6-27T21:00:00.000,options,put
212,1560929220000,149.95,149.95,137.7,140.0,1380,,30100,weekly,2019-6-27T21:00:00.000,options,put
213,1560929280000,141.05,143.05,141.05,143.05,380,,30100,weekly,2019-6-27T21:00:00.000,options,put
214,1560929340000,143.6,143.6,129.9,129.9,680,,30100,weekly,2019-6-27T21:00:00.000,options,put
215,1560929400000,129.9,132.15,127.9,129.25,740,,30100,weekly,2019-6-27T21:00:00.000,options,put
216,1560929460000,129.25,133.55,129.25,133.55,120,,30100,weekly,2019-6-27T21:00:00.000,options,put
217,1560929520000,134.1,138.3,133.35,136.3,280,,30100,weekly,2019-6-27T21:00:00.000,options,put
218,1560929580000,136.7,136.7,134.35,135.75,160,,30100,weekly,2019-6-27T21:00:00.000,options,put
219,1560929640000,137.35,139.3,137.35,139.3,60,,30100,weekly,2019-6-27T21:00:00.000,options,put
220,1560929700000,139.0,141.0,139.0,141.0,100,,30100,weekly,2019-6-27T21:00:00.000,options,put
221,1560929760000,142.0,142.25,139.9,139.9,140,,30100,weekly,2019-6-27T21:00:00.000,options,put
222,1560929820000,137.75,138.2,137.75,138.2,80,,30100,weekly,2019-6-27T21:00:00.000,options,put
223,1560929880000,138.7,138.7,133.3,137.75,580,,30100,weekly,2019-6-27T21:00:00.000,options,put
224,1560929940000,136.55,141.15,136.55,140.2,400,,30100,weekly,2019-6-27T21:00:00.000,options,put
225,1560930000000,138.6,138.75,138.6,138.75,80,,30100,weekly,2019-6-27T21:00:00.000,options,put
226,1560930060000,142.95,143.15,142.45,143.15,160,,30100,weekly,2019-6-27T21:00:00.000,options,put
227,1560930120000,142.25,142.55,138.55,138.55,260,,30100,weekly,2019-6-27T21:00:00.000,options,put
228,1560930180000,138.0,147.95,136.8,146.85,800,,30100,weekly,2019-6-27T21:00:00.000,options,put
229,1560930240000,146.1,149.15,146.1,149.15,580,,30100,weekly,2019-6-27T21:00:00.000,options,put
230,1560930300000,147.25,147.25,146.95,146.95,40,,30100,weekly,2019-6-27T21:00:00.000,options,put
231,1560930360000,146.4,146.4,144.6,144.65,120,,30100,weekly,2019-6-27T21:00:00.000,options,put
232,1560930420000,149.5,149.5,149.1,149.1,180,,30100,weekly,2019-6-27T21:00:00.000,options,put
233,1560930480000,150.35,150.35,148.1,148.1,120,,30100,weekly,2019-6-27T21:00:00.000,options,put
234,1560930540000,143.75,143.75,141.55,141.55,180,,30100,weekly,2019-6-27T21:00:00.000,options,put
235,1560930600000,138.9,138.9,136.3,137.05,60,,30100,weekly,2019-6-27T21:00:00.000,options,put
236,1560930660000,136.9,142.0,136.9,142.0,160,,30100,weekly,2019-6-27T21:00:00.000,options,put
237,1560930720000,144.1,150.3,144.1,149.4,340,,30100,weekly,2019-6-27T21:00:00.000,options,put
238,1560930780000,149.55,149.65,148.05,149.65,80,,30100,weekly,2019-6-27T21:00:00.000,options,put
239,1560930840000,148.7,148.7,141.8,141.8,320,,30100,weekly,2019-6-27T21:00:00.000,options,put
240,1560930900000,143.6,149.75,143.6,149.75,220,,30100,weekly,2019-6-27T21:00:00.000,options,put
241,1560930960000,147.55,147.55,144.35,144.35,280,,30100,weekly,2019-6-27T21:00:00.000,options,put
242,1560931020000,144.75,149.2,144.75,149.2,360,,30100,weekly,2019-6-27T21:00:00.000,options,put
243,1560931080000,151.55,156.6,151.05,151.7,1060,,30100,weekly,2019-6-27T21:00:00.000,options,put
244,1560931140000,151.7,157.65,151.7,157.65,500,,30100,weekly,2019-6-27T21:00:00.000,options,put
245,1560931200000,157.0,157.0,146.0,146.15,720,,30100,weekly,2019-6-27T21:00:00.000,options,put
246,1560931260000,147.9,147.9,143.4,144.45,480,,30100,weekly,2019-6-27T21:00:00.000,options,put
247,1560931320000,142.3,145.55,142.3,145.55,260,,30100,weekly,2019-6-27T21:00:00.000,options,put
248,1560931380000,145.55,145.55,141.95,141.95,300,,30100,weekly,2019-6-27T21:00:00.000,options,put
249,1560931440000,143.8,145.7,143.8,145.2,160,,30100,weekly,2019-6-27T21:00:00.000,options,put
250,1560931500000,142.15,142.15,140.0,140.3,180,,30100,weekly,2019-6-27T21:00:00.000,options,put
251,1560931560000,145.05,145.05,145.05,145.05,140,,30100,weekly,2019-6-27T21:00:00.000,options,put
252,1560931620000,146.6,147.7,145.8,145.8,140,,30100,weekly,2019-6-27T21:00:00.000,options,put
253,1560931680000,148.5,149.75,148.15,149.7,100,,30100,weekly,2019-6-27T21:00:00.000,options,put
254,1560931740000,148.45,151.25,147.0,147.15,240,,30100,weekly,2019-6-27T21:00:00.000,options,put
255,1560931800000,145.7,151.15,145.7,150.45,540,,30100,weekly,2019-6-27T21:00:00.000,options,put
256,1560931860000,147.3,147.85,143.7,145.0,380,,30100,weekly,2019-6-27T21:00:00.000,options,put
257,1560931920000,145.0,147.45,143.7,147.45,240,,30100,weekly,2019-6-27T21:00:00.000,options,put
258,1560932040000,149.25,155.25,149.25,149.55,500,,30100,weekly,2019-6-27T21:00:00.000,options,put
259,1560932100000,147.75,147.75,146.6,147.5,160,,30100,weekly,2019-6-27T21:00:00.000,options,put
260,1560932160000,147.7,156.45,147.0,155.7,420,,30100,weekly,2019-6-27T21:00:00.000,options,put
261,1560932220000,154.6,164.45,154.5,164.45,1000,,30100,weekly,2019-6-27T21:00:00.000,options,put
262,1560932280000,165.0,169.75,157.8,159.15,3440,,30100,weekly,2019-6-27T21:00:00.000,options,put
263,1560932340000,160.3,160.3,153.95,153.95,400,,30100,weekly,2019-6-27T21:00:00.000,options,put
264,1560932400000,152.65,155.3,149.9,155.3,220,,30100,weekly,2019-6-27T21:00:00.000,options,put
265,1560932460000,155.3,155.3,153.5,153.5,120,,30100,weekly,2019-6-27T21:00:00.000,options,put
266,1560932520000,154.05,157.55,154.05,156.55,740,,30100,weekly,2019-6-27T21:00:00.000,options,put
267,1560932580000,156.55,157.0,152.85,155.0,2620,,30100,weekly,2019-6-27T21:00:00.000,options,put
268,1560932640000,152.8,162.55,152.8,162.55,500,,30100,weekly,2019-6-27T21:00:00.000,options,put
269,1560932700000,163.35,163.4,156.65,157.75,380,,30100,weekly,2019-6-27T21:00:00.000,options,put
270,1560932760000,155.7,156.3,151.25,151.45,1180,,30100,weekly,2019-6-27T21:00:00.000,options,put
271,1560932820000,152.3,161.95,152.3,161.95,320,,30100,weekly,2019-6-27T21:00:00.000,options,put
272,1560932880000,161.95,167.95,161.95,167.85,5320,,30100,weekly,2019-6-27T21:00:00.000,options,put
273,1560932940000,168.0,169.7,160.0,161.8,5140,,30100,weekly,2019-6-27T21:00:00.000,options,put
274,1560933000000,161.8,163.6,155.0,155.0,2880,,30100,weekly,2019-6-27T21:00:00.000,options,put
275,1560933060000,156.05,157.8,156.05,157.8,40,,30100,weekly,2019-6-27T21:00:00.000,options,put
276,1560933120000,156.1,160.65,156.1,160.65,100,,30100,weekly,2019-6-27T21:00:00.000,options,put
277,1560933180000,162.5,173.9,161.1,171.5,3380,,30100,weekly,2019-6-27T21:00:00.000,options,put
278,1560933240000,171.5,179.5,171.25,177.05,1500,,30100,weekly,2019-6-27T21:00:00.000,options,put
279,1560933300000,180.55,186.95,176.65,176.65,1200,,30100,weekly,2019-6-27T21:00:00.000,options,put
280,1560933360000,175.95,176.0,171.8,176.0,240,,30100,weekly,2019-6-27T21:00:00.000,options,put
281,1560933420000,176.7,179.85,175.1,175.1,760,,30100,weekly,2019-6-27T21:00:00.000,options,put
282,1560933480000,174.85,189.15,174.85,185.5,1820,,30100,weekly,2019-6-27T21:00:00.000,options,put
283,1560933540000,185.2,185.65,178.75,180.9,1000,,30100,weekly,2019-6-27T21:00:00.000,options,put
284,1560933600000,177.05,183.2,177.05,183.2,280,,30100,weekly,2019-6-27T21:00:00.000,options,put
285,1560933660000,178.8,178.8,170.15,170.15,380,,30100,weekly,2019-6-27T21:00:00.000,options,put
286,1560933720000,170.15,170.15,164.45,168.0,920,,30100,weekly,2019-6-27T21:00:00.000,options,put
287,1560933780000,169.1,175.0,168.75,173.7,660,,30100,weekly,2019-6-27T21:00:00.000,options,put
288,1560933840000,173.3,173.3,166.45,166.45,740,,30100,weekly,2019-6-27T21:00:00.000,options,put
289,1560933900000,166.2,175.6,165.45,175.1,580,,30100,weekly,2019-6-27T21:00:00.000,options,put
290,1560933960000,172.25,176.45,169.85,169.85,160,,30100,weekly,2019-6-27T21:00:00.000,options,put
291,1560934020000,168.9,172.6,164.6,164.6,260,,30100,weekly,2019-6-27T21:00:00.000,options,put
292,1560934080000,166.95,174.45,166.95,171.9,560,,30100,weekly,2019-6-27T21:00:00.000,options,put
293,1560934140000,171.9,171.9,168.35,169.25,260,,30100,weekly,2019-6-27T21:00:00.000,options,put
294,1560934200000,171.25,181.6,171.25,181.6,580,,30100,weekly,2019-6-27T21:00:00.000,options,put
295,1560934260000,181.05,181.05,181.05,181.05,20,,30100,weekly,2019-6-27T21:00:00.000,options,put
296,1560934320000,172.45,176.65,172.0,175.4,340,,30100,weekly,2019-6-27T21:00:00.000,options,put
297,1560934380000,175.4,177.6,175.4,177.3,120,,30100,weekly,2019-6-27T21:00:00.000,options,put
298,1560934440000,175.9,175.9,167.0,170.45,540,,30100,weekly,2019-6-27T21:00:00.000,options,put
299,1560934500000,172.6,172.6,165.0,165.0,240,,30100,weekly,2019-6-27T21:00:00.000,options,put
300,1560934560000,171.4,174.1,171.4,174.1,40,,30100,weekly,2019-6-27T21:00:00.000,options,put
301,1560934620000,172.4,174.4,171.5,174.4,200,,30100,weekly,2019-6-27T21:00:00.000,options,put
302,1560934680000,176.0,177.85,174.25,174.25,180,,30100,weekly,2019-6-27T21:00:00.000,options,put
303,1560934740000,177.8,178.15,173.5,173.85,320,,30100,weekly,2019-6-27T21:00:00.000,options,put
304,1560934800000,176.0,180.0,176.0,178.5,340,,30100,weekly,2019-6-27T21:00:00.000,options,put
305,1560934860000,177.1,183.65,175.65,183.65,880,,30100,weekly,2019-6-27T21:00:00.000,options,put
306,1560934920000,183.7,194.85,183.7,188.8,820,,30100,weekly,2019-6-27T21:00:00.000,options,put
307,1560934980000,188.8,200.0,187.6,200.0,1080,,30100,weekly,2019-6-27T21:00:00.000,options,put
308,1560935040000,200.0,203.8,193.45,195.05,2720,,30100,weekly,2019-6-27T21:00:00.000,options,put
309,1560935100000,193.95,196.05,191.8,196.05,1360,,30100,weekly,2019-6-27T21:00:00.000,options,put
310,1560935160000,196.05,199.0,190.0,191.2,1020,,30100,weekly,2019-6-27T21:00:00.000,options,put
311,1560935220000,192.8,200.3,192.8,197.05,1000,,30100,weekly,2019-6-27T21:00:00.000,options,put
312,1560935280000,197.9,207.45,197.9,202.6,1220,,30100,weekly,2019-6-27T21:00:00.000,options,put
313,1560935340000,205.0,213.8,200.0,200.0,2320,,30100,weekly,2019-6-27T21:00:00.000,options,put
314,1560935400000,200.0,202.05,195.2,196.9,1440,,30100,weekly,2019-6-27T21:00:00.000,options,put
315,1560935460000,196.4,206.7,194.95,205.9,1880,,30100,weekly,2019-6-27T21:00:00.000,options,put
316,1560935520000,209.75,213.2,207.35,213.2,580,,30100,weekly,2019-6-27T21:00:00.000,options,put
317,1560935580000,214.45,217.2,207.2,213.25,1060,,30100,weekly,2019-6-27T21:00:00.000,options,put
318,1560935640000,213.25,225.95,206.25,225.95,2720,,30100,weekly,2019-6-27T21:00:00.000,options,put
319,1560935700000,227.15,232.8,225.0,230.35,2240,,30100,weekly,2019-6-27T21:00:00.000,options,put
320,1560935760000,230.35,232.55,226.25,227.3,1000,,30100,weekly,2019-6-27T21:00:00.000,options,put
321,1560935820000,229.0,235.1,221.2,235.1,2200,,30100,weekly,2019-6-27T21:00:00.000,options,put
322,1560935880000,235.1,237.0,230.55,235.2,1160,,30100,weekly,2019-6-27T21:00:00.000,options,put
323,1560935940000,238.1,238.1,225.05,228.85,1360,,30100,weekly,2019-6-27T21:00:00.000,options,put
324,1560936000000,230.0,233.95,227.0,228.15,880,,30100,weekly,2019-6-27T21:00:00.000,options,put
325,1560936060000,229.85,234.95,215.0,215.0,1360,,30100,weekly,2019-6-27T21:00:00.000,options,put
326,1560936120000,215.0,221.4,213.1,219.8,880,,30100,weekly,2019-6-27T21:00:00.000,options,put
327,1560936180000,219.25,220.55,213.05,217.85,500,,30100,weekly,2019-6-27T21:00:00.000,options,put
328,1560936240000,219.3,225.65,214.35,225.35,1140,,30100,weekly,2019-6-27T21:00:00.000,options,put
329,1560936300000,225.35,225.35,205.65,206.25,1760,,30100,weekly,2019-6-27T21:00:00.000,options,put
330,1560936360000,206.25,214.45,198.75,213.35,1520,,30100,weekly,2019-6-27T21:00:00.000,options,put
331,1560936420000,213.35,216.65,206.2,206.2,980,,30100,weekly,2019-6-27T21:00:00.000,options,put
332,1560936480000,207.2,209.3,200.7,202.2,1880,,30100,weekly,2019-6-27T21:00:00.000,options,put
333,1560936540000,208.05,208.05,196.65,196.65,860,,30100,weekly,2019-6-27T21:00:00.000,options,put
334,1560936600000,193.85,198.9,192.15,193.35,3200,,30100,weekly,2019-6-27T21:00:00.000,options,put
335,1560936660000,195.25,200.95,189.5,189.5,2200,,30100,weekly,2019-6-27T21:00:00.000,options,put
336,1560936720000,189.5,200.25,187.3,196.55,1100,,30100,weekly,2019-6-27T21:00:00.000,options,put
337,1560936780000,196.55,205.75,193.15,205.75,1560,,30100,weekly,2019-6-27T21:00:00.000,options,put
338,1560936840000,205.75,212.45,204.4,207.3,1180,,30100,weekly,2019-6-27T21:00:00.000,options,put
339,1560936900000,208.0,210.0,205.95,206.4,760,,30100,weekly,2019-6-27T21:00:00.000,options,put
340,1560936960000,202.5,202.55,190.0,191.4,1360,,30100,weekly,2019-6-27T21:00:00.000,options,put
341,1560937020000,188.9,201.45,188.9,189.3,1500,,30100,weekly,2019-6-27T21:00:00.000,options,put
342,1560937080000,186.6,190.3,186.15,186.7,2200,,30100,weekly,2019-6-27T21:00:00.000,options,put
343,1560937140000,190.6,195.1,190.6,192.95,1380,,30100,weekly,2019-6-27T21:00:00.000,options,put
344,1560937200000,190.0,191.1,186.0,188.75,1500,,30100,weekly,2019-6-27T21:00:00.000,options,put
345,1560937260000,187.65,189.0,184.4,187.65,700,,30100,weekly,2019-6-27T21:00:00.000,options,put
346,1560937320000,183.55,183.55,177.4,177.4,2200,,30100,weekly,2019-6-27T21:00:00.000,options,put
347,1560937380000,172.95,183.35,172.95,183.35,1660,,30100,weekly,2019-6-27T21:00:00.000,options,put
348,1560937440000,183.75,190.0,183.1,189.0,2660,,30100,weekly,2019-6-27T21:00:00.000,options,put
349,1560937500000,186.45,186.45,179.55,181.35,1460,,30100,weekly,2019-6-27T21:00:00.000,options,put
350,1560937560000,181.85,182.85,175.55,177.0,2720,,30100,weekly,2019-6-27T21:00:00.000,options,put
351,1560937620000,177.0,180.85,168.1,168.1,1180,,30100,weekly,2019-6-27T21:00:00.000,options,put
352,1560937680000,169.5,173.0,165.25,165.25,1340,,30100,weekly,2019-6-27T21:00:00.000,options,put
353,1560937740000,165.25,170.85,164.2,170.0,2380,,30100,weekly,2019-6-27T21:00:00.000,options,put
354,1560937800000,170.2,175.5,170.2,174.5,1140,,30100,weekly,2019-6-27T21:00:00.000,options,put
355,1560937860000,174.5,175.45,169.65,173.75,2140,,30100,weekly,2019-6-27T21:00:00.000,options,put
356,1560937920000,174.4,174.9,171.0,171.0,200,,30100,weekly,2019-6-27T21:00:00.000,options,put
357,1560937980000,170.8,170.8,166.95,166.95,360,,30100,weekly,2019-6-27T21:00:00.000,options,put
358,1560938040000,166.4,166.4,163.6,163.6,1300,,30100,weekly,2019-6-27T21:00:00.000,options,put
359,1560938100000,164.1,164.1,160.95,161.85,3440,,30100,weekly,2019-6-27T21:00:00.000,options,put
360,1560938160000,161.0,161.7,158.4,158.9,2940,,30100,weekly,2019-6-27T21:00:00.000,options,put
361,1560938220000,160.8,160.8,158.75,159.0,340,,30100,weekly,2019-6-27T21:00:00.000,options,put
362,1560938280000,159.0,160.6,157.9,158.0,820,,30100,weekly,2019-6-27T21:00:00.000,options,put
