,timestamp,open,high,low,close,volume,open_interest,strike,expiry_type,expiry,instrument,contract_type
0,1621329300000,1365.6,1407.5,1266.9,1403.3,2400,78850,32600,weekly,2021-5-20T21:00:00.000,options,call
1,1621329360000,1449.95,1532.4,1449.95,1516.6,1300,78850,32600,weekly,2021-5-20T21:00:00.000,options,call
2,1621329420000,1528.05,1568.65,1510.15,1510.15,1325,77800,32600,weekly,2021-5-20T21:00:00.000,options,call
3,1621329480000,1510.15,1515.8,1476.0,1496.95,1725,77800,32600,weekly,2021-5-20T21:00:00.000,options,call
4,1621329540000,1503.65,1504.75,1455.25,1472.0,1550,77800,32600,weekly,2021-5-20T21:00:00.000,options,call
5,1621329600000,1472.0,1509.95,1472.0,1480.65,725,76975,32600,weekly,2021-5-20T21:00:00.000,options,call
6,1621329660000,1481.55,1503.55,1475.0,1480.0,300,76975,32600,weekly,2021-5-20T21:00:00.000,options,call
7,1621329720000,1465.65,1483.4,1445.75,1445.75,175,76975,32600,weekly,2021-5-20T21:00:00.000,options,call
8,1621329780000,1414.95,1430.05,1404.2,1429.15,625,76675,32600,weekly,2021-5-20T21:00:00.000,options,call
9,1621329840000,1429.15,1500.0,1417.7,1500.0,750,76675,32600,weekly,2021-5-20T21:00:00.000,options,call
10,1621329900000,1497.15,1544.25,1497.15,1543.65,2300,76675,32600,weekly,2021-5-20T21:00:00.000,options,call
11,1621329960000,1524.6,1554.9,1524.6,1554.9,425,77525,32600,weekly,2021-5-20T21:00:00.000,options,call
12,1621330020000,1554.9,1590.0,1549.2,1586.75,525,77525,32600,weekly,2021-5-20T21:00:00.000,options,call
13,1621330080000,1587.0,1610.25,1587.0,1606.0,650,77525,32600,weekly,2021-5-20T21:00:00.000,options,call
14,1621330140000,1606.0,1606.0,1595.8,1603.1,175,76400,32600,weekly,2021-5-20T21:00:00.000,options,call
15,1621330200000,1603.1,1605.0,1543.75,1571.35,650,76400,32600,weekly,2021-5-20T21:00:00.000,options,call
16,1621330260000,1574.2,1574.2,1557.2,1560.7,500,76400,32600,weekly,2021-5-20T21:00:00.000,options,call
17,1621330320000,1556.8,1556.8,1518.95,1518.95,125,76175,32600,weekly,2021-5-20T21:00:00.000,options,call
18,1621330380000,1500.0,1510.5,1496.4,1496.4,300,76175,32600,weekly,2021-5-20T21:00:00.000,options,call
19,1621330440000,1471.15,1471.15,1398.0,1398.0,675,76175,32600,weekly,2021-5-20T21:00:00.000,options,call
20,1621330500000,1398.0,1461.85,1358.55,1461.85,275,76000,32600,weekly,2021-5-20T21:00:00.000,options,call
21,1621330560000,1446.85,1500.0,1446.85,1458.65,1025,76000,32600,weekly,2021-5-20T21:00:00.000,options,call
22,1621330620000,1397.7,1407.2,1397.7,1407.2,125,76000,32600,weekly,2021-5-20T21:00:00.000,options,call
23,1621330680000,1396.05,1396.05,1396.05,1396.05,25,76000,32600,weekly,2021-5-20T21:00:00.000,options,call
24,1621330800000,1425.75,1427.35,1424.85,1424.85,125,75675,32600,weekly,2021-5-20T21:00:00.000,options,call
25,1621330860000,1475.0,1480.0,1458.0,1458.0,125,75700,32600,weekly,2021-5-20T21:00:00.000,options,call
26,1621330920000,1458.0,1458.0,1412.0,1420.15,100,75700,32600,weekly,2021-5-20T21:00:00.000,options,call
27,1621330980000,1435.25,1436.6,1425.05,1436.6,125,75700,32600,weekly,2021-5-20T21:00:00.000,options,call
28,1621331040000,1428.1,1440.2,1427.3,1440.2,200,75400,32600,weekly,2021-5-20T21:00:00.000,options,call
29,1621331100000,1442.55,1450.6,1442.55,1450.5,100,75400,32600,weekly,2021-5-20T21:00:00.000,options,call
30,1621331160000,1448.25,1467.45,1448.25,1452.3,250,75400,32600,weekly,2021-5-20T21:00:00.000,options,call
31,1621331220000,1468.25,1485.0,1468.25,1485.0,75,75625,32600,weekly,2021-5-20T21:00:00.000,options,call
32,1621331280000,1512.9,1512.9,1493.8,1493.8,475,75625,32600,weekly,2021-5-20T21:00:00.000,options,call
33,1621331340000,1491.95,1491.95,1485.0,1488.75,150,75625,32600,weekly,2021-5-20T21:00:00.000,options,call
34,1621331400000,1485.0,1487.45,1477.25,1485.1,1050,75700,32600,weekly,2021-5-20T21:00:00.000,options,call
35,1621331460000,1461.95,1461.95,1452.35,1452.35,75,75700,32600,weekly,2021-5-20T21:00:00.000,options,call
36,1621331520000,1452.35,1477.1,1443.0,1477.1,575,75700,32600,weekly,2021-5-20T21:00:00.000,options,call
37,1621331580000,1477.1,1477.1,1477.1,1477.1,75,75925,32600,weekly,2021-5-20T21:00:00.000,options,call
38,1621331640000,1465.95,1465.95,1453.6,1459.45,75,75925,32600,weekly,2021-5-20T21:00:00.000,options,call
39,1621331700000,1450.0,1450.0,1426.5,1426.5,100,75925,32600,weekly,2021-5-20T21:00:00.000,options,call
40,1621331760000,1420.0,1448.4,1417.85,1448.4,350,75950,32600,weekly,2021-5-20T21:00:00.000,options,call
41,1621331820000,1448.4,1448.4,1424.55,1443.2,250,75950,32600,weekly,2021-5-20T21:00:00.000,options,call
42,1621331880000,1443.2,1443.2,1416.35,1418.4,275,75950,32600,weekly,2021-5-20T21:00:00.000,options,call
43,1621331940000,1390.2,1390.2,1390.2,1390.2,75,76100,32600,weekly,2021-5-20T21:00:00.000,options,call
44,1621332000000,1387.0,1423.45,1358.4,1423.45,925,76100,32600,weekly,2021-5-20T21:00:00.000,options,call
45,1621332060000,1404.45,1404.45,1390.0,1390.0,700,76100,32600,weekly,2021-5-20T21:00:00.000,options,call
46,1621332120000,1403.0,1419.55,1402.35,1415.0,750,75700,32600,weekly,2021-5-20T21:00:00.000,options,call
47,1621332180000,1400.15,1424.65,1400.15,1410.0,950,75700,32600,weekly,2021-5-20T21:00:00.000,options,call
48,1621332240000,1414.1,1414.1,1367.0,1370.75,775,75700,32600,weekly,2021-5-20T21:00:00.000,options,call
49,1621332300000,1382.35,1408.95,1381.15,1397.25,650,74000,32600,weekly,2021-5-20T21:00:00.000,options,call
50,1621332360000,1399.0,1399.0,1350.9,1375.7,1125,74000,32600,weekly,2021-5-20T21:00:00.000,options,call
51,1621332420000,1361.85,1373.75,1353.95,1363.2,400,74000,32600,weekly,2021-5-20T21:00:00.000,options,call
52,1621332480000,1364.1,1383.35,1326.4,1326.4,975,73150,32600,weekly,2021-5-20T21:00:00.000,options,call
53,1621332540000,1310.8,1310.8,1271.85,1278.3,1975,73150,32600,weekly,2021-5-20T21:00:00.000,options,call
54,1621332600000,1270.65,1270.65,1215.45,1250.0,1250,73150,32600,weekly,2021-5-20T21:00:00.000,options,call
55,1621332660000,1251.55,1268.95,1208.65,1213.95,1425,73800,32600,weekly,2021-5-20T21:00:00.000,options,call
56,1621332720000,1213.95,1223.6,1193.55,1222.35,850,73800,32600,weekly,2021-5-20T21:00:00.000,options,call
57,1621332780000,1219.7,1229.35,1204.05,1229.35,800,73800,32600,weekly,2021-5-20T21:00:00.000,options,call
58,1621332840000,1224.7,1269.4,1224.7,1255.3,825,74650,32600,weekly,2021-5-20T21:00:00.000,options,call
59,1621332900000,1253.15,1306.25,1253.15,1294.7,425,74650,32600,weekly,2021-5-20T21:00:00.000,options,call
60,1621332960000,1294.1,1342.1,1294.1,1331.05,675,74650,32600,weekly,2021-5-20T21:00:00.000,options,call
61,1621333020000,1324.7,1324.7,1305.05,1317.7,525,75400,32600,weekly,2021-5-20T21:00:00.000,options,call
62,1621333080000,1311.7,1316.5,1294.85,1300.15,650,75400,32600,weekly,2021-5-20T21:00:00.000,options,call
63,1621333140000,1305.2,1313.05,1277.55,1280.7,650,75400,32600,weekly,2021-5-20T21:00:00.000,options,call
64,1621333200000,1276.8,1283.05,1253.75,1253.75,525,76850,32600,weekly,2021-5-20T21:00:00.000,options,call
65,1621333260000,1266.35,1266.35,1263.7,1263.7,50,76850,32600,weekly,2021-5-20T21:00:00.000,options,call
66,1621333320000,1266.0,1274.6,1256.1,1271.5,700,76850,32600,weekly,2021-5-20T21:00:00.000,options,call
67,1621333380000,1266.4,1281.0,1265.05,1274.75,675,77400,32600,weekly,2021-5-20T21:00:00.000,options,call
68,1621333440000,1282.85,1282.85,1259.5,1275.1,675,77400,32600,weekly,2021-5-20T21:00:00.000,options,call
69,1621333500000,1277.55,1299.9,1277.55,1298.95,625,77400,32600,weekly,2021-5-20T21:00:00.000,options,call
70,1621333560000,1292.0,1316.9,1292.0,1315.35,725,78450,32600,weekly,2021-5-20T21:00:00.000,options,call
71,1621333620000,1313.35,1314.75,1313.35,1314.6,250,78450,32600,weekly,2021-5-20T21:00:00.000,options,call
72,1621333680000,1312.75,1344.5,1311.25,1344.5,1000,78450,32600,weekly,2021-5-20T21:00:00.000,options,call
73,1621333740000,1344.5,1356.65,1332.4,1356.65,650,79450,32600,weekly,2021-5-20T21:00:00.000,options,call
74,1621333800000,1368.6,1414.0,1357.55,1398.95,775,79450,32600,weekly,2021-5-20T21:00:00.000,options,call
75,1621333860000,1398.95,1416.0,1366.5,1368.25,875,79450,32600,weekly,2021-5-20T21:00:00.000,options,call
76,1621333920000,1368.25,1371.45,1350.65,1370.1,325,80275,32600,weekly,2021-5-20T21:00:00.000,options,call
77,1621333980000,1357.65,1357.65,1357.65,1357.65,75,80275,32600,weekly,2021-5-20T21:00:00.000,options,call
78,1621334040000,1369.8,1371.6,1358.15,1363.15,400,80275,32600,weekly,2021-5-20T21:00:00.000,options,call
79,1621334100000,1350.0,1360.0,1349.35,1353.3,675,80225,32600,weekly,2021-5-20T21:00:00.000,options,call
80,1621334160000,1350.15,1362.1,1350.15,1362.1,250,80225,32600,weekly,2021-5-20T21:00:00.000,options,call
81,1621334220000,1362.0,1362.0,1362.0,1362.0,125,80225,32600,weekly,2021-5-20T21:00:00.000,options,call
82,1621334400000,1377.05,1390.15,1377.05,1390.0,450,79975,32600,weekly,2021-5-20T21:00:00.000,options,call
83,1621334460000,1380.1,1380.1,1380.1,1380.1,75,79975,32600,weekly,2021-5-20T21:00:00.000,options,call
84,1621334520000,1371.5,1383.8,1371.5,1383.8,75,79675,32600,weekly,2021-5-20T21:00:00.000,options,call
85,1621334640000,1400.0,1400.0,1400.0,1400.0,25,79675,32600,weekly,2021-5-20T21:00:00.000,options,call
86,1621334760000,1370.4,1370.4,1370.4,1370.4,25,79650,32600,weekly,2021-5-20T21:00:00.000,options,call
87,1621334940000,1385.05,1387.05,1385.05,1387.05,75,79650,32600,weekly,2021-5-20T21:00:00.000,options,call
88,1621335000000,1380.5,1380.5,1372.0,1372.0,150,79650,32600,weekly,2021-5-20T21:00:00.000,options,call
89,1621335060000,1369.45,1376.6,1369.45,1374.4,400,79600,32600,weekly,2021-5-20T21:00:00.000,options,call
90,1621335120000,1390.65,1397.45,1374.9,1374.9,350,79600,32600,weekly,2021-5-20T21:00:00.000,options,call
91,1621335180000,1372.55,1374.25,1366.0,1366.0,475,79600,32600,weekly,2021-5-20T21:00:00.000,options,call
92,1621335240000,1383.4,1389.2,1383.4,1388.7,400,79275,32600,weekly,2021-5-20T21:00:00.000,options,call
93,1621335300000,1398.9,1398.95,1380.85,1389.3,425,79275,32600,weekly,2021-5-20T21:00:00.000,options,call
94,1621335360000,1398.15,1440.0,1398.15,1440.0,250,78525,32600,weekly,2021-5-20T21:00:00.000,options,call
95,1621335420000,1457.85,1470.2,1446.2,1449.85,375,78525,32600,weekly,2021-5-20T21:00:00.000,options,call
96,1621335480000,1470.5,1470.5,1455.15,1456.95,400,78525,32600,weekly,2021-5-20T21:00:00.000,options,call
97,1621335540000,1479.4,1481.35,1469.0,1474.55,875,77500,32600,weekly,2021-5-20T21:00:00.000,options,call
98,1621335600000,1474.55,1484.2,1466.6,1478.4,850,77500,32600,weekly,2021-5-20T21:00:00.000,options,call
99,1621335660000,1478.4,1478.4,1468.85,1471.05,750,77500,32600,weekly,2021-5-20T21:00:00.000,options,call
100,1621335720000,1471.05,1480.0,1470.45,1480.0,675,75950,32600,weekly,2021-5-20T21:00:00.000,options,call
101,1621335780000,1508.2,1508.2,1492.4,1500.0,400,75950,32600,weekly,2021-5-20T21:00:00.000,options,call
102,1621335840000,1496.9,1499.2,1494.85,1496.9,100,75950,32600,weekly,2021-5-20T21:00:00.000,options,call
103,1621335900000,1514.7,1514.7,1506.55,1506.55,75,75950,32600,weekly,2021-5-20T21:00:00.000,options,call
104,1621336020000,1510.0,1530.0,1510.0,1524.85,175,75775,32600,weekly,2021-5-20T21:00:00.000,options,call
105,1621336080000,1529.0,1529.0,1524.0,1524.0,75,75750,32600,weekly,2021-5-20T21:00:00.000,options,call
106,1621336140000,1500.8,1512.2,1500.8,1512.2,50,75750,32600,weekly,2021-5-20T21:00:00.000,options,call
107,1621336200000,1499.0,1499.0,1463.15,1463.15,1475,75750,32600,weekly,2021-5-20T21:00:00.000,options,call
108,1621336260000,1463.15,1487.6,1463.15,1487.6,800,74275,32600,weekly,2021-5-20T21:00:00.000,options,call
109,1621336320000,1488.0,1500.0,1488.0,1494.2,325,74275,32600,weekly,2021-5-20T21:00:00.000,options,call
110,1621336380000,1524.0,1524.0,1524.0,1524.0,25,74275,32600,weekly,2021-5-20T21:00:00.000,options,call
111,1621336440000,1499.2,1499.2,1499.2,1499.2,50,74275,32600,weekly,2021-5-20T21:00:00.000,options,call
112,1621336620000,1491.0,1499.95,1484.9,1496.9,2225,72025,32600,weekly,2021-5-20T21:00:00.000,options,call
113,1621336680000,1492.55,1496.6,1479.95,1479.95,1325,72025,32600,weekly,2021-5-20T21:00:00.000,options,call
114,1621336740000,1479.95,1494.6,1479.0,1494.6,300,72025,32600,weekly,2021-5-20T21:00:00.000,options,call
115,1621336800000,1477.3,1477.3,1471.5,1472.5,100,70900,32600,weekly,2021-5-20T21:00:00.000,options,call
116,1621336860000,1472.5,1472.5,1463.45,1467.75,300,70900,32600,weekly,2021-5-20T21:00:00.000,options,call
117,1621336920000,1485.5,1490.95,1483.95,1489.3,175,70900,32600,weekly,2021-5-20T21:00:00.000,options,call
118,1621336980000,1490.8,1491.75,1473.85,1474.2,375,70900,32600,weekly,2021-5-20T21:00:00.000,options,call
119,1621337040000,1450.0,1462.9,1450.0,1450.95,300,70775,32600,weekly,2021-5-20T21:00:00.000,options,call
120,1621337100000,1450.5,1471.05,1441.45,1468.65,625,70775,32600,weekly,2021-5-20T21:00:00.000,options,call
121,1621337160000,1443.8,1453.0,1440.0,1440.0,250,70050,32600,weekly,2021-5-20T21:00:00.000,options,call
122,1621337220000,1440.0,1440.0,1402.0,1405.35,175,70050,32600,weekly,2021-5-20T21:00:00.000,options,call
123,1621337280000,1420.85,1420.85,1420.85,1420.85,75,70050,32600,weekly,2021-5-20T21:00:00.000,options,call
124,1621337400000,1447.7,1447.7,1430.1,1430.1,125,69950,32600,weekly,2021-5-20T21:00:00.000,options,call
125,1621337460000,1420.0,1423.3,1420.0,1423.3,175,69950,32600,weekly,2021-5-20T21:00:00.000,options,call
126,1621337700000,1418.2,1418.2,1418.2,1418.2,50,69825,32600,weekly,2021-5-20T21:00:00.000,options,call
127,1621337760000,1400.85,1400.85,1399.15,1399.35,75,69850,32600,weekly,2021-5-20T21:00:00.000,options,call
128,1621337820000,1399.35,1399.35,1399.35,1399.35,25,69850,32600,weekly,2021-5-20T21:00:00.000,options,call
129,1621337880000,1354.55,1354.55,1354.55,1354.55,25,69850,32600,weekly,2021-5-20T21:00:00.000,options,call
130,1621337940000,1367.35,1367.35,1367.35,1367.35,25,69850,32600,weekly,2021-5-20T21:00:00.000,options,call
131,1621338000000,1400.0,1413.6,1400.0,1413.6,100,69850,32600,weekly,2021-5-20T21:00:00.000,options,call
132,1621338120000,1413.0,1413.0,1402.95,1402.95,50,69825,32600,weekly,2021-5-20T21:00:00.000,options,call
133,1621338240000,1419.0,1419.0,1419.0,1419.0,25,69825,32600,weekly,2021-5-20T21:00:00.000,options,call
134,1621338540000,1436.0,1440.0,1436.0,1440.0,50,69825,32600,weekly,2021-5-20T21:00:00.000,options,call
135,1621338780000,1417.0,1417.0,1408.4,1408.4,50,69850,32600,weekly,2021-5-20T21:00:00.000,options,call
136,1621338900000,1400.95,1409.25,1400.95,1409.25,275,69850,32600,weekly,2021-5-20T21:00:00.000,options,call
137,1621338960000,1418.7,1418.7,1408.9,1408.9,325,69850,32600,weekly,2021-5-20T21:00:00.000,options,call
138,1621339020000,1380.0,1380.0,1380.0,1380.0,25,69775,32600,weekly,2021-5-20T21:00:00.000,options,call
139,1621339140000,1430.35,1430.35,1420.75,1425.15,75,69775,32600,weekly,2021-5-20T21:00:00.000,options,call
140,1621339200000,1440.0,1440.0,1440.0,1440.0,25,69825,32600,weekly,2021-5-20T21:00:00.000,options,call
141,1621339260000,1476.6,1476.6,1476.6,1476.6,25,69825,32600,weekly,2021-5-20T21:00:00.000,options,call
142,1621339440000,1450.0,1456.0,1446.95,1456.0,100,69800,32600,weekly,2021-5-20T21:00:00.000,options,call
143,1621339500000,1443.0,1443.0,1443.0,1443.0,75,69800,32600,weekly,2021-5-20T21:00:00.000,options,call
144,1621339620000,1440.0,1440.0,1440.0,1440.0,125,69825,32600,weekly,2021-5-20T21:00:00.000,options,call
145,1621339680000,1463.5,1463.5,1463.5,1463.5,25,69825,32600,weekly,2021-5-20T21:00:00.000,options,call
146,1621339740000,1465.8,1481.8,1465.8,1481.8,325,69825,32600,weekly,2021-5-20T21:00:00.000,options,call
147,1621339860000,1460.0,1460.0,1460.0,1460.0,25,69825,32600,weekly,2021-5-20T21:00:00.000,options,call
148,1621339920000,1450.0,1455.8,1450.0,1455.8,50,69675,32600,weekly,2021-5-20T21:00:00.000,options,call
149,1621339980000,1465.8,1465.8,1460.0,1460.0,125,69675,32600,weekly,2021-5-20T21:00:00.000,options,call
150,1621340040000,1460.0,1460.0,1436.4,1436.4,275,69675,32600,weekly,2021-5-20T21:00:00.000,options,call
151,1621340100000,1436.0,1436.0,1436.0,1436.0,25,69675,32600,weekly,2021-5-20T21:00:00.000,options,call
152,1621340280000,1452.25,1452.25,1452.25,1452.25,25,69700,32600,weekly,2021-5-20T21:00:00.000,options,call
153,1621340700000,1409.75,1409.75,1400.0,1400.0,100,69700,32600,weekly,2021-5-20T21:00:00.000,options,call
154,1621340820000,1400.0,1400.0,1400.0,1400.0,50,69700,32600,weekly,2021-5-20T21:00:00.000,options,call
155,1621341000000,1380.45,1380.45,1374.5,1374.5,50,69700,32600,weekly,2021-5-20T21:00:00.000,options,call
156,1621341060000,1407.0,1408.3,1407.0,1408.3,275,69700,32600,weekly,2021-5-20T21:00:00.000,options,call
157,1621341180000,1408.7,1415.55,1408.7,1415.55,25,69625,32600,weekly,2021-5-20T21:00:00.000,options,call
158,1621341240000,1415.55,1415.55,1415.55,1415.55,25,69625,32600,weekly,2021-5-20T21:00:00.000,options,call
159,1621341600000,1415.0,1449.95,1415.0,1441.35,125,69600,32600,weekly,2021-5-20T21:00:00.000,options,call
160,1621341660000,1441.35,1469.5,1441.35,1469.5,150,69600,32600,weekly,2021-5-20T21:00:00.000,options,call
161,1621341900000,1401.0,1401.0,1397.75,1397.75,125,69350,32600,weekly,2021-5-20T21:00:00.000,options,call
162,1621341960000,1418.0,1418.0,1418.0,1418.0,125,69350,32600,weekly,2021-5-20T21:00:00.000,options,call
163,1621342020000,1423.25,1423.25,1423.25,1423.25,25,69350,32600,weekly,2021-5-20T21:00:00.000,options,call
164,1621342260000,1423.25,1423.25,1423.25,1423.25,100,69250,32600,weekly,2021-5-20T21:00:00.000,options,call
165,1621342500000,1423.25,1423.25,1423.25,1423.25,50,69250,32600,weekly,2021-5-20T21:00:00.000,options,call
166,1621342560000,1406.95,1406.95,1406.95,1406.95,25,69250,32600,weekly,2021-5-20T21:00:00.000,options,call
167,1621342620000,1405.15,1405.15,1405.15,1405.15,50,69250,32600,weekly,2021-5-20T21:00:00.000,options,call
168,1621342680000,1413.3,1413.3,1413.3,1413.3,25,69300,32600,weekly,2021-5-20T21:00:00.000,options,call
169,1621342800000,1408.8,1408.8,1408.8,1408.8,25,69300,32600,weekly,2021-5-20T21:00:00.000,options,call
170,1621342860000,1414.25,1414.25,1414.25,1414.25,175,69300,32600,weekly,2021-5-20T21:00:00.000,options,call
171,1621342980000,1427.7,1427.7,1416.5,1416.5,275,69275,32600,weekly,2021-5-20T21:00:00.000,options,call
172,1621343040000,1436.45,1436.45,1412.35,1412.35,100,69275,32600,weekly,2021-5-20T21:00:00.000,options,call
173,1621343160000,1415.75,1415.75,1415.75,1415.75,25,69275,32600,weekly,2021-5-20T21:00:00.000,options,call
174,1621343220000,1415.4,1423.8,1415.4,1423.8,50,69275,32600,weekly,2021-5-20T21:00:00.000,options,call
175,1621343580000,1391.0,1391.0,1338.25,1353.85,350,69275,32600,weekly,2021-5-20T21:00:00.000,options,call
176,1621343640000,1374.75,1380.0,1374.75,1380.0,100,69275,32600,weekly,2021-5-20T21:00:00.000,options,call
177,1621343700000,1425.0,1509.7,1425.0,1478.95,375,69175,32600,weekly,2021-5-20T21:00:00.000,options,call
178,1621343760000,1476.45,1476.45,1476.45,1476.45,50,69175,32600,weekly,2021-5-20T21:00:00.000,options,call
179,1621343880000,1456.8,1456.8,1450.0,1450.0,50,69075,32600,weekly,2021-5-20T21:00:00.000,options,call
180,1621343940000,1450.0,1450.0,1450.0,1450.0,25,69075,32600,weekly,2021-5-20T21:00:00.000,options,call
181,1621344180000,1459.05,1459.05,1459.05,1459.05,25,69100,32600,weekly,2021-5-20T21:00:00.000,options,call
182,1621344300000,1467.65,1467.65,1467.65,1467.65,25,69000,32600,weekly,2021-5-20T21:00:00.000,options,call
183,1621344360000,1492.15,1492.15,1492.15,1492.15,50,69000,32600,weekly,2021-5-20T21:00:00.000,options,call
184,1621344480000,1483.65,1483.65,1483.65,1483.65,50,68975,32600,weekly,2021-5-20T21:00:00.000,options,call
185,1621344600000,1499.0,1499.0,1499.0,1499.0,125,68975,32600,weekly,2021-5-20T21:00:00.000,options,call
186,1621344660000,1497.0,1497.0,1497.0,1497.0,25,68950,32600,weekly,2021-5-20T21:00:00.000,options,call
187,1621344900000,1486.55,1486.55,1486.55,1486.55,25,68950,32600,weekly,2021-5-20T21:00:00.000,options,call
188,1621345320000,1458.9,1458.9,1458.9,1458.9,50,68925,32600,weekly,2021-5-20T21:00:00.000,options,call
189,1621345440000,1500.0,1523.0,1500.0,1519.05,525,68925,32600,weekly,2021-5-20T21:00:00.000,options,call
190,1621345620000,1518.8,1518.8,1518.8,1518.8,100,68775,32600,weekly,2021-5-20T21:00:00.000,options,call
191,1621345860000,1485.9,1485.9,1485.9,1485.9,50,68675,32600,weekly,2021-5-20T21:00:00.000,options,call
192,1621345920000,1480.0,1480.0,1476.0,1480.0,575,68675,32600,weekly,2021-5-20T21:00:00.000,options,call
193,1621346040000,1442.7,1442.7,1428.95,1428.95,75,68675,32600,weekly,2021-5-20T21:00:00.000,options,call
194,1621346100000,1429.0,1429.0,1429.0,1429.0,25,68050,32600,weekly,2021-5-20T21:00:00.000,options,call
195,1621346220000,1435.0,1435.0,1402.2,1402.2,50,68050,32600,weekly,2021-5-20T21:00:00.000,options,call
196,1621346280000,1380.0,1380.0,1378.45,1378.45,75,68050,32600,weekly,2021-5-20T21:00:00.000,options,call
197,1621346340000,1408.8,1424.0,1408.8,1424.0,50,68050,32600,weekly,2021-5-20T21:00:00.000,options,call
198,1621346400000,1436.05,1436.05,1436.05,1436.05,25,68050,32600,weekly,2021-5-20T21:00:00.000,options,call
199,1621346760000,1420.2,1420.2,1419.9,1419.9,75,68025,32600,weekly,2021-5-20T21:00:00.000,options,call
200,1621346880000,1425.0,1425.0,1425.0,1425.0,25,68025,32600,weekly,2021-5-20T21:00:00.000,options,call
201,1621347060000,1417.0,1417.0,1417.0,1417.0,25,68000,32600,weekly,2021-5-20T21:00:00.000,options,call
202,1621347120000,1410.2,1410.2,1410.2,1410.2,50,68000,32600,weekly,2021-5-20T21:00:00.000,options,call
203,1621347180000,1419.0,1419.0,1419.0,1419.0,25,68000,32600,weekly,2021-5-20T21:00:00.000,options,call
204,1621347240000,1400.0,1400.0,1400.0,1400.0,25,68000,32600,weekly,2021-5-20T21:00:00.000,options,call
205,1621347360000,1400.0,1410.0,1400.0,1410.0,225,67975,32600,weekly,2021-5-20T21:00:00.000,options,call
206,1621347420000,1385.0,1400.0,1385.0,1400.0,275,67975,32600,weekly,2021-5-20T21:00:00.000,options,call
207,1621347540000,1450.0,1466.45,1450.0,1466.45,50,67875,32600,weekly,2021-5-20T21:00:00.000,options,call
208,1621347600000,1454.3,1454.3,1428.5,1428.5,200,67875,32600,weekly,2021-5-20T21:00:00.000,options,call
209,1621347720000,1429.6,1429.6,1410.05,1410.05,125,67875,32600,weekly,2021-5-20T21:00:00.000,options,call
210,1621347780000,1420.0,1420.0,1420.0,1420.0,75,67875,32600,weekly,2021-5-20T21:00:00.000,options,call
211,1621347840000,1431.65,1431.65,1411.15,1411.15,50,67775,32600,weekly,2021-5-20T21:00:00.000,options,call
212,1621347900000,1413.0,1413.0,1413.0,1413.0,25,67775,32600,weekly,2021-5-20T21:00:00.000,options,call
213,1621347960000,1401.75,1401.75,1400.0,1400.0,375,67775,32600,weekly,2021-5-20T21:00:00.000,options,call
214,1621348020000,1391.0,1391.0,1381.85,1381.85,25,67775,32600,weekly,2021-5-20T21:00:00.000,options,call
215,1621348080000,1381.85,1381.85,1381.85,1381.85,25,67775,32600,weekly,2021-5-20T21:00:00.000,options,call
216,1621348140000,1346.7,1350.0,1300.05,1300.05,50,67775,32600,weekly,2021-5-20T21:00:00.000,options,call
217,1621348200000,1300.05,1318.3,1300.0,1300.0,225,67775,32600,weekly,2021-5-20T21:00:00.000,options,call
218,1621348260000,1327.3,1327.3,1327.3,1327.3,100,67800,32600,weekly,2021-5-20T21:00:00.000,options,call
219,1621348320000,1350.6,1357.4,1350.1,1357.4,75,67800,32600,weekly,2021-5-20T21:00:00.000,options,call
220,1621348380000,1366.15,1366.15,1349.9,1357.5,100,67800,32600,weekly,2021-5-20T21:00:00.000,options,call
221,1621348500000,1362.45,1362.45,1362.45,1362.45,50,67725,32600,weekly,2021-5-20T21:00:00.000,options,call
222,1621348560000,1358.65,1358.65,1358.65,1358.65,25,67725,32600,weekly,2021-5-20T21:00:00.000,options,call
223,1621348740000,1375.0,1375.0,1375.0,1375.0,25,67725,32600,weekly,2021-5-20T21:00:00.000,options,call
224,1621348800000,1365.25,1365.25,1365.25,1365.25,25,67750,32600,weekly,2021-5-20T21:00:00.000,options,call
225,1621348860000,1360.05,1360.05,1360.05,1360.05,25,67750,32600,weekly,2021-5-20T21:00:00.000,options,call
226,1621348980000,1360.05,1360.05,1360.05,1360.05,25,67725,32600,weekly,2021-5-20T21:00:00.000,options,call
227,1621349040000,1400.0,1400.0,1400.0,1400.0,25,67725,32600,weekly,2021-5-20T21:00:00.000,options,call
228,1621349100000,1421.3,1421.3,1421.3,1421.3,25,67725,32600,weekly,2021-5-20T21:00:00.000,options,call
229,1621349160000,1410.3,1410.3,1393.2,1400.0,125,67700,32600,weekly,2021-5-20T21:00:00.000,options,call
230,1621349400000,1385.85,1385.85,1385.85,1385.85,25,67650,32600,weekly,2021-5-20T21:00:00.000,options,call
231,1621349460000,1370.0,1370.0,1370.0,1370.0,125,67650,32600,weekly,2021-5-20T21:00:00.000,options,call
232,1621349580000,1385.0,1385.0,1385.0,1385.0,125,67775,32600,weekly,2021-5-20T21:00:00.000,options,call
233,1621349640000,1365.0,1366.1,1365.0,1366.1,150,67650,32600,weekly,2021-5-20T21:00:00.000,options,call
234,1621349700000,1362.25,1365.35,1362.25,1362.8,150,67650,32600,weekly,2021-5-20T21:00:00.000,options,call
235,1621349760000,1354.8,1354.8,1354.8,1354.8,50,67650,32600,weekly,2021-5-20T21:00:00.000,options,call
236,1621349880000,1346.85,1346.85,1346.85,1346.85,25,67700,32600,weekly,2021-5-20T21:00:00.000,options,call
237,1621350000000,1375.0,1375.0,1375.0,1375.0,125,67700,32600,weekly,2021-5-20T21:00:00.000,options,call
238,1621350060000,1396.1,1396.1,1396.1,1396.1,50,67600,32600,weekly,2021-5-20T21:00:00.000,options,call
239,1621350180000,1399.85,1399.85,1399.85,1399.85,25,67600,32600,weekly,2021-5-20T21:00:00.000,options,call
240,1621350240000,1373.3,1375.65,1367.15,1367.15,125,67525,32600,weekly,2021-5-20T21:00:00.000,options,call
241,1621350300000,1349.0,1349.0,1349.0,1349.0,75,67525,32600,weekly,2021-5-20T21:00:00.000,options,call
242,1621350360000,1352.8,1364.55,1352.8,1364.55,300,67500,32600,weekly,2021-5-20T21:00:00.000,options,call
243,1621350420000,1358.95,1358.95,1358.95,1358.95,100,67500,32600,weekly,2021-5-20T21:00:00.000,options,call
244,1621350480000,1359.15,1364.65,1352.85,1352.85,925,67500,32600,weekly,2021-5-20T21:00:00.000,options,call
245,1621350540000,1369.4,1369.4,1361.0,1361.0,375,67425,32600,weekly,2021-5-20T21:00:00.000,options,call
246,1621350600000,1361.0,1392.1,1361.0,1390.8,175,67425,32600,weekly,2021-5-20T21:00:00.000,options,call
247,1621350720000,1391.15,1398.05,1391.15,1394.2,100,67425,32600,weekly,2021-5-20T21:00:00.000,options,call
248,1621350780000,1386.2,1386.2,1386.2,1386.2,25,67275,32600,weekly,2021-5-20T21:00:00.000,options,call
249,1621350840000,1378.3,1392.05,1378.0,1378.0,75,67275,32600,weekly,2021-5-20T21:00:00.000,options,call
250,1621350900000,1392.3,1392.3,1392.3,1392.3,25,67275,32600,weekly,2021-5-20T21:00:00.000,options,call
251,1621350960000,1391.55,1391.55,1388.25,1388.25,150,67225,32600,weekly,2021-5-20T21:00:00.000,options,call
252,1621351020000,1391.0,1392.15,1391.0,1392.15,50,67225,32600,weekly,2021-5-20T21:00:00.000,options,call
253,1621351080000,1380.9,1387.0,1380.9,1387.0,50,67225,32600,weekly,2021-5-20T21:00:00.000,options,call
254,1621351200000,1400.0,1468.1,1400.0,1449.1,550,67125,32600,weekly,2021-5-20T21:00:00.000,options,call
255,1621351260000,1466.7,1468.1,1447.5,1447.5,150,66825,32600,weekly,2021-5-20T21:00:00.000,options,call
256,1621351380000,1466.45,1466.45,1461.4,1461.4,50,66825,32600,weekly,2021-5-20T21:00:00.000,options,call
257,1621351440000,1459.3,1473.75,1459.3,1462.15,100,66800,32600,weekly,2021-5-20T21:00:00.000,options,call
258,1621351500000,1473.75,1475.7,1473.75,1475.7,75,66800,32600,weekly,2021-5-20T21:00:00.000,options,call
259,1621351560000,1475.9,1479.0,1475.0,1479.0,500,66800,32600,weekly,2021-5-20T21:00:00.000,options,call
260,1621351620000,1472.7,1473.05,1455.85,1466.1,625,67075,32600,weekly,2021-5-20T21:00:00.000,options,call
261,1621351680000,1466.1,1473.45,1466.1,1473.45,275,67075,32600,weekly,2021-5-20T21:00:00.000,options,call
262,1621351740000,1473.45,1473.45,1460.9,1460.9,450,67075,32600,weekly,2021-5-20T21:00:00.000,options,call
