,timestamp,open,high,low,close,volume,open_interest,strike,expiry_type,expiry,instrument,contract_type
0,1657617300000,75.1,85.0,73.45,80.2,629300,1050650,16050,weekly,2022-7-14T21:00:00.000,options,put
1,1657617360000,80.45,84.85,80.45,83.8,380350,1050650,16050,weekly,2022-7-14T21:00:00.000,options,put
2,1657617420000,84.25,84.85,80.0,82.05,302050,1085150,16050,weekly,2022-7-14T21:00:00.000,options,put
3,1657617480000,81.75,83.25,78.3,79.8,226800,1085150,16050,weekly,2022-7-14T21:00:00.000,options,put
4,1657617540000,80.15,80.7,75.95,79.55,180600,1085150,16050,weekly,2022-7-14T21:00:00.000,options,put
5,1657617600000,79.05,81.6,78.45,81.6,207400,1135450,16050,weekly,2022-7-14T21:00:00.000,options,put
6,1657617660000,81.3,83.1,79.65,79.65,149350,1135450,16050,weekly,2022-7-14T21:00:00.000,options,put
7,1657617720000,79.05,79.95,76.65,78.0,138700,1135450,16050,weekly,2022-7-14T21:00:00.000,options,put
8,1657617780000,78.0,79.5,77.55,78.7,126600,1196550,16050,weekly,2022-7-14T21:00:00.000,options,put
9,1657617840000,78.4,79.7,74.0,75.1,146150,1196550,16050,weekly,2022-7-14T21:00:00.000,options,put
10,1657617900000,74.85,79.25,74.85,78.75,106150,1196550,16050,weekly,2022-7-14T21:00:00.000,options,put
11,1657617960000,78.75,79.85,77.4,78.55,59700,1230700,16050,weekly,2022-7-14T21:00:00.000,options,put
12,1657618020000,78.15,78.3,74.0,76.4,115450,1230700,16050,weekly,2022-7-14T21:00:00.000,options,put
13,1657618080000,76.1,77.65,74.0,74.4,91000,1230700,16050,weekly,2022-7-14T21:00:00.000,options,put
14,1657618140000,74.4,77.8,74.4,76.5,82800,1260150,16050,weekly,2022-7-14T21:00:00.000,options,put
15,1657618200000,76.65,78.7,76.35,78.15,84800,1260150,16050,weekly,2022-7-14T21:00:00.000,options,put
16,1657618260000,78.1,79.3,77.5,77.6,88300,1260150,16050,weekly,2022-7-14T21:00:00.000,options,put
17,1657618320000,77.2,77.4,74.2,74.35,122050,1323150,16050,weekly,2022-7-14T21:00:00.000,options,put
18,1657618380000,74.5,74.5,70.75,72.05,171800,1323150,16050,weekly,2022-7-14T21:00:00.000,options,put
19,1657618440000,72.3,74.6,71.55,72.25,107450,1323150,16050,weekly,2022-7-14T21:00:00.000,options,put
20,1657618500000,72.2,74.45,71.4,71.95,85250,1373950,16050,weekly,2022-7-14T21:00:00.000,options,put
21,1657618560000,72.05,74.1,69.6,73.8,129600,1373950,16050,weekly,2022-7-14T21:00:00.000,options,put
22,1657618620000,73.85,74.45,72.75,73.25,105800,1373950,16050,weekly,2022-7-14T21:00:00.000,options,put
23,1657618680000,73.05,74.9,73.05,74.2,42950,1403250,16050,weekly,2022-7-14T21:00:00.000,options,put
24,1657618740000,74.05,74.6,73.1,73.75,41150,1403250,16050,weekly,2022-7-14T21:00:00.000,options,put
25,1657618800000,73.65,74.6,72.2,73.3,103400,1403250,16050,weekly,2022-7-14T21:00:00.000,options,put
26,1657618860000,73.9,73.95,70.65,70.95,83200,1433350,16050,weekly,2022-7-14T21:00:00.000,options,put
27,1657618920000,70.95,73.65,70.45,73.5,56600,1433350,16050,weekly,2022-7-14T21:00:00.000,options,put
28,1657618980000,73.6,74.6,72.75,74.0,68300,1433350,16050,weekly,2022-7-14T21:00:00.000,options,put
29,1657619040000,74.25,74.6,73.75,74.35,59900,1454000,16050,weekly,2022-7-14T21:00:00.000,options,put
30,1657619100000,74.45,74.85,72.8,73.9,62000,1454000,16050,weekly,2022-7-14T21:00:00.000,options,put
31,1657619160000,73.85,73.85,71.0,71.0,39650,1454000,16050,weekly,2022-7-14T21:00:00.000,options,put
32,1657619220000,71.1,72.55,70.55,70.95,60200,1449950,16050,weekly,2022-7-14T21:00:00.000,options,put
33,1657619280000,70.65,71.9,68.75,71.05,141150,1449950,16050,weekly,2022-7-14T21:00:00.000,options,put
34,1657619340000,71.0,73.15,70.7,72.45,37800,1449950,16050,weekly,2022-7-14T21:00:00.000,options,put
35,1657619400000,72.55,74.4,72.25,74.4,41100,1487650,16050,weekly,2022-7-14T21:00:00.000,options,put
36,1657619460000,74.2,74.2,71.85,73.45,39750,1487650,16050,weekly,2022-7-14T21:00:00.000,options,put
37,1657619520000,73.15,73.45,72.25,73.2,25700,1487650,16050,weekly,2022-7-14T21:00:00.000,options,put
38,1657619580000,73.1,73.1,71.5,71.9,41200,1495850,16050,weekly,2022-7-14T21:00:00.000,options,put
39,1657619640000,71.7,72.9,71.35,72.6,32350,1495850,16050,weekly,2022-7-14T21:00:00.000,options,put
40,1657619700000,72.75,74.5,72.75,73.45,65750,1495850,16050,weekly,2022-7-14T21:00:00.000,options,put
41,1657619760000,73.5,74.75,72.9,73.25,37450,1494700,16050,weekly,2022-7-14T21:00:00.000,options,put
42,1657619820000,73.4,75.35,73.4,74.45,57400,1494700,16050,weekly,2022-7-14T21:00:00.000,options,put
43,1657619880000,74.6,75.3,72.2,72.2,61450,1494700,16050,weekly,2022-7-14T21:00:00.000,options,put
44,1657619940000,72.3,72.3,65.2,70.45,205650,1508650,16050,weekly,2022-7-14T21:00:00.000,options,put
45,1657620000000,70.35,70.45,68.05,68.2,159700,1508650,16050,weekly,2022-7-14T21:00:00.000,options,put
46,1657620060000,68.1,70.45,67.9,69.6,74700,1508650,16050,weekly,2022-7-14T21:00:00.000,options,put
47,1657620120000,69.75,69.75,67.4,67.6,97500,1571850,16050,weekly,2022-7-14T21:00:00.000,options,put
48,1657620180000,68.15,68.65,67.15,67.85,75000,1571850,16050,weekly,2022-7-14T21:00:00.000,options,put
49,1657620240000,67.75,68.65,67.5,68.25,40200,1571850,16050,weekly,2022-7-14T21:00:00.000,options,put
50,1657620300000,68.45,68.45,64.55,65.25,89750,1615000,16050,weekly,2022-7-14T21:00:00.000,options,put
51,1657620360000,65.2,65.2,63.0,64.95,146200,1615000,16050,weekly,2022-7-14T21:00:00.000,options,put
52,1657620420000,64.7,65.65,64.15,65.3,63350,1615000,16050,weekly,2022-7-14T21:00:00.000,options,put
53,1657620480000,65.5,66.4,65.4,66.15,50350,1620100,16050,weekly,2022-7-14T21:00:00.000,options,put
54,1657620540000,66.05,66.05,63.75,65.25,80250,1620100,16050,weekly,2022-7-14T21:00:00.000,options,put
55,1657620600000,65.25,66.05,64.85,65.5,50200,1620100,16050,weekly,2022-7-14T21:00:00.000,options,put
56,1657620660000,65.6,67.3,65.25,67.2,46500,1590250,16050,weekly,2022-7-14T21:00:00.000,options,put
57,1657620720000,67.2,67.3,65.9,66.4,46600,1590250,16050,weekly,2022-7-14T21:00:00.000,options,put
58,1657620780000,66.55,67.45,66.4,66.7,43300,1590250,16050,weekly,2022-7-14T21:00:00.000,options,put
59,1657620840000,66.95,69.4,66.75,69.4,66100,1598500,16050,weekly,2022-7-14T21:00:00.000,options,put
60,1657620900000,69.2,70.15,68.8,69.0,123150,1598500,16050,weekly,2022-7-14T21:00:00.000,options,put
61,1657620960000,68.85,70.75,68.75,70.5,86500,1598500,16050,weekly,2022-7-14T21:00:00.000,options,put
62,1657621020000,70.7,71.4,70.25,71.0,90850,1602950,16050,weekly,2022-7-14T21:00:00.000,options,put
63,1657621080000,71.1,72.4,70.85,72.1,57850,1602950,16050,weekly,2022-7-14T21:00:00.000,options,put
64,1657621140000,72.3,72.6,70.5,70.9,54700,1602950,16050,weekly,2022-7-14T21:00:00.000,options,put
65,1657621200000,70.85,71.55,69.6,71.3,46500,1596350,16050,weekly,2022-7-14T21:00:00.000,options,put
66,1657621260000,71.45,72.85,69.75,72.5,46000,1596350,16050,weekly,2022-7-14T21:00:00.000,options,put
67,1657621320000,72.65,73.7,72.4,73.0,73600,1596350,16050,weekly,2022-7-14T21:00:00.000,options,put
68,1657621380000,73.0,73.0,71.1,71.8,42700,1581300,16050,weekly,2022-7-14T21:00:00.000,options,put
69,1657621440000,71.8,72.3,70.25,70.25,47650,1581300,16050,weekly,2022-7-14T21:00:00.000,options,put
70,1657621500000,70.35,70.35,67.65,68.2,59200,1581300,16050,weekly,2022-7-14T21:00:00.000,options,put
71,1657621560000,67.85,69.25,67.1,68.25,52800,1596400,16050,weekly,2022-7-14T21:00:00.000,options,put
72,1657621620000,68.75,68.75,65.85,66.05,58100,1596400,16050,weekly,2022-7-14T21:00:00.000,options,put
73,1657621680000,66.2,67.75,65.7,66.8,48950,1596400,16050,weekly,2022-7-14T21:00:00.000,options,put
74,1657621740000,66.8,66.9,65.4,66.4,49500,1612400,16050,weekly,2022-7-14T21:00:00.000,options,put
75,1657621800000,66.65,67.65,65.6,67.35,69950,1612400,16050,weekly,2022-7-14T21:00:00.000,options,put
76,1657621860000,67.65,68.35,67.15,68.0,55750,1612400,16050,weekly,2022-7-14T21:00:00.000,options,put
77,1657621920000,68.3,68.35,66.0,66.65,50150,1620800,16050,weekly,2022-7-14T21:00:00.000,options,put
78,1657621980000,66.55,67.95,66.55,67.95,41300,1620800,16050,weekly,2022-7-14T21:00:00.000,options,put
79,1657622040000,67.95,68.35,66.95,67.6,34700,1620800,16050,weekly,2022-7-14T21:00:00.000,options,put
80,1657622100000,67.55,68.85,66.8,68.45,44150,1634800,16050,weekly,2022-7-14T21:00:00.000,options,put
81,1657622160000,68.5,68.7,65.4,66.25,68100,1634800,16050,weekly,2022-7-14T21:00:00.000,options,put
82,1657622220000,66.0,68.1,65.5,67.4,40700,1634800,16050,weekly,2022-7-14T21:00:00.000,options,put
83,1657622280000,67.25,68.8,67.25,68.3,40650,1638250,16050,weekly,2022-7-14T21:00:00.000,options,put
84,1657622340000,68.4,68.6,66.9,67.1,14500,1638250,16050,weekly,2022-7-14T21:00:00.000,options,put
85,1657622400000,67.05,68.7,66.7,68.6,28550,1638250,16050,weekly,2022-7-14T21:00:00.000,options,put
86,1657622460000,68.4,68.7,66.35,67.2,33100,1638450,16050,weekly,2022-7-14T21:00:00.000,options,put
87,1657622520000,67.25,67.8,66.9,67.15,14700,1638450,16050,weekly,2022-7-14T21:00:00.000,options,put
88,1657622580000,67.15,69.0,67.15,68.1,31650,1638450,16050,weekly,2022-7-14T21:00:00.000,options,put
89,1657622640000,68.0,69.4,68.0,68.7,45550,1651250,16050,weekly,2022-7-14T21:00:00.000,options,put
90,1657622700000,68.65,69.4,68.1,68.85,64900,1651250,16050,weekly,2022-7-14T21:00:00.000,options,put
91,1657622760000,68.85,69.7,68.1,68.1,38950,1651250,16050,weekly,2022-7-14T21:00:00.000,options,put
92,1657622820000,68.25,68.25,66.65,67.3,41250,1665550,16050,weekly,2022-7-14T21:00:00.000,options,put
93,1657622880000,67.3,67.75,66.8,67.5,14700,1665550,16050,weekly,2022-7-14T21:00:00.000,options,put
94,1657622940000,67.6,67.65,65.9,65.9,21150,1665550,16050,weekly,2022-7-14T21:00:00.000,options,put
95,1657623000000,65.9,66.6,64.6,64.65,64050,1671300,16050,weekly,2022-7-14T21:00:00.000,options,put
96,1657623060000,64.55,65.55,63.7,65.15,66900,1671300,16050,weekly,2022-7-14T21:00:00.000,options,put
97,1657623120000,65.2,65.2,64.4,64.6,88350,1671300,16050,weekly,2022-7-14T21:00:00.000,options,put
98,1657623180000,64.65,65.8,64.0,65.7,34100,1619550,16050,weekly,2022-7-14T21:00:00.000,options,put
99,1657623240000,65.55,65.85,64.35,65.0,24450,1619550,16050,weekly,2022-7-14T21:00:00.000,options,put
100,1657623300000,65.0,66.0,64.9,65.6,29300,1619550,16050,weekly,2022-7-14T21:00:00.000,options,put
101,1657623360000,65.8,65.85,64.75,64.75,15600,1629100,16050,weekly,2022-7-14T21:00:00.000,options,put
102,1657623420000,64.65,65.0,63.4,64.5,41950,1629100,16050,weekly,2022-7-14T21:00:00.000,options,put
103,1657623480000,64.2,64.7,63.65,64.6,31500,1629100,16050,weekly,2022-7-14T21:00:00.000,options,put
104,1657623540000,64.6,65.45,64.2,64.85,23050,1635850,16050,weekly,2022-7-14T21:00:00.000,options,put
105,1657623600000,64.8,66.1,64.8,65.5,32550,1635850,16050,weekly,2022-7-14T21:00:00.000,options,put
106,1657623660000,65.5,66.2,65.0,66.2,23200,1635850,16050,weekly,2022-7-14T21:00:00.000,options,put
107,1657623720000,66.15,66.5,65.8,66.35,29400,1639700,16050,weekly,2022-7-14T21:00:00.000,options,put
108,1657623780000,66.45,66.45,65.0,65.3,21500,1639700,16050,weekly,2022-7-14T21:00:00.000,options,put
109,1657623840000,65.8,66.5,65.0,66.35,21900,1639700,16050,weekly,2022-7-14T21:00:00.000,options,put
110,1657623900000,66.3,66.7,65.7,66.05,25600,1641350,16050,weekly,2022-7-14T21:00:00.000,options,put
111,1657623960000,66.15,67.1,65.9,66.0,26600,1641350,16050,weekly,2022-7-14T21:00:00.000,options,put
112,1657624020000,65.75,66.4,65.0,65.0,23850,1641350,16050,weekly,2022-7-14T21:00:00.000,options,put
113,1657624080000,64.9,65.5,63.75,65.5,37900,1647000,16050,weekly,2022-7-14T21:00:00.000,options,put
114,1657624140000,65.65,68.0,65.6,67.5,56150,1647000,16050,weekly,2022-7-14T21:00:00.000,options,put
115,1657624200000,67.75,68.6,67.25,68.4,57550,1647000,16050,weekly,2022-7-14T21:00:00.000,options,put
116,1657624260000,68.55,68.75,66.8,67.3,44050,1646600,16050,weekly,2022-7-14T21:00:00.000,options,put
117,1657624320000,66.8,67.75,66.1,66.9,28950,1646600,16050,weekly,2022-7-14T21:00:00.000,options,put
118,1657624380000,67.1,67.5,66.0,66.15,18000,1646600,16050,weekly,2022-7-14T21:00:00.000,options,put
119,1657624440000,66.2,67.25,65.25,66.7,35700,1654700,16050,weekly,2022-7-14T21:00:00.000,options,put
120,1657624500000,66.65,68.5,66.65,68.25,41700,1654700,16050,weekly,2022-7-14T21:00:00.000,options,put
121,1657624560000,68.3,68.95,67.4,68.75,44200,1654700,16050,weekly,2022-7-14T21:00:00.000,options,put
122,1657624620000,68.55,69.75,67.95,69.7,41250,1660350,16050,weekly,2022-7-14T21:00:00.000,options,put
123,1657624680000,70.0,70.0,68.65,68.75,48800,1660350,16050,weekly,2022-7-14T21:00:00.000,options,put
124,1657624740000,68.65,70.25,67.8,69.8,50000,1660350,16050,weekly,2022-7-14T21:00:00.000,options,put
125,1657624800000,69.75,71.0,69.45,70.2,76900,1650750,16050,weekly,2022-7-14T21:00:00.000,options,put
126,1657624860000,70.4,71.6,70.3,71.0,74400,1650750,16050,weekly,2022-7-14T21:00:00.000,options,put
127,1657624920000,71.0,71.55,70.0,70.55,41300,1650750,16050,weekly,2022-7-14T21:00:00.000,options,put
128,1657624980000,70.5,70.6,69.85,70.5,36500,1652250,16050,weekly,2022-7-14T21:00:00.000,options,put
129,1657625040000,70.5,71.15,70.15,70.15,31100,1652250,16050,weekly,2022-7-14T21:00:00.000,options,put
130,1657625100000,69.95,70.9,69.8,70.8,27300,1652250,16050,weekly,2022-7-14T21:00:00.000,options,put
131,1657625160000,70.55,72.1,70.5,72.05,61450,1660850,16050,weekly,2022-7-14T21:00:00.000,options,put
132,1657625220000,72.05,72.6,71.15,71.45,83450,1660850,16050,weekly,2022-7-14T21:00:00.000,options,put
133,1657625280000,71.3,72.35,71.0,72.05,68100,1660850,16050,weekly,2022-7-14T21:00:00.000,options,put
134,1657625340000,72.1,73.9,72.1,73.65,84800,1656550,16050,weekly,2022-7-14T21:00:00.000,options,put
135,1657625400000,73.6,77.05,73.6,76.45,213050,1656550,16050,weekly,2022-7-14T21:00:00.000,options,put
136,1657625460000,77.1,78.3,75.65,77.4,191600,1656550,16050,weekly,2022-7-14T21:00:00.000,options,put
137,1657625520000,77.3,78.35,75.0,76.0,160950,1599750,16050,weekly,2022-7-14T21:00:00.000,options,put
138,1657625580000,75.7,76.0,74.2,74.65,84650,1599750,16050,weekly,2022-7-14T21:00:00.000,options,put
139,1657625640000,74.35,77.2,74.35,77.1,107150,1599750,16050,weekly,2022-7-14T21:00:00.000,options,put
140,1657625700000,77.8,77.9,76.3,77.2,98650,1598000,16050,weekly,2022-7-14T21:00:00.000,options,put
141,1657625760000,77.65,78.7,77.0,78.7,102050,1598000,16050,weekly,2022-7-14T21:00:00.000,options,put
142,1657625820000,78.4,79.15,74.8,76.65,157400,1598000,16050,weekly,2022-7-14T21:00:00.000,options,put
143,1657625880000,76.65,76.85,75.25,75.7,60000,1602550,16050,weekly,2022-7-14T21:00:00.000,options,put
144,1657625940000,75.65,81.2,75.65,80.9,129700,1602550,16050,weekly,2022-7-14T21:00:00.000,options,put
145,1657626000000,80.8,82.05,79.5,81.7,200600,1602550,16050,weekly,2022-7-14T21:00:00.000,options,put
146,1657626060000,82.0,82.2,79.35,80.5,167800,1574400,16050,weekly,2022-7-14T21:00:00.000,options,put
147,1657626120000,80.55,81.35,77.4,77.6,131900,1574400,16050,weekly,2022-7-14T21:00:00.000,options,put
148,1657626180000,77.7,81.85,77.7,81.45,111700,1574400,16050,weekly,2022-7-14T21:00:00.000,options,put
149,1657626240000,81.55,82.2,78.7,79.3,123150,1557500,16050,weekly,2022-7-14T21:00:00.000,options,put
150,1657626300000,79.3,82.9,79.3,82.05,129000,1557500,16050,weekly,2022-7-14T21:00:00.000,options,put
151,1657626360000,82.3,82.75,76.0,76.0,201300,1557500,16050,weekly,2022-7-14T21:00:00.000,options,put
152,1657626420000,76.35,78.25,75.25,75.5,75550,1556100,16050,weekly,2022-7-14T21:00:00.000,options,put
153,1657626480000,75.85,77.45,74.35,77.4,97050,1556100,16050,weekly,2022-7-14T21:00:00.000,options,put
154,1657626540000,77.7,77.7,75.45,76.45,42300,1556100,16050,weekly,2022-7-14T21:00:00.000,options,put
155,1657626600000,76.7,77.25,74.45,75.95,55750,1558950,16050,weekly,2022-7-14T21:00:00.000,options,put
156,1657626660000,76.0,76.65,74.1,74.85,62100,1558950,16050,weekly,2022-7-14T21:00:00.000,options,put
157,1657626720000,74.6,74.6,72.3,73.05,138950,1558950,16050,weekly,2022-7-14T21:00:00.000,options,put
158,1657626780000,73.25,74.8,73.05,74.75,74900,1576050,16050,weekly,2022-7-14T21:00:00.000,options,put
159,1657626840000,74.85,75.75,74.5,75.4,45000,1576050,16050,weekly,2022-7-14T21:00:00.000,options,put
160,1657626900000,75.3,76.3,74.45,74.45,58400,1576050,16050,weekly,2022-7-14T21:00:00.000,options,put
161,1657626960000,74.6,74.85,73.75,73.75,37700,1578600,16050,weekly,2022-7-14T21:00:00.000,options,put
162,1657627020000,73.7,74.5,73.7,73.9,30400,1578600,16050,weekly,2022-7-14T21:00:00.000,options,put
163,1657627080000,73.95,75.7,73.95,75.3,35000,1578600,16050,weekly,2022-7-14T21:00:00.000,options,put
164,1657627140000,75.5,76.5,74.55,76.45,26700,1579800,16050,weekly,2022-7-14T21:00:00.000,options,put
165,1657627200000,76.6,78.0,75.8,77.65,68950,1579800,16050,weekly,2022-7-14T21:00:00.000,options,put
166,1657627260000,77.8,79.1,76.65,76.9,89350,1579800,16050,weekly,2022-7-14T21:00:00.000,options,put
167,1657627320000,76.8,78.35,76.0,76.25,47050,1594850,16050,weekly,2022-7-14T21:00:00.000,options,put
168,1657627380000,76.5,77.7,76.35,77.3,29750,1594850,16050,weekly,2022-7-14T21:00:00.000,options,put
169,1657627440000,77.5,77.55,75.3,75.45,38250,1594850,16050,weekly,2022-7-14T21:00:00.000,options,put
170,1657627500000,75.6,76.1,73.25,76.1,72950,1594550,16050,weekly,2022-7-14T21:00:00.000,options,put
171,1657627560000,76.3,77.45,75.8,76.05,67950,1594550,16050,weekly,2022-7-14T21:00:00.000,options,put
172,1657627620000,76.3,76.5,74.6,75.6,60250,1594550,16050,weekly,2022-7-14T21:00:00.000,options,put
173,1657627680000,75.65,77.45,75.15,77.35,55700,1588150,16050,weekly,2022-7-14T21:00:00.000,options,put
174,1657627740000,77.5,77.75,76.45,76.6,37100,1588150,16050,weekly,2022-7-14T21:00:00.000,options,put
175,1657627800000,76.75,78.5,76.65,77.15,58500,1588150,16050,weekly,2022-7-14T21:00:00.000,options,put
176,1657627860000,77.2,79.0,77.2,78.4,56750,1597250,16050,weekly,2022-7-14T21:00:00.000,options,put
177,1657627920000,78.2,78.35,75.95,76.05,44450,1597250,16050,weekly,2022-7-14T21:00:00.000,options,put
178,1657627980000,76.4,77.0,74.55,75.15,35650,1597250,16050,weekly,2022-7-14T21:00:00.000,options,put
179,1657628040000,75.15,76.95,75.15,76.45,21450,1591150,16050,weekly,2022-7-14T21:00:00.000,options,put
180,1657628100000,76.7,78.25,76.2,77.35,40650,1591150,16050,weekly,2022-7-14T21:00:00.000,options,put
181,1657628160000,77.45,78.45,77.15,77.15,50700,1591150,16050,weekly,2022-7-14T21:00:00.000,options,put
182,1657628220000,77.75,79.6,77.7,79.0,71600,1586900,16050,weekly,2022-7-14T21:00:00.000,options,put
183,1657628280000,78.95,80.0,78.8,79.7,86850,1586900,16050,weekly,2022-7-14T21:00:00.000,options,put
184,1657628340000,79.8,81.5,79.8,81.25,100800,1586900,16050,weekly,2022-7-14T21:00:00.000,options,put
185,1657628400000,81.6,86.0,80.55,84.65,239850,1578150,16050,weekly,2022-7-14T21:00:00.000,options,put
186,1657628460000,84.95,92.3,84.8,91.4,577700,1578150,16050,weekly,2022-7-14T21:00:00.000,options,put
187,1657628520000,91.55,92.85,90.35,91.5,386400,1578150,16050,weekly,2022-7-14T21:00:00.000,options,put
188,1657628580000,91.15,92.2,88.6,91.95,215150,1476100,16050,weekly,2022-7-14T21:00:00.000,options,put
189,1657628640000,91.8,94.3,89.75,92.0,336600,1476100,16050,weekly,2022-7-14T21:00:00.000,options,put
190,1657628700000,91.9,93.0,88.95,89.4,241950,1476100,16050,weekly,2022-7-14T21:00:00.000,options,put
191,1657628760000,89.6,90.9,89.2,90.7,120550,1603150,16050,weekly,2022-7-14T21:00:00.000,options,put
192,1657628820000,90.9,90.95,88.55,88.85,105650,1603150,16050,weekly,2022-7-14T21:00:00.000,options,put
193,1657628880000,89.05,91.7,88.65,90.25,136700,1603150,16050,weekly,2022-7-14T21:00:00.000,options,put
194,1657628940000,90.2,92.05,89.05,90.95,123800,1635350,16050,weekly,2022-7-14T21:00:00.000,options,put
195,1657629000000,91.0,95.5,89.8,92.3,329550,1635350,16050,weekly,2022-7-14T21:00:00.000,options,put
196,1657629060000,91.8,91.8,83.6,88.05,337850,1635350,16050,weekly,2022-7-14T21:00:00.000,options,put
197,1657629120000,88.2,88.6,84.2,86.55,148300,1625250,16050,weekly,2022-7-14T21:00:00.000,options,put
198,1657629180000,86.1,86.8,80.3,81.7,241000,1625250,16050,weekly,2022-7-14T21:00:00.000,options,put
199,1657629240000,82.1,84.75,81.9,84.1,106200,1625250,16050,weekly,2022-7-14T21:00:00.000,options,put
200,1657629300000,83.75,85.55,82.35,84.8,90800,1627450,16050,weekly,2022-7-14T21:00:00.000,options,put
201,1657629360000,84.95,85.8,82.4,82.4,91650,1627450,16050,weekly,2022-7-14T21:00:00.000,options,put
202,1657629420000,82.1,82.1,76.9,78.3,237950,1627450,16050,weekly,2022-7-14T21:00:00.000,options,put
203,1657629480000,78.35,81.6,78.35,79.0,253100,1538200,16050,weekly,2022-7-14T21:00:00.000,options,put
204,1657629540000,79.0,82.8,78.75,82.15,74300,1538200,16050,weekly,2022-7-14T21:00:00.000,options,put
205,1657629600000,81.7,84.35,81.7,81.95,81150,1538200,16050,weekly,2022-7-14T21:00:00.000,options,put
206,1657629660000,80.85,84.35,80.65,84.15,129050,1520750,16050,weekly,2022-7-14T21:00:00.000,options,put
207,1657629720000,84.45,85.15,83.5,83.85,82400,1520750,16050,weekly,2022-7-14T21:00:00.000,options,put
208,1657629780000,84.0,88.5,84.0,87.5,164700,1520750,16050,weekly,2022-7-14T21:00:00.000,options,put
209,1657629840000,89.0,89.2,85.15,85.15,130650,1532150,16050,weekly,2022-7-14T21:00:00.000,options,put
210,1657629900000,84.75,92.2,84.75,87.95,187100,1532150,16050,weekly,2022-7-14T21:00:00.000,options,put
211,1657629960000,88.8,90.5,85.6,88.55,171800,1532150,16050,weekly,2022-7-14T21:00:00.000,options,put
212,1657630020000,87.95,90.5,86.95,88.5,106800,1476650,16050,weekly,2022-7-14T21:00:00.000,options,put
213,1657630080000,89.2,90.5,88.2,88.4,78250,1476650,16050,weekly,2022-7-14T21:00:00.000,options,put
214,1657630140000,89.0,92.35,89.0,91.2,138100,1476650,16050,weekly,2022-7-14T21:00:00.000,options,put
215,1657630200000,91.15,94.85,91.15,92.4,274250,1484750,16050,weekly,2022-7-14T21:00:00.000,options,put
216,1657630260000,92.85,93.35,90.35,90.5,165500,1484750,16050,weekly,2022-7-14T21:00:00.000,options,put
217,1657630320000,90.25,98.85,89.25,98.05,416750,1484750,16050,weekly,2022-7-14T21:00:00.000,options,put
218,1657630380000,98.4,99.0,96.25,96.95,306750,1484750,16050,weekly,2022-7-14T21:00:00.000,options,put
219,1657630440000,97.15,98.45,94.65,95.95,181600,1447900,16050,weekly,2022-7-14T21:00:00.000,options,put
220,1657630500000,95.6,97.05,92.7,96.25,207650,1447900,16050,weekly,2022-7-14T21:00:00.000,options,put
221,1657630560000,95.85,97.9,93.65,93.65,133400,1447900,16050,weekly,2022-7-14T21:00:00.000,options,put
222,1657630620000,93.95,95.05,91.4,93.3,136800,1473400,16050,weekly,2022-7-14T21:00:00.000,options,put
223,1657630680000,94.6,95.0,92.05,94.2,98500,1473400,16050,weekly,2022-7-14T21:00:00.000,options,put
224,1657630740000,94.85,96.6,94.85,95.3,125100,1473400,16050,weekly,2022-7-14T21:00:00.000,options,put
225,1657630800000,95.2,95.75,94.35,95.25,108100,1499400,16050,weekly,2022-7-14T21:00:00.000,options,put
226,1657630860000,94.65,95.4,89.7,91.2,197500,1499400,16050,weekly,2022-7-14T21:00:00.000,options,put
227,1657630920000,91.6,94.2,91.3,91.9,102850,1499400,16050,weekly,2022-7-14T21:00:00.000,options,put
228,1657630980000,92.25,96.9,92.25,96.75,137000,1495450,16050,weekly,2022-7-14T21:00:00.000,options,put
229,1657631040000,96.95,98.45,96.75,97.5,211850,1495450,16050,weekly,2022-7-14T21:00:00.000,options,put
230,1657631100000,97.2,98.4,93.25,93.6,192350,1495450,16050,weekly,2022-7-14T21:00:00.000,options,put
231,1657631160000,93.65,95.8,91.95,94.65,167050,1507850,16050,weekly,2022-7-14T21:00:00.000,options,put
232,1657631220000,94.6,97.0,94.3,94.6,121300,1507850,16050,weekly,2022-7-14T21:00:00.000,options,put
233,1657631280000,94.4,95.2,92.55,93.0,78850,1507850,16050,weekly,2022-7-14T21:00:00.000,options,put
234,1657631340000,92.65,94.05,91.05,92.75,90250,1530750,16050,weekly,2022-7-14T21:00:00.000,options,put
235,1657631400000,93.3,93.3,89.2,89.9,131550,1530750,16050,weekly,2022-7-14T21:00:00.000,options,put
236,1657631460000,90.3,90.7,87.4,88.4,106350,1530750,16050,weekly,2022-7-14T21:00:00.000,options,put
237,1657631520000,88.65,91.9,88.0,91.5,104650,1540050,16050,weekly,2022-7-14T21:00:00.000,options,put
238,1657631580000,91.55,94.45,91.55,93.95,232750,1540050,16050,weekly,2022-7-14T21:00:00.000,options,put
239,1657631640000,93.5,93.55,90.5,91.1,83250,1540050,16050,weekly,2022-7-14T21:00:00.000,options,put
240,1657631700000,90.75,90.9,87.95,90.45,115250,1643650,16050,weekly,2022-7-14T21:00:00.000,options,put
241,1657631760000,90.4,90.4,85.2,86.45,152950,1643650,16050,weekly,2022-7-14T21:00:00.000,options,put
242,1657631820000,86.35,87.5,85.8,87.05,95250,1643650,16050,weekly,2022-7-14T21:00:00.000,options,put
243,1657631880000,86.9,87.2,83.5,85.1,228350,1620400,16050,weekly,2022-7-14T21:00:00.000,options,put
244,1657631940000,85.25,86.3,83.55,84.65,108100,1620400,16050,weekly,2022-7-14T21:00:00.000,options,put
245,1657632000000,84.65,86.95,84.1,86.85,59900,1620400,16050,weekly,2022-7-14T21:00:00.000,options,put
246,1657632060000,86.85,86.85,82.4,85.5,143500,1531850,16050,weekly,2022-7-14T21:00:00.000,options,put
247,1657632120000,85.65,87.0,84.0,86.3,71950,1531850,16050,weekly,2022-7-14T21:00:00.000,options,put
248,1657632180000,86.85,87.9,85.3,87.25,87850,1531850,16050,weekly,2022-7-14T21:00:00.000,options,put
249,1657632240000,87.15,87.4,86.15,87.0,51050,1537800,16050,weekly,2022-7-14T21:00:00.000,options,put
250,1657632300000,87.2,88.05,85.35,87.75,110300,1537800,16050,weekly,2022-7-14T21:00:00.000,options,put
251,1657632360000,87.6,88.85,87.5,87.5,91750,1537800,16050,weekly,2022-7-14T21:00:00.000,options,put
252,1657632420000,87.5,88.95,87.5,88.6,75850,1546150,16050,weekly,2022-7-14T21:00:00.000,options,put
253,1657632480000,88.55,88.9,87.95,88.0,74900,1546150,16050,weekly,2022-7-14T21:00:00.000,options,put
254,1657632540000,87.95,88.65,83.7,83.7,120650,1546150,16050,weekly,2022-7-14T21:00:00.000,options,put
255,1657632600000,83.45,88.2,83.0,87.6,125000,1574000,16050,weekly,2022-7-14T21:00:00.000,options,put
256,1657632660000,87.4,88.85,86.65,87.0,87750,1574000,16050,weekly,2022-7-14T21:00:00.000,options,put
257,1657632720000,87.15,88.35,86.15,86.85,37750,1574000,16050,weekly,2022-7-14T21:00:00.000,options,put
258,1657632780000,86.85,86.9,83.0,83.65,86550,1582350,16050,weekly,2022-7-14T21:00:00.000,options,put
259,1657632840000,84.0,84.35,78.95,80.0,227700,1582350,16050,weekly,2022-7-14T21:00:00.000,options,put
260,1657632900000,80.0,80.0,76.55,78.8,185400,1582350,16050,weekly,2022-7-14T21:00:00.000,options,put
261,1657632960000,78.2,79.4,76.6,77.3,114000,1554500,16050,weekly,2022-7-14T21:00:00.000,options,put
262,1657633020000,77.95,80.1,77.85,78.5,110550,1554500,16050,weekly,2022-7-14T21:00:00.000,options,put
263,1657633080000,78.65,80.95,78.65,80.6,91100,1554500,16050,weekly,2022-7-14T21:00:00.000,options,put
264,1657633140000,80.8,82.9,80.5,81.65,112400,1537450,16050,weekly,2022-7-14T21:00:00.000,options,put
265,1657633200000,82.0,82.7,80.35,81.7,67650,1537450,16050,weekly,2022-7-14T21:00:00.000,options,put
266,1657633260000,82.0,82.2,78.1,79.1,91050,1537450,16050,weekly,2022-7-14T21:00:00.000,options,put
267,1657633320000,79.2,79.2,77.0,77.45,68300,1551850,16050,weekly,2022-7-14T21:00:00.000,options,put
268,1657633380000,77.35,78.35,74.9,76.6,134450,1551850,16050,weekly,2022-7-14T21:00:00.000,options,put
269,1657633440000,76.85,79.2,76.7,78.95,92200,1551850,16050,weekly,2022-7-14T21:00:00.000,options,put
270,1657633500000,79.05,81.4,78.2,80.75,100800,1552400,16050,weekly,2022-7-14T21:00:00.000,options,put
271,1657633560000,80.95,81.0,78.65,79.85,52800,1552400,16050,weekly,2022-7-14T21:00:00.000,options,put
272,1657633620000,79.85,81.0,79.45,79.5,32550,1552400,16050,weekly,2022-7-14T21:00:00.000,options,put
273,1657633680000,79.35,80.9,79.25,80.1,40750,1562100,16050,weekly,2022-7-14T21:00:00.000,options,put
274,1657633740000,80.2,80.45,76.9,77.5,74850,1562100,16050,weekly,2022-7-14T21:00:00.000,options,put
275,1657633800000,77.8,79.6,77.7,79.6,35700,1562100,16050,weekly,2022-7-14T21:00:00.000,options,put
276,1657633860000,79.55,81.0,78.0,78.0,82700,1553300,16050,weekly,2022-7-14T21:00:00.000,options,put
277,1657633920000,78.15,78.85,76.1,77.1,61900,1553300,16050,weekly,2022-7-14T21:00:00.000,options,put
278,1657633980000,77.0,78.0,72.25,73.6,184250,1553300,16050,weekly,2022-7-14T21:00:00.000,options,put
279,1657634040000,73.75,75.2,73.35,74.0,75300,1546450,16050,weekly,2022-7-14T21:00:00.000,options,put
280,1657634100000,73.55,75.85,73.25,75.7,56950,1546450,16050,weekly,2022-7-14T21:00:00.000,options,put
281,1657634160000,75.75,76.65,75.6,76.55,53000,1546450,16050,weekly,2022-7-14T21:00:00.000,options,put
282,1657634220000,76.5,79.95,76.5,79.75,82400,1526050,16050,weekly,2022-7-14T21:00:00.000,options,put
283,1657634280000,79.6,83.5,79.6,83.5,199650,1526050,16050,weekly,2022-7-14T21:00:00.000,options,put
284,1657634340000,83.4,86.1,83.2,85.1,246550,1526050,16050,weekly,2022-7-14T21:00:00.000,options,put
285,1657634400000,85.3,85.55,83.45,85.35,88650,1529950,16050,weekly,2022-7-14T21:00:00.000,options,put
286,1657634460000,84.6,84.6,80.0,80.9,112050,1529950,16050,weekly,2022-7-14T21:00:00.000,options,put
287,1657634520000,80.6,81.3,79.65,79.85,68700,1529950,16050,weekly,2022-7-14T21:00:00.000,options,put
288,1657634580000,79.85,80.4,78.2,78.4,71300,1547600,16050,weekly,2022-7-14T21:00:00.000,options,put
289,1657634640000,78.6,80.45,77.0,77.35,85000,1547600,16050,weekly,2022-7-14T21:00:00.000,options,put
290,1657634700000,77.05,78.4,75.65,76.65,73150,1547600,16050,weekly,2022-7-14T21:00:00.000,options,put
291,1657634760000,76.1,76.1,70.0,70.85,270950,1563900,16050,weekly,2022-7-14T21:00:00.000,options,put
292,1657634820000,70.65,72.15,70.45,70.7,123800,1563900,16050,weekly,2022-7-14T21:00:00.000,options,put
293,1657634880000,71.05,71.4,67.9,69.35,198350,1563900,16050,weekly,2022-7-14T21:00:00.000,options,put
294,1657634940000,69.4,71.25,69.4,70.95,110000,1511700,16050,weekly,2022-7-14T21:00:00.000,options,put
295,1657635000000,70.7,71.5,68.7,69.45,91550,1511700,16050,weekly,2022-7-14T21:00:00.000,options,put
296,1657635060000,69.55,69.55,66.5,68.7,160700,1511700,16050,weekly,2022-7-14T21:00:00.000,options,put
297,1657635120000,68.85,68.85,66.75,68.3,130500,1491950,16050,weekly,2022-7-14T21:00:00.000,options,put
298,1657635180000,68.1,68.8,66.75,67.0,83800,1491950,16050,weekly,2022-7-14T21:00:00.000,options,put
299,1657635240000,67.2,68.7,64.85,65.05,110750,1491950,16050,weekly,2022-7-14T21:00:00.000,options,put
300,1657635300000,64.6,66.8,63.35,66.45,296000,1504500,16050,weekly,2022-7-14T21:00:00.000,options,put
301,1657635360000,66.4,67.1,64.7,65.8,95050,1504500,16050,weekly,2022-7-14T21:00:00.000,options,put
302,1657635420000,65.8,66.8,65.6,66.35,63950,1504500,16050,weekly,2022-7-14T21:00:00.000,options,put
303,1657635480000,66.25,66.9,65.5,66.0,67300,1518800,16050,weekly,2022-7-14T21:00:00.000,options,put
304,1657635540000,65.75,66.25,65.2,65.55,48500,1518800,16050,weekly,2022-7-14T21:00:00.000,options,put
305,1657635600000,65.45,66.2,64.25,65.8,78400,1518800,16050,weekly,2022-7-14T21:00:00.000,options,put
306,1657635660000,65.85,67.8,65.85,67.7,88050,1521600,16050,weekly,2022-7-14T21:00:00.000,options,put
307,1657635720000,68.2,69.0,66.9,68.1,119400,1521600,16050,weekly,2022-7-14T21:00:00.000,options,put
308,1657635780000,68.2,69.05,67.1,68.15,83300,1521600,16050,weekly,2022-7-14T21:00:00.000,options,put
309,1657635840000,68.05,70.0,67.8,69.25,84400,1554600,16050,weekly,2022-7-14T21:00:00.000,options,put
310,1657635900000,69.25,69.95,68.45,69.8,100100,1554600,16050,weekly,2022-7-14T21:00:00.000,options,put
311,1657635960000,69.8,71.55,69.45,70.0,108900,1554600,16050,weekly,2022-7-14T21:00:00.000,options,put
312,1657636020000,69.85,70.0,67.15,67.15,103200,1572700,16050,weekly,2022-7-14T21:00:00.000,options,put
313,1657636080000,67.15,67.85,66.2,67.85,87750,1572700,16050,weekly,2022-7-14T21:00:00.000,options,put
314,1657636140000,68.15,68.25,66.2,66.4,44250,1572700,16050,weekly,2022-7-14T21:00:00.000,options,put
315,1657636200000,66.2,66.35,63.7,64.0,112200,1580000,16050,weekly,2022-7-14T21:00:00.000,options,put
316,1657636260000,64.0,64.05,59.05,60.45,345900,1580000,16050,weekly,2022-7-14T21:00:00.000,options,put
317,1657636320000,60.8,62.55,60.55,61.9,152800,1580000,16050,weekly,2022-7-14T21:00:00.000,options,put
318,1657636380000,61.75,63.75,61.5,62.7,91700,1543550,16050,weekly,2022-7-14T21:00:00.000,options,put
319,1657636440000,62.75,63.6,62.1,62.75,77950,1543550,16050,weekly,2022-7-14T21:00:00.000,options,put
320,1657636500000,62.7,63.9,61.35,62.05,69050,1543550,16050,weekly,2022-7-14T21:00:00.000,options,put
321,1657636560000,62.15,63.6,61.55,63.5,63550,1551300,16050,weekly,2022-7-14T21:00:00.000,options,put
322,1657636620000,63.5,65.25,63.4,64.8,93150,1551300,16050,weekly,2022-7-14T21:00:00.000,options,put
323,1657636680000,65.05,65.8,64.45,64.8,88000,1551300,16050,weekly,2022-7-14T21:00:00.000,options,put
324,1657636740000,65.0,67.1,64.9,66.5,109300,1554950,16050,weekly,2022-7-14T21:00:00.000,options,put
325,1657636800000,66.4,67.95,65.05,65.4,86700,1554950,16050,weekly,2022-7-14T21:00:00.000,options,put
326,1657636860000,65.4,69.0,65.4,68.9,92400,1554950,16050,weekly,2022-7-14T21:00:00.000,options,put
327,1657636920000,69.2,69.7,67.5,69.15,106900,1565550,16050,weekly,2022-7-14T21:00:00.000,options,put
328,1657636980000,68.95,70.0,68.2,69.6,97100,1565550,16050,weekly,2022-7-14T21:00:00.000,options,put
329,1657637040000,69.5,69.85,68.3,69.55,97300,1565550,16050,weekly,2022-7-14T21:00:00.000,options,put
330,1657637100000,69.7,69.7,66.65,66.85,109600,1574400,16050,weekly,2022-7-14T21:00:00.000,options,put
331,1657637160000,66.7,69.8,66.55,69.8,102400,1574400,16050,weekly,2022-7-14T21:00:00.000,options,put
332,1657637220000,69.85,71.45,69.65,71.05,158600,1574400,16050,weekly,2022-7-14T21:00:00.000,options,put
333,1657637280000,70.85,72.2,70.25,72.2,96600,1556300,16050,weekly,2022-7-14T21:00:00.000,options,put
334,1657637340000,72.35,73.3,71.2,72.1,140350,1556300,16050,weekly,2022-7-14T21:00:00.000,options,put
335,1657637400000,72.3,73.6,70.8,71.05,110650,1556300,16050,weekly,2022-7-14T21:00:00.000,options,put
336,1657637460000,70.8,72.35,70.3,72.35,62750,1572050,16050,weekly,2022-7-14T21:00:00.000,options,put
337,1657637520000,73.2,75.85,72.7,75.2,217900,1572050,16050,weekly,2022-7-14T21:00:00.000,options,put
338,1657637580000,75.7,78.5,75.65,77.7,191500,1572050,16050,weekly,2022-7-14T21:00:00.000,options,put
339,1657637640000,77.65,77.95,75.2,76.25,149600,1587250,16050,weekly,2022-7-14T21:00:00.000,options,put
340,1657637700000,76.3,80.05,75.0,78.8,193050,1587250,16050,weekly,2022-7-14T21:00:00.000,options,put
341,1657637760000,78.4,82.15,78.4,81.65,250900,1587250,16050,weekly,2022-7-14T21:00:00.000,options,put
342,1657637820000,82.1,84.2,79.55,84.2,236900,1568450,16050,weekly,2022-7-14T21:00:00.000,options,put
343,1657637880000,84.05,85.3,82.65,84.9,239950,1568450,16050,weekly,2022-7-14T21:00:00.000,options,put
344,1657637940000,84.55,87.6,83.9,87.1,307350,1568450,16050,weekly,2022-7-14T21:00:00.000,options,put
345,1657638000000,86.9,100.0,86.3,98.45,782750,1466850,16050,weekly,2022-7-14T21:00:00.000,options,put
346,1657638060000,98.45,101.8,91.1,94.35,608050,1466850,16050,weekly,2022-7-14T21:00:00.000,options,put
347,1657638120000,95.3,96.3,88.8,93.05,321850,1466850,16050,weekly,2022-7-14T21:00:00.000,options,put
348,1657638180000,93.45,94.7,89.55,92.4,302700,1429450,16050,weekly,2022-7-14T21:00:00.000,options,put
349,1657638240000,92.7,93.15,86.85,88.65,230200,1429450,16050,weekly,2022-7-14T21:00:00.000,options,put
350,1657638300000,90.05,92.6,88.5,89.1,221700,1429450,16050,weekly,2022-7-14T21:00:00.000,options,put
351,1657638360000,89.5,94.3,89.5,92.5,283050,1445300,16050,weekly,2022-7-14T21:00:00.000,options,put
352,1657638420000,92.7,94.25,90.8,91.95,161600,1445300,16050,weekly,2022-7-14T21:00:00.000,options,put
353,1657638480000,91.85,93.25,90.5,91.85,109400,1445300,16050,weekly,2022-7-14T21:00:00.000,options,put
354,1657638540000,91.5,93.55,89.75,89.75,139350,1456050,16050,weekly,2022-7-14T21:00:00.000,options,put
355,1657638600000,89.0,91.2,88.05,88.6,124600,1456050,16050,weekly,2022-7-14T21:00:00.000,options,put
356,1657638660000,87.9,93.1,86.95,93.1,217450,1456050,16050,weekly,2022-7-14T21:00:00.000,options,put
357,1657638720000,92.65,95.85,92.65,93.95,328700,1408850,16050,weekly,2022-7-14T21:00:00.000,options,put
358,1657638780000,93.95,96.85,93.4,96.85,197550,1408850,16050,weekly,2022-7-14T21:00:00.000,options,put
359,1657638840000,96.8,99.85,96.55,99.15,326450,1408850,16050,weekly,2022-7-14T21:00:00.000,options,put
360,1657638900000,99.0,100.5,96.8,97.2,380300,1327250,16050,weekly,2022-7-14T21:00:00.000,options,put
361,1657638960000,96.9,99.55,95.35,99.15,256200,1327250,16050,weekly,2022-7-14T21:00:00.000,options,put
362,1657639020000,99.45,102.55,99.45,100.75,346550,1327250,16050,weekly,2022-7-14T21:00:00.000,options,put
363,1657639080000,100.5,103.0,98.65,102.45,238900,1219150,16050,weekly,2022-7-14T21:00:00.000,options,put
364,1657639140000,102.75,104.0,102.25,103.55,214950,1219150,16050,weekly,2022-7-14T21:00:00.000,options,put
365,1657639200000,103.2,105.0,99.9,104.85,259400,1219150,16050,weekly,2022-7-14T21:00:00.000,options,put
366,1657639260000,104.95,106.0,102.1,102.75,257050,1177350,16050,weekly,2022-7-14T21:00:00.000,options,put
367,1657639320000,102.65,104.45,101.2,101.25,212250,1177350,16050,weekly,2022-7-14T21:00:00.000,options,put
368,1657639380000,101.45,102.3,99.75,101.9,173500,1177350,16050,weekly,2022-7-14T21:00:00.000,options,put
369,1657639440000,101.75,103.7,100.9,103.7,177950,1165500,16050,weekly,2022-7-14T21:00:00.000,options,put
370,1657639500000,103.3,103.65,101.05,102.7,197700,1165500,16050,weekly,2022-7-14T21:00:00.000,options,put
371,1657639560000,102.65,103.15,102.1,102.75,104950,1165500,16050,weekly,2022-7-14T21:00:00.000,options,put
372,1657639620000,102.7,102.7,100.5,102.4,157400,1080900,16050,weekly,2022-7-14T21:00:00.000,options,put
373,1657639680000,102.3,104.2,102.3,104.2,246550,1080900,16050,weekly,2022-7-14T21:00:00.000,options,put
374,1657639740000,104.0,109.8,104.0,106.5,305850,1080900,16050,weekly,2022-7-14T21:00:00.000,options,put
