,timestamp,open,high,low,close,volume,open_interest,strike,expiry_type,expiry,instrument,contract_type
0,1643793300000,6.7,6.8,5.1,5.3,8525,113475,35600,weekly,2022-2-3T21:00:00.000,options,put
1,1643793360000,5.35,5.7,5.3,5.7,10725,113475,35600,weekly,2022-2-3T21:00:00.000,options,put
2,1643793420000,5.6,5.7,5.5,5.65,13500,114150,35600,weekly,2022-2-3T21:00:00.000,options,put
3,1643793480000,5.7,5.95,5.65,5.8,7400,114150,35600,weekly,2022-2-3T21:00:00.000,options,put
4,1643793540000,5.8,5.85,5.65,5.65,6150,114150,35600,weekly,2022-2-3T21:00:00.000,options,put
5,1643793600000,5.65,6.05,5.65,5.9,8425,111825,35600,weekly,2022-2-3T21:00:00.000,options,put
6,1643793660000,5.9,6.1,5.85,6.05,4600,111825,35600,weekly,2022-2-3T21:00:00.000,options,put
7,1643793720000,6.1,6.4,5.95,6.2,11700,111825,35600,weekly,2022-2-3T21:00:00.000,options,put
8,1643793780000,6.2,6.4,6.05,6.2,4400,117875,35600,weekly,2022-2-3T21:00:00.000,options,put
9,1643793840000,6.15,6.15,5.8,5.9,7300,117875,35600,weekly,2022-2-3T21:00:00.000,options,put
10,1643793900000,5.95,6.2,5.9,6.2,11100,117875,35600,weekly,2022-2-3T21:00:00.000,options,put
11,1643793960000,6.2,6.35,6.1,6.35,7850,121900,35600,weekly,2022-2-3T21:00:00.000,options,put
12,1643794020000,6.3,6.7,6.3,6.65,11050,121900,35600,weekly,2022-2-3T21:00:00.000,options,put
13,1643794080000,6.7,6.8,6.6,6.65,8375,121900,35600,weekly,2022-2-3T21:00:00.000,options,put
14,1643794140000,6.65,6.8,6.6,6.6,6350,135700,35600,weekly,2022-2-3T21:00:00.000,options,put
15,1643794200000,6.6,6.85,6.55,6.7,8675,135700,35600,weekly,2022-2-3T21:00:00.000,options,put
16,1643794260000,6.7,6.8,6.55,6.55,2700,135700,35600,weekly,2022-2-3T21:00:00.000,options,put
17,1643794320000,6.55,6.55,6.0,6.05,7950,139450,35600,weekly,2022-2-3T21:00:00.000,options,put
18,1643794380000,6.15,6.15,5.8,5.8,3250,139450,35600,weekly,2022-2-3T21:00:00.000,options,put
19,1643794440000,5.9,5.9,5.6,5.65,4375,139450,35600,weekly,2022-2-3T21:00:00.000,options,put
20,1643794500000,5.7,5.75,5.5,5.5,5775,132900,35600,weekly,2022-2-3T21:00:00.000,options,put
21,1643794560000,5.5,5.7,5.5,5.55,4175,132900,35600,weekly,2022-2-3T21:00:00.000,options,put
22,1643794620000,5.7,5.75,5.4,5.4,2725,132900,35600,weekly,2022-2-3T21:00:00.000,options,put
23,1643794680000,5.4,5.6,5.35,5.6,4100,128375,35600,weekly,2022-2-3T21:00:00.000,options,put
24,1643794740000,5.6,5.8,5.5,5.7,8975,128375,35600,weekly,2022-2-3T21:00:00.000,options,put
25,1643794800000,5.65,5.75,5.5,5.55,8400,128375,35600,weekly,2022-2-3T21:00:00.000,options,put
26,1643794860000,5.55,5.65,5.5,5.6,2250,127250,35600,weekly,2022-2-3T21:00:00.000,options,put
27,1643794920000,5.55,5.6,5.4,5.6,11075,127250,35600,weekly,2022-2-3T21:00:00.000,options,put
28,1643794980000,5.55,5.65,5.5,5.55,4025,127250,35600,weekly,2022-2-3T21:00:00.000,options,put
29,1643795040000,5.5,5.55,5.45,5.5,5625,126125,35600,weekly,2022-2-3T21:00:00.000,options,put
30,1643795100000,5.5,5.6,5.45,5.6,1725,126125,35600,weekly,2022-2-3T21:00:00.000,options,put
31,1643795160000,5.55,5.65,5.5,5.6,2650,126125,35600,weekly,2022-2-3T21:00:00.000,options,put
32,1643795220000,5.55,5.7,5.55,5.6,2400,127350,35600,weekly,2022-2-3T21:00:00.000,options,put
33,1643795280000,5.6,5.75,5.6,5.6,1950,127350,35600,weekly,2022-2-3T21:00:00.000,options,put
34,1643795340000,5.6,5.65,5.55,5.6,3000,127350,35600,weekly,2022-2-3T21:00:00.000,options,put
35,1643795400000,5.6,5.6,5.5,5.55,5275,124350,35600,weekly,2022-2-3T21:00:00.000,options,put
36,1643795460000,5.6,5.75,5.55,5.75,4625,124350,35600,weekly,2022-2-3T21:00:00.000,options,put
37,1643795520000,5.75,5.8,5.45,5.45,15750,124350,35600,weekly,2022-2-3T21:00:00.000,options,put
38,1643795640000,5.4,5.5,5.35,5.45,5850,114550,35600,weekly,2022-2-3T21:00:00.000,options,put
39,1643795820000,5.35,5.45,5.35,5.4,775,106525,35600,weekly,2022-2-3T21:00:00.000,options,put
40,1643795880000,5.35,5.5,5.35,5.45,3050,106525,35600,weekly,2022-2-3T21:00:00.000,options,put
41,1643795940000,5.55,5.7,5.5,5.6,6700,104025,35600,weekly,2022-2-3T21:00:00.000,options,put
42,1643796000000,5.65,5.75,5.5,5.65,2850,104025,35600,weekly,2022-2-3T21:00:00.000,options,put
43,1643796060000,5.55,5.6,5.45,5.5,2000,104025,35600,weekly,2022-2-3T21:00:00.000,options,put
44,1643796120000,5.5,5.6,5.5,5.55,3075,104125,35600,weekly,2022-2-3T21:00:00.000,options,put
45,1643796180000,5.5,5.5,5.4,5.5,4375,104125,35600,weekly,2022-2-3T21:00:00.000,options,put
46,1643796240000,5.55,5.7,5.5,5.6,7250,104125,35600,weekly,2022-2-3T21:00:00.000,options,put
47,1643796300000,5.6,5.6,5.55,5.6,1950,102225,35600,weekly,2022-2-3T21:00:00.000,options,put
48,1643796360000,5.6,5.6,5.5,5.6,875,102225,35600,weekly,2022-2-3T21:00:00.000,options,put
49,1643796420000,5.6,5.7,5.5,5.6,2725,102225,35600,weekly,2022-2-3T21:00:00.000,options,put
50,1643796480000,5.6,5.8,5.6,5.7,3300,101325,35600,weekly,2022-2-3T21:00:00.000,options,put
51,1643796540000,5.7,5.75,5.6,5.6,375,101325,35600,weekly,2022-2-3T21:00:00.000,options,put
52,1643796600000,5.6,5.7,5.55,5.65,1275,101325,35600,weekly,2022-2-3T21:00:00.000,options,put
53,1643796660000,5.75,5.85,5.65,5.8,1275,101475,35600,weekly,2022-2-3T21:00:00.000,options,put
54,1643796720000,5.8,5.9,5.75,5.75,775,101475,35600,weekly,2022-2-3T21:00:00.000,options,put
55,1643796780000,5.75,5.75,5.6,5.75,4225,101475,35600,weekly,2022-2-3T21:00:00.000,options,put
56,1643796840000,5.7,5.75,5.65,5.7,975,99925,35600,weekly,2022-2-3T21:00:00.000,options,put
57,1643796900000,5.8,5.8,5.65,5.75,1500,99925,35600,weekly,2022-2-3T21:00:00.000,options,put
58,1643796960000,5.8,5.85,5.75,5.75,4400,99925,35600,weekly,2022-2-3T21:00:00.000,options,put
59,1643797020000,5.75,5.85,5.7,5.85,850,100325,35600,weekly,2022-2-3T21:00:00.000,options,put
60,1643797080000,5.85,5.85,5.65,5.7,3700,100325,35600,weekly,2022-2-3T21:00:00.000,options,put
61,1643797140000,5.75,5.8,5.65,5.8,2175,100325,35600,weekly,2022-2-3T21:00:00.000,options,put
62,1643797200000,5.8,5.95,5.8,5.85,1775,97475,35600,weekly,2022-2-3T21:00:00.000,options,put
63,1643797260000,5.85,5.85,5.3,5.45,11050,97475,35600,weekly,2022-2-3T21:00:00.000,options,put
64,1643797320000,5.45,5.45,5.35,5.4,1075,97475,35600,weekly,2022-2-3T21:00:00.000,options,put
65,1643797380000,5.4,5.45,5.35,5.45,1025,96225,35600,weekly,2022-2-3T21:00:00.000,options,put
66,1643797440000,5.45,5.5,5.4,5.45,2100,96225,35600,weekly,2022-2-3T21:00:00.000,options,put
67,1643797500000,5.45,5.5,5.45,5.45,1125,96225,35600,weekly,2022-2-3T21:00:00.000,options,put
68,1643797560000,5.4,5.5,5.4,5.45,200,95825,35600,weekly,2022-2-3T21:00:00.000,options,put
69,1643797620000,5.45,5.55,5.4,5.4,1025,95825,35600,weekly,2022-2-3T21:00:00.000,options,put
70,1643797680000,5.4,5.5,5.35,5.35,625,95825,35600,weekly,2022-2-3T21:00:00.000,options,put
71,1643797740000,5.45,5.45,5.4,5.4,450,95375,35600,weekly,2022-2-3T21:00:00.000,options,put
72,1643797800000,5.55,5.6,5.5,5.55,1075,95375,35600,weekly,2022-2-3T21:00:00.000,options,put
73,1643797860000,5.55,5.65,5.55,5.55,350,95375,35600,weekly,2022-2-3T21:00:00.000,options,put
74,1643797920000,5.55,5.75,5.55,5.7,675,94900,35600,weekly,2022-2-3T21:00:00.000,options,put
75,1643797980000,5.75,5.75,5.6,5.7,175,94900,35600,weekly,2022-2-3T21:00:00.000,options,put
76,1643798040000,5.6,5.6,5.6,5.6,700,94900,35600,weekly,2022-2-3T21:00:00.000,options,put
77,1643798100000,5.65,5.65,5.5,5.5,1125,95150,35600,weekly,2022-2-3T21:00:00.000,options,put
78,1643798160000,5.6,5.6,5.5,5.55,1250,95150,35600,weekly,2022-2-3T21:00:00.000,options,put
79,1643798220000,5.55,5.6,5.4,5.45,2225,95150,35600,weekly,2022-2-3T21:00:00.000,options,put
80,1643798280000,5.45,5.55,5.15,5.2,5325,92375,35600,weekly,2022-2-3T21:00:00.000,options,put
81,1643798340000,5.2,5.35,5.1,5.35,1850,92375,35600,weekly,2022-2-3T21:00:00.000,options,put
82,1643798400000,5.3,5.4,5.2,5.3,1100,92375,35600,weekly,2022-2-3T21:00:00.000,options,put
83,1643798460000,5.25,5.35,5.2,5.25,2275,90300,35600,weekly,2022-2-3T21:00:00.000,options,put
84,1643798520000,5.25,5.3,5.15,5.3,1475,90300,35600,weekly,2022-2-3T21:00:00.000,options,put
85,1643798580000,5.25,5.3,5.1,5.25,3350,90300,35600,weekly,2022-2-3T21:00:00.000,options,put
86,1643798640000,5.15,5.2,5.1,5.2,375,88975,35600,weekly,2022-2-3T21:00:00.000,options,put
87,1643798700000,5.15,5.2,5.15,5.15,500,88975,35600,weekly,2022-2-3T21:00:00.000,options,put
88,1643798760000,5.1,5.2,5.1,5.15,1600,88975,35600,weekly,2022-2-3T21:00:00.000,options,put
89,1643798820000,5.2,5.3,5.15,5.2,1550,88000,35600,weekly,2022-2-3T21:00:00.000,options,put
90,1643798880000,5.2,5.2,5.15,5.15,2575,88000,35600,weekly,2022-2-3T21:00:00.000,options,put
91,1643798940000,5.15,5.15,5.05,5.05,1350,88000,35600,weekly,2022-2-3T21:00:00.000,options,put
92,1643799000000,5.1,5.1,4.95,4.95,1900,88675,35600,weekly,2022-2-3T21:00:00.000,options,put
93,1643799060000,4.95,5.0,4.9,4.95,900,88675,35600,weekly,2022-2-3T21:00:00.000,options,put
94,1643799120000,4.95,5.0,4.85,4.95,3675,88675,35600,weekly,2022-2-3T21:00:00.000,options,put
95,1643799180000,4.9,4.9,4.8,4.8,250,87700,35600,weekly,2022-2-3T21:00:00.000,options,put
96,1643799240000,4.9,4.9,4.75,4.8,900,87700,35600,weekly,2022-2-3T21:00:00.000,options,put
97,1643799300000,4.8,4.85,4.8,4.8,400,87700,35600,weekly,2022-2-3T21:00:00.000,options,put
98,1643799360000,4.8,4.85,4.75,4.8,575,87900,35600,weekly,2022-2-3T21:00:00.000,options,put
99,1643799420000,4.8,4.8,4.7,4.75,850,87900,35600,weekly,2022-2-3T21:00:00.000,options,put
100,1643799480000,4.7,4.8,4.65,4.75,550,87900,35600,weekly,2022-2-3T21:00:00.000,options,put
101,1643799540000,4.75,4.75,4.7,4.75,75,87725,35600,weekly,2022-2-3T21:00:00.000,options,put
102,1643799600000,4.75,4.8,4.7,4.8,75,87725,35600,weekly,2022-2-3T21:00:00.000,options,put
103,1643799660000,4.65,4.7,4.65,4.65,1400,87725,35600,weekly,2022-2-3T21:00:00.000,options,put
104,1643799720000,4.7,4.7,4.6,4.7,1575,87075,35600,weekly,2022-2-3T21:00:00.000,options,put
105,1643799780000,4.7,4.7,4.6,4.7,225,87075,35600,weekly,2022-2-3T21:00:00.000,options,put
106,1643799840000,4.7,4.7,4.65,4.7,725,87075,35600,weekly,2022-2-3T21:00:00.000,options,put
107,1643799900000,4.7,4.8,4.65,4.8,5375,86625,35600,weekly,2022-2-3T21:00:00.000,options,put
108,1643799960000,4.8,4.8,4.65,4.7,1725,86625,35600,weekly,2022-2-3T21:00:00.000,options,put
109,1643800020000,4.6,4.6,4.45,4.45,1175,86625,35600,weekly,2022-2-3T21:00:00.000,options,put
110,1643800080000,4.45,4.45,4.4,4.45,500,86625,35600,weekly,2022-2-3T21:00:00.000,options,put
111,1643800140000,4.35,4.4,4.3,4.4,350,85725,35600,weekly,2022-2-3T21:00:00.000,options,put
112,1643800200000,4.45,4.65,4.45,4.65,575,85725,35600,weekly,2022-2-3T21:00:00.000,options,put
113,1643800260000,4.7,4.75,4.6,4.75,1800,85725,35600,weekly,2022-2-3T21:00:00.000,options,put
114,1643800320000,4.7,4.75,4.65,4.75,1250,85900,35600,weekly,2022-2-3T21:00:00.000,options,put
115,1643800380000,4.65,4.7,4.65,4.65,200,85900,35600,weekly,2022-2-3T21:00:00.000,options,put
116,1643800440000,4.65,4.7,4.6,4.6,325,86025,35600,weekly,2022-2-3T21:00:00.000,options,put
117,1643800500000,4.6,4.75,4.6,4.65,750,86025,35600,weekly,2022-2-3T21:00:00.000,options,put
118,1643800560000,4.6,4.7,4.6,4.65,925,86025,35600,weekly,2022-2-3T21:00:00.000,options,put
119,1643800620000,4.7,4.7,4.65,4.65,350,86025,35600,weekly,2022-2-3T21:00:00.000,options,put
120,1643800680000,4.65,4.65,4.65,4.65,50,86150,35600,weekly,2022-2-3T21:00:00.000,options,put
121,1643800740000,4.6,4.65,4.55,4.6,800,86150,35600,weekly,2022-2-3T21:00:00.000,options,put
122,1643800800000,4.65,4.65,4.45,4.45,1275,86875,35600,weekly,2022-2-3T21:00:00.000,options,put
123,1643800860000,4.45,4.5,4.35,4.4,2725,86875,35600,weekly,2022-2-3T21:00:00.000,options,put
124,1643800920000,4.4,4.4,4.35,4.4,525,86875,35600,weekly,2022-2-3T21:00:00.000,options,put
125,1643800980000,4.4,4.4,4.3,4.3,1875,86325,35600,weekly,2022-2-3T21:00:00.000,options,put
126,1643801040000,4.3,4.3,4.25,4.25,1625,86325,35600,weekly,2022-2-3T21:00:00.000,options,put
127,1643801100000,4.3,4.3,4.2,4.25,975,86325,35600,weekly,2022-2-3T21:00:00.000,options,put
128,1643801160000,4.25,4.3,4.2,4.2,1050,86325,35600,weekly,2022-2-3T21:00:00.000,options,put
129,1643801220000,4.25,4.3,4.2,4.3,775,84825,35600,weekly,2022-2-3T21:00:00.000,options,put
130,1643801280000,4.3,4.3,4.2,4.2,700,84825,35600,weekly,2022-2-3T21:00:00.000,options,put
131,1643801340000,4.2,4.2,4.15,4.15,1275,84000,35600,weekly,2022-2-3T21:00:00.000,options,put
132,1643801400000,4.15,4.25,4.1,4.2,2500,84000,35600,weekly,2022-2-3T21:00:00.000,options,put
133,1643801460000,4.2,4.2,4.15,4.2,850,84000,35600,weekly,2022-2-3T21:00:00.000,options,put
134,1643801520000,4.2,4.2,4.15,4.2,825,83450,35600,weekly,2022-2-3T21:00:00.000,options,put
135,1643801580000,4.15,4.2,4.1,4.15,1375,83450,35600,weekly,2022-2-3T21:00:00.000,options,put
136,1643801640000,4.15,4.15,4.1,4.1,150,83450,35600,weekly,2022-2-3T21:00:00.000,options,put
137,1643801700000,4.15,4.15,4.1,4.15,750,83525,35600,weekly,2022-2-3T21:00:00.000,options,put
138,1643801760000,4.15,4.2,4.15,4.2,325,83525,35600,weekly,2022-2-3T21:00:00.000,options,put
139,1643801820000,4.2,4.25,4.15,4.25,900,83525,35600,weekly,2022-2-3T21:00:00.000,options,put
140,1643801880000,4.25,4.35,4.2,4.25,2950,83775,35600,weekly,2022-2-3T21:00:00.000,options,put
141,1643801940000,4.25,4.3,4.2,4.2,875,83775,35600,weekly,2022-2-3T21:00:00.000,options,put
142,1643802000000,4.25,4.3,4.2,4.25,950,83775,35600,weekly,2022-2-3T21:00:00.000,options,put
143,1643802060000,4.25,4.25,4.2,4.25,1750,83775,35600,weekly,2022-2-3T21:00:00.000,options,put
144,1643802120000,4.25,4.3,4.2,4.3,500,84700,35600,weekly,2022-2-3T21:00:00.000,options,put
145,1643802180000,4.25,4.3,4.25,4.3,1300,84700,35600,weekly,2022-2-3T21:00:00.000,options,put
146,1643802240000,4.3,4.4,4.25,4.3,1125,84700,35600,weekly,2022-2-3T21:00:00.000,options,put
147,1643802300000,4.25,4.6,4.2,4.55,4075,84275,35600,weekly,2022-2-3T21:00:00.000,options,put
148,1643802360000,4.55,4.6,4.5,4.55,1075,84275,35600,weekly,2022-2-3T21:00:00.000,options,put
149,1643802420000,4.45,4.55,4.45,4.5,1725,84575,35600,weekly,2022-2-3T21:00:00.000,options,put
150,1643802480000,4.45,4.45,4.4,4.45,100,84575,35600,weekly,2022-2-3T21:00:00.000,options,put
151,1643802540000,4.5,4.55,4.4,4.45,1000,84575,35600,weekly,2022-2-3T21:00:00.000,options,put
152,1643802600000,4.45,4.45,4.35,4.4,525,84550,35600,weekly,2022-2-3T21:00:00.000,options,put
153,1643802660000,4.35,4.4,4.25,4.25,1775,84550,35600,weekly,2022-2-3T21:00:00.000,options,put
154,1643802720000,4.25,4.45,4.25,4.45,950,84550,35600,weekly,2022-2-3T21:00:00.000,options,put
155,1643802780000,4.5,4.5,4.4,4.45,975,84550,35600,weekly,2022-2-3T21:00:00.000,options,put
156,1643802840000,4.4,4.6,4.4,4.6,400,84575,35600,weekly,2022-2-3T21:00:00.000,options,put
157,1643802900000,4.6,4.75,4.6,4.7,525,84575,35600,weekly,2022-2-3T21:00:00.000,options,put
158,1643802960000,4.65,4.75,4.65,4.75,375,84575,35600,weekly,2022-2-3T21:00:00.000,options,put
159,1643803020000,4.75,4.8,4.7,4.7,1050,84275,35600,weekly,2022-2-3T21:00:00.000,options,put
160,1643803080000,4.7,4.7,4.55,4.55,1100,84275,35600,weekly,2022-2-3T21:00:00.000,options,put
161,1643803140000,4.5,4.75,4.5,4.75,3425,85625,35600,weekly,2022-2-3T21:00:00.000,options,put
162,1643803200000,4.75,4.9,4.75,4.9,225,85625,35600,weekly,2022-2-3T21:00:00.000,options,put
163,1643803260000,4.9,5.3,4.9,5.3,3450,85625,35600,weekly,2022-2-3T21:00:00.000,options,put
164,1643803320000,5.3,5.5,5.25,5.5,1950,85625,35600,weekly,2022-2-3T21:00:00.000,options,put
165,1643803380000,5.55,5.6,5.5,5.55,4050,85275,35600,weekly,2022-2-3T21:00:00.000,options,put
166,1643803440000,5.65,5.65,5.55,5.6,975,85275,35600,weekly,2022-2-3T21:00:00.000,options,put
167,1643803500000,5.6,5.6,5.4,5.4,450,85275,35600,weekly,2022-2-3T21:00:00.000,options,put
168,1643803560000,5.3,5.3,5.0,5.0,4000,84225,35600,weekly,2022-2-3T21:00:00.000,options,put
169,1643803620000,5.0,5.1,5.0,5.1,750,84225,35600,weekly,2022-2-3T21:00:00.000,options,put
170,1643803680000,5.1,5.2,5.1,5.2,1025,84225,35600,weekly,2022-2-3T21:00:00.000,options,put
171,1643803740000,5.1,5.25,5.1,5.25,550,84225,35600,weekly,2022-2-3T21:00:00.000,options,put
172,1643803800000,5.15,5.25,5.15,5.25,100,84225,35600,weekly,2022-2-3T21:00:00.000,options,put
173,1643803860000,5.35,5.35,5.35,5.35,50,84225,35600,weekly,2022-2-3T21:00:00.000,options,put
174,1643803920000,5.45,5.55,5.4,5.4,1400,84375,35600,weekly,2022-2-3T21:00:00.000,options,put
175,1643803980000,5.35,5.35,5.3,5.35,325,84375,35600,weekly,2022-2-3T21:00:00.000,options,put
176,1643804040000,5.3,5.3,5.2,5.3,525,84375,35600,weekly,2022-2-3T21:00:00.000,options,put
177,1643804100000,5.25,5.3,5.25,5.3,250,84525,35600,weekly,2022-2-3T21:00:00.000,options,put
178,1643804160000,5.25,5.3,5.2,5.2,425,84525,35600,weekly,2022-2-3T21:00:00.000,options,put
179,1643804220000,5.25,5.3,5.2,5.25,650,84525,35600,weekly,2022-2-3T21:00:00.000,options,put
180,1643804280000,5.3,5.3,5.25,5.3,1025,84200,35600,weekly,2022-2-3T21:00:00.000,options,put
181,1643804340000,5.3,5.3,5.25,5.25,250,84200,35600,weekly,2022-2-3T21:00:00.000,options,put
182,1643804400000,5.4,5.4,5.4,5.4,900,84200,35600,weekly,2022-2-3T21:00:00.000,options,put
183,1643804460000,5.45,5.6,5.45,5.6,1100,84275,35600,weekly,2022-2-3T21:00:00.000,options,put
184,1643804520000,5.55,5.7,5.55,5.65,1825,84275,35600,weekly,2022-2-3T21:00:00.000,options,put
185,1643804580000,5.7,5.7,5.55,5.65,950,84275,35600,weekly,2022-2-3T21:00:00.000,options,put
186,1643804640000,5.6,5.7,5.6,5.7,400,85100,35600,weekly,2022-2-3T21:00:00.000,options,put
187,1643804700000,5.7,5.75,5.65,5.65,800,85100,35600,weekly,2022-2-3T21:00:00.000,options,put
188,1643804760000,5.65,5.85,5.65,5.75,1225,85100,35600,weekly,2022-2-3T21:00:00.000,options,put
189,1643804820000,5.8,5.8,5.55,5.55,1250,85200,35600,weekly,2022-2-3T21:00:00.000,options,put
190,1643804880000,5.55,5.55,5.45,5.45,175,85200,35600,weekly,2022-2-3T21:00:00.000,options,put
191,1643804940000,5.4,5.4,5.4,5.4,100,85200,35600,weekly,2022-2-3T21:00:00.000,options,put
192,1643805000000,5.35,5.4,5.35,5.35,250,85700,35600,weekly,2022-2-3T21:00:00.000,options,put
193,1643805060000,5.3,5.35,5.25,5.25,300,85700,35600,weekly,2022-2-3T21:00:00.000,options,put
194,1643805120000,5.3,5.3,5.3,5.3,175,85700,35600,weekly,2022-2-3T21:00:00.000,options,put
195,1643805180000,5.25,5.4,5.25,5.4,350,85825,35600,weekly,2022-2-3T21:00:00.000,options,put
196,1643805240000,5.4,5.4,5.3,5.35,300,85825,35600,weekly,2022-2-3T21:00:00.000,options,put
197,1643805300000,5.35,5.4,5.35,5.35,150,85825,35600,weekly,2022-2-3T21:00:00.000,options,put
198,1643805360000,5.35,5.35,5.35,5.35,125,85825,35600,weekly,2022-2-3T21:00:00.000,options,put
199,1643805420000,5.4,5.4,5.4,5.4,100,85675,35600,weekly,2022-2-3T21:00:00.000,options,put
200,1643805480000,5.4,5.45,5.4,5.45,50,85675,35600,weekly,2022-2-3T21:00:00.000,options,put
201,1643805540000,5.5,5.5,5.05,5.1,2750,85650,35600,weekly,2022-2-3T21:00:00.000,options,put
202,1643805600000,5.05,5.05,5.05,5.05,150,85650,35600,weekly,2022-2-3T21:00:00.000,options,put
203,1643805660000,5.0,5.0,4.9,4.95,675,85650,35600,weekly,2022-2-3T21:00:00.000,options,put
204,1643805720000,4.95,5.0,4.9,5.0,1375,85625,35600,weekly,2022-2-3T21:00:00.000,options,put
205,1643805780000,5.1,5.1,5.1,5.1,25,85625,35600,weekly,2022-2-3T21:00:00.000,options,put
206,1643805840000,5.25,5.25,5.2,5.2,225,85625,35600,weekly,2022-2-3T21:00:00.000,options,put
207,1643805900000,5.2,5.2,5.2,5.2,100,85625,35600,weekly,2022-2-3T21:00:00.000,options,put
208,1643805960000,5.2,5.2,5.2,5.2,75,84850,35600,weekly,2022-2-3T21:00:00.000,options,put
209,1643806020000,5.0,5.05,5.0,5.05,1625,84850,35600,weekly,2022-2-3T21:00:00.000,options,put
210,1643806080000,5.05,5.05,4.9,4.95,750,84700,35600,weekly,2022-2-3T21:00:00.000,options,put
211,1643806200000,5.0,5.05,5.0,5.05,50,84700,35600,weekly,2022-2-3T21:00:00.000,options,put
212,1643806260000,5.0,5.05,5.0,5.0,1125,84975,35600,weekly,2022-2-3T21:00:00.000,options,put
213,1643806320000,5.0,5.15,5.0,5.15,1000,84975,35600,weekly,2022-2-3T21:00:00.000,options,put
214,1643806380000,5.15,5.2,5.15,5.2,1400,84975,35600,weekly,2022-2-3T21:00:00.000,options,put
215,1643806440000,5.25,5.25,5.25,5.25,50,84975,35600,weekly,2022-2-3T21:00:00.000,options,put
216,1643806500000,5.15,5.3,5.15,5.3,1450,84900,35600,weekly,2022-2-3T21:00:00.000,options,put
217,1643806560000,5.3,5.3,5.25,5.25,2250,84900,35600,weekly,2022-2-3T21:00:00.000,options,put
218,1643806620000,5.25,5.3,5.25,5.25,1125,85750,35600,weekly,2022-2-3T21:00:00.000,options,put
219,1643806680000,5.25,5.35,5.25,5.35,450,85750,35600,weekly,2022-2-3T21:00:00.000,options,put
220,1643806740000,5.35,5.35,5.35,5.35,100,85750,35600,weekly,2022-2-3T21:00:00.000,options,put
221,1643806800000,5.25,5.25,5.05,5.1,975,85500,35600,weekly,2022-2-3T21:00:00.000,options,put
222,1643806860000,5.1,5.1,5.05,5.05,50,85500,35600,weekly,2022-2-3T21:00:00.000,options,put
223,1643806920000,5.05,5.1,5.0,5.05,700,85500,35600,weekly,2022-2-3T21:00:00.000,options,put
224,1643806980000,5.05,5.05,5.05,5.05,75,85525,35600,weekly,2022-2-3T21:00:00.000,options,put
225,1643807040000,5.1,5.1,5.1,5.1,150,85525,35600,weekly,2022-2-3T21:00:00.000,options,put
226,1643807100000,5.05,5.05,5.0,5.0,75,85525,35600,weekly,2022-2-3T21:00:00.000,options,put
227,1643807160000,5.05,5.05,5.05,5.05,350,85225,35600,weekly,2022-2-3T21:00:00.000,options,put
228,1643807220000,5.05,5.15,5.05,5.05,450,85225,35600,weekly,2022-2-3T21:00:00.000,options,put
229,1643807280000,5.1,5.1,4.95,5.0,1600,85225,35600,weekly,2022-2-3T21:00:00.000,options,put
230,1643807340000,5.0,5.0,4.95,5.0,725,85250,35600,weekly,2022-2-3T21:00:00.000,options,put
231,1643807400000,5.0,5.1,5.0,5.05,1625,85250,35600,weekly,2022-2-3T21:00:00.000,options,put
232,1643807460000,5.1,5.15,5.05,5.05,275,85250,35600,weekly,2022-2-3T21:00:00.000,options,put
233,1643807520000,5.05,5.1,5.05,5.1,150,84450,35600,weekly,2022-2-3T21:00:00.000,options,put
234,1643807580000,5.1,5.1,5.1,5.1,25,84450,35600,weekly,2022-2-3T21:00:00.000,options,put
235,1643807640000,5.1,5.1,5.05,5.1,950,84450,35600,weekly,2022-2-3T21:00:00.000,options,put
236,1643807700000,5.1,5.15,5.1,5.15,200,84950,35600,weekly,2022-2-3T21:00:00.000,options,put
237,1643807760000,5.1,5.15,4.75,4.75,1525,84950,35600,weekly,2022-2-3T21:00:00.000,options,put
238,1643807820000,4.75,4.75,4.55,4.55,950,84950,35600,weekly,2022-2-3T21:00:00.000,options,put
239,1643807880000,4.55,4.55,4.55,4.55,525,84350,35600,weekly,2022-2-3T21:00:00.000,options,put
240,1643807940000,4.6,4.6,4.5,4.55,500,84350,35600,weekly,2022-2-3T21:00:00.000,options,put
241,1643808000000,4.55,4.55,4.35,4.35,1625,84350,35600,weekly,2022-2-3T21:00:00.000,options,put
242,1643808060000,4.35,4.4,4.35,4.4,400,84400,35600,weekly,2022-2-3T21:00:00.000,options,put
243,1643808120000,4.4,4.45,4.4,4.45,150,84400,35600,weekly,2022-2-3T21:00:00.000,options,put
244,1643808180000,4.5,4.6,4.5,4.6,675,84400,35600,weekly,2022-2-3T21:00:00.000,options,put
245,1643808240000,4.6,4.6,4.55,4.55,175,84675,35600,weekly,2022-2-3T21:00:00.000,options,put
246,1643808300000,4.6,4.7,4.6,4.7,250,84675,35600,weekly,2022-2-3T21:00:00.000,options,put
247,1643808360000,4.75,4.75,4.75,4.75,100,84675,35600,weekly,2022-2-3T21:00:00.000,options,put
248,1643808420000,4.75,4.95,4.75,4.95,500,84675,35600,weekly,2022-2-3T21:00:00.000,options,put
249,1643808480000,5.0,5.0,5.0,5.0,25,84675,35600,weekly,2022-2-3T21:00:00.000,options,put
250,1643808540000,5.05,5.05,5.0,5.0,400,84675,35600,weekly,2022-2-3T21:00:00.000,options,put
251,1643808600000,5.0,5.15,5.0,5.05,2025,83500,35600,weekly,2022-2-3T21:00:00.000,options,put
252,1643808660000,4.95,5.05,4.95,4.95,700,83500,35600,weekly,2022-2-3T21:00:00.000,options,put
253,1643808720000,4.9,4.95,4.8,4.8,350,83500,35600,weekly,2022-2-3T21:00:00.000,options,put
254,1643808780000,4.8,4.8,4.8,4.8,375,83175,35600,weekly,2022-2-3T21:00:00.000,options,put
255,1643808840000,4.8,5.05,4.8,5.0,1200,83175,35600,weekly,2022-2-3T21:00:00.000,options,put
256,1643808900000,5.0,5.0,4.85,4.85,600,83175,35600,weekly,2022-2-3T21:00:00.000,options,put
257,1643808960000,4.85,4.85,4.85,4.85,125,83125,35600,weekly,2022-2-3T21:00:00.000,options,put
258,1643809080000,4.8,4.85,4.8,4.85,550,83125,35600,weekly,2022-2-3T21:00:00.000,options,put
259,1643809140000,4.8,4.85,4.8,4.85,100,83125,35600,weekly,2022-2-3T21:00:00.000,options,put
260,1643809200000,4.8,4.8,4.8,4.8,125,83025,35600,weekly,2022-2-3T21:00:00.000,options,put
261,1643809260000,4.7,4.7,4.7,4.7,25,83025,35600,weekly,2022-2-3T21:00:00.000,options,put
262,1643809320000,4.75,4.75,4.75,4.75,350,82975,35600,weekly,2022-2-3T21:00:00.000,options,put
263,1643809380000,4.8,4.8,4.75,4.75,225,82975,35600,weekly,2022-2-3T21:00:00.000,options,put
264,1643809440000,4.75,4.8,4.7,4.75,550,82975,35600,weekly,2022-2-3T21:00:00.000,options,put
265,1643809500000,4.8,4.8,4.75,4.75,600,82875,35600,weekly,2022-2-3T21:00:00.000,options,put
266,1643809560000,4.8,4.8,4.8,4.8,100,82875,35600,weekly,2022-2-3T21:00:00.000,options,put
267,1643809620000,4.85,4.9,4.85,4.85,725,82875,35600,weekly,2022-2-3T21:00:00.000,options,put
268,1643809680000,4.8,4.8,4.8,4.8,175,82825,35600,weekly,2022-2-3T21:00:00.000,options,put
269,1643809740000,4.85,4.85,4.75,4.75,675,82825,35600,weekly,2022-2-3T21:00:00.000,options,put
270,1643809800000,4.75,4.75,4.7,4.7,775,82825,35600,weekly,2022-2-3T21:00:00.000,options,put
271,1643809860000,4.7,4.7,4.7,4.7,75,82150,35600,weekly,2022-2-3T21:00:00.000,options,put
272,1643809920000,4.8,4.85,4.8,4.8,1975,82150,35600,weekly,2022-2-3T21:00:00.000,options,put
273,1643809980000,4.8,4.8,4.7,4.8,625,82150,35600,weekly,2022-2-3T21:00:00.000,options,put
274,1643810040000,4.8,4.8,4.75,4.8,125,80825,35600,weekly,2022-2-3T21:00:00.000,options,put
275,1643810100000,4.8,4.8,4.65,4.7,550,80825,35600,weekly,2022-2-3T21:00:00.000,options,put
276,1643810160000,4.85,4.85,4.85,4.85,475,80825,35600,weekly,2022-2-3T21:00:00.000,options,put
277,1643810220000,4.9,4.9,4.9,4.9,50,80725,35600,weekly,2022-2-3T21:00:00.000,options,put
278,1643810280000,4.85,4.85,4.85,4.85,50,80725,35600,weekly,2022-2-3T21:00:00.000,options,put
279,1643810400000,4.75,4.75,4.7,4.7,225,80725,35600,weekly,2022-2-3T21:00:00.000,options,put
280,1643810460000,4.65,4.65,4.6,4.6,375,80725,35600,weekly,2022-2-3T21:00:00.000,options,put
281,1643810520000,4.6,4.6,4.6,4.6,75,80725,35600,weekly,2022-2-3T21:00:00.000,options,put
282,1643810580000,4.6,4.6,4.5,4.5,1350,80675,35600,weekly,2022-2-3T21:00:00.000,options,put
283,1643810640000,4.5,4.55,4.5,4.55,250,80675,35600,weekly,2022-2-3T21:00:00.000,options,put
284,1643810700000,4.5,4.55,4.5,4.55,1300,80675,35600,weekly,2022-2-3T21:00:00.000,options,put
285,1643810760000,4.55,4.7,4.55,4.65,2025,82000,35600,weekly,2022-2-3T21:00:00.000,options,put
286,1643810820000,4.65,4.65,4.65,4.65,75,82000,35600,weekly,2022-2-3T21:00:00.000,options,put
287,1643810940000,4.6,4.6,4.6,4.6,250,81575,35600,weekly,2022-2-3T21:00:00.000,options,put
288,1643811000000,4.6,4.6,4.55,4.55,475,81575,35600,weekly,2022-2-3T21:00:00.000,options,put
289,1643811060000,4.55,4.55,4.55,4.55,250,81575,35600,weekly,2022-2-3T21:00:00.000,options,put
290,1643811120000,4.55,4.55,4.45,4.45,1400,81225,35600,weekly,2022-2-3T21:00:00.000,options,put
291,1643811180000,4.45,4.45,4.35,4.4,6850,81225,35600,weekly,2022-2-3T21:00:00.000,options,put
292,1643811240000,4.4,4.5,4.35,4.45,3350,81225,35600,weekly,2022-2-3T21:00:00.000,options,put
293,1643811300000,4.45,4.55,4.4,4.55,3350,76550,35600,weekly,2022-2-3T21:00:00.000,options,put
294,1643811360000,4.55,4.75,4.5,4.6,3700,76550,35600,weekly,2022-2-3T21:00:00.000,options,put
295,1643811420000,4.65,4.65,4.45,4.55,5100,76550,35600,weekly,2022-2-3T21:00:00.000,options,put
296,1643811480000,4.55,4.55,4.5,4.55,775,70325,35600,weekly,2022-2-3T21:00:00.000,options,put
297,1643811540000,4.5,4.55,4.5,4.5,525,70325,35600,weekly,2022-2-3T21:00:00.000,options,put
298,1643811600000,4.5,4.5,4.4,4.45,2225,70325,35600,weekly,2022-2-3T21:00:00.000,options,put
299,1643811660000,4.45,4.5,4.45,4.5,375,69500,35600,weekly,2022-2-3T21:00:00.000,options,put
300,1643811720000,4.5,4.5,4.4,4.45,1125,69500,35600,weekly,2022-2-3T21:00:00.000,options,put
301,1643811780000,4.4,4.4,4.3,4.3,225,69500,35600,weekly,2022-2-3T21:00:00.000,options,put
302,1643811840000,4.3,4.3,4.3,4.3,275,69150,35600,weekly,2022-2-3T21:00:00.000,options,put
303,1643811900000,4.2,4.25,4.2,4.25,325,69150,35600,weekly,2022-2-3T21:00:00.000,options,put
304,1643811960000,4.25,4.3,4.25,4.25,725,69150,35600,weekly,2022-2-3T21:00:00.000,options,put
305,1643812020000,4.25,4.3,4.25,4.25,1050,68475,35600,weekly,2022-2-3T21:00:00.000,options,put
306,1643812080000,4.3,4.3,4.25,4.3,1225,68475,35600,weekly,2022-2-3T21:00:00.000,options,put
307,1643812140000,4.3,4.35,4.25,4.3,1850,68475,35600,weekly,2022-2-3T21:00:00.000,options,put
308,1643812200000,4.3,4.3,4.15,4.25,3400,65275,35600,weekly,2022-2-3T21:00:00.000,options,put
309,1643812260000,4.25,4.25,4.15,4.15,2900,65275,35600,weekly,2022-2-3T21:00:00.000,options,put
310,1643812320000,4.15,4.2,4.15,4.2,725,65275,35600,weekly,2022-2-3T21:00:00.000,options,put
311,1643812380000,4.2,4.2,4.15,4.15,275,64500,35600,weekly,2022-2-3T21:00:00.000,options,put
312,1643812440000,4.15,4.3,4.15,4.25,1025,64500,35600,weekly,2022-2-3T21:00:00.000,options,put
313,1643812500000,4.25,4.3,4.2,4.3,725,64500,35600,weekly,2022-2-3T21:00:00.000,options,put
314,1643812560000,4.25,4.25,4.15,4.15,425,64800,35600,weekly,2022-2-3T21:00:00.000,options,put
315,1643812620000,4.2,4.2,4.2,4.2,100,64800,35600,weekly,2022-2-3T21:00:00.000,options,put
316,1643812680000,4.15,4.2,4.15,4.2,375,64800,35600,weekly,2022-2-3T21:00:00.000,options,put
317,1643812740000,4.25,4.25,4.25,4.25,25,64800,35600,weekly,2022-2-3T21:00:00.000,options,put
318,1643812800000,4.35,4.55,4.35,4.45,2300,65000,35600,weekly,2022-2-3T21:00:00.000,options,put
319,1643812860000,4.45,4.55,4.4,4.4,400,65000,35600,weekly,2022-2-3T21:00:00.000,options,put
320,1643812920000,4.4,4.5,4.4,4.5,825,63525,35600,weekly,2022-2-3T21:00:00.000,options,put
321,1643812980000,4.45,4.55,4.45,4.55,1350,63525,35600,weekly,2022-2-3T21:00:00.000,options,put
322,1643813040000,4.55,4.65,4.55,4.65,1650,63525,35600,weekly,2022-2-3T21:00:00.000,options,put
323,1643813100000,4.7,4.7,4.6,4.7,600,63875,35600,weekly,2022-2-3T21:00:00.000,options,put
324,1643813160000,4.7,4.8,4.7,4.8,575,63875,35600,weekly,2022-2-3T21:00:00.000,options,put
325,1643813220000,4.7,4.8,4.6,4.65,1975,63875,35600,weekly,2022-2-3T21:00:00.000,options,put
326,1643813280000,4.65,4.65,4.4,4.4,1050,64275,35600,weekly,2022-2-3T21:00:00.000,options,put
327,1643813340000,4.35,4.35,4.25,4.25,150,64275,35600,weekly,2022-2-3T21:00:00.000,options,put
328,1643813400000,4.2,4.25,4.15,4.2,1175,64275,35600,weekly,2022-2-3T21:00:00.000,options,put
329,1643813460000,4.2,4.3,4.2,4.3,1050,64825,35600,weekly,2022-2-3T21:00:00.000,options,put
330,1643813520000,4.15,4.25,4.15,4.2,350,64825,35600,weekly,2022-2-3T21:00:00.000,options,put
331,1643813580000,4.2,4.25,4.1,4.2,1650,64825,35600,weekly,2022-2-3T21:00:00.000,options,put
332,1643813640000,4.25,4.25,4.1,4.25,1700,66100,35600,weekly,2022-2-3T21:00:00.000,options,put
333,1643813700000,4.25,4.25,4.05,4.05,825,66100,35600,weekly,2022-2-3T21:00:00.000,options,put
334,1643813760000,4.05,4.05,4.05,4.05,275,66100,35600,weekly,2022-2-3T21:00:00.000,options,put
335,1643813820000,4.05,4.05,4.0,4.0,350,66675,35600,weekly,2022-2-3T21:00:00.000,options,put
336,1643813880000,4.1,4.1,3.95,3.95,475,66675,35600,weekly,2022-2-3T21:00:00.000,options,put
337,1643813940000,4.0,4.05,4.0,4.0,575,66675,35600,weekly,2022-2-3T21:00:00.000,options,put
338,1643814000000,4.0,4.0,3.9,3.9,325,66350,35600,weekly,2022-2-3T21:00:00.000,options,put
339,1643814060000,3.9,4.0,3.85,3.9,800,66350,35600,weekly,2022-2-3T21:00:00.000,options,put
340,1643814120000,3.9,3.95,3.9,3.9,425,66350,35600,weekly,2022-2-3T21:00:00.000,options,put
341,1643814180000,3.85,4.0,3.85,4.0,600,66125,35600,weekly,2022-2-3T21:00:00.000,options,put
342,1643814240000,3.95,4.0,3.9,4.0,1175,66125,35600,weekly,2022-2-3T21:00:00.000,options,put
343,1643814300000,3.9,3.9,3.8,3.9,1250,66125,35600,weekly,2022-2-3T21:00:00.000,options,put
344,1643814360000,3.85,3.85,3.7,3.85,2225,64075,35600,weekly,2022-2-3T21:00:00.000,options,put
345,1643814420000,3.85,3.85,3.75,3.8,2175,64075,35600,weekly,2022-2-3T21:00:00.000,options,put
346,1643814480000,3.8,3.8,3.7,3.75,2275,64075,35600,weekly,2022-2-3T21:00:00.000,options,put
347,1643814540000,3.8,3.8,3.65,3.7,2200,61675,35600,weekly,2022-2-3T21:00:00.000,options,put
348,1643814600000,3.7,3.7,3.55,3.65,3100,61675,35600,weekly,2022-2-3T21:00:00.000,options,put
349,1643814660000,3.65,3.65,3.5,3.55,3425,61675,35600,weekly,2022-2-3T21:00:00.000,options,put
350,1643814720000,3.55,3.6,3.5,3.6,1500,58550,35600,weekly,2022-2-3T21:00:00.000,options,put
351,1643814780000,3.6,3.65,3.55,3.6,1350,58550,35600,weekly,2022-2-3T21:00:00.000,options,put
352,1643814840000,3.7,3.7,3.5,3.6,4850,58550,35600,weekly,2022-2-3T21:00:00.000,options,put
353,1643814900000,3.6,3.6,3.45,3.5,2350,55075,35600,weekly,2022-2-3T21:00:00.000,options,put
354,1643814960000,3.45,3.6,3.45,3.55,3350,55075,35600,weekly,2022-2-3T21:00:00.000,options,put
355,1643815020000,3.55,3.6,3.55,3.55,1050,55075,35600,weekly,2022-2-3T21:00:00.000,options,put
356,1643815080000,3.55,3.6,3.5,3.55,1100,54325,35600,weekly,2022-2-3T21:00:00.000,options,put
357,1643815140000,3.55,3.6,3.4,3.6,2275,54325,35600,weekly,2022-2-3T21:00:00.000,options,put
358,1643815200000,3.6,3.7,3.55,3.65,3125,54325,35600,weekly,2022-2-3T21:00:00.000,options,put
359,1643815260000,3.55,3.7,3.5,3.7,1400,54925,35600,weekly,2022-2-3T21:00:00.000,options,put
360,1643815320000,3.75,3.8,3.65,3.75,600,54925,35600,weekly,2022-2-3T21:00:00.000,options,put
361,1643815380000,3.8,3.8,3.65,3.8,300,54925,35600,weekly,2022-2-3T21:00:00.000,options,put
362,1643815440000,3.75,4.05,3.75,4.05,1425,54525,35600,weekly,2022-2-3T21:00:00.000,options,put
363,1643815500000,4.1,4.15,4.05,4.1,7175,54525,35600,weekly,2022-2-3T21:00:00.000,options,put
364,1643815560000,4.2,4.2,4.05,4.1,2000,54525,35600,weekly,2022-2-3T21:00:00.000,options,put
365,1643815620000,4.1,4.2,3.9,3.9,2750,56150,35600,weekly,2022-2-3T21:00:00.000,options,put
366,1643815680000,3.9,4.0,3.85,3.9,2050,56150,35600,weekly,2022-2-3T21:00:00.000,options,put
367,1643815740000,4.0,4.35,3.65,3.65,4075,56150,35600,weekly,2022-2-3T21:00:00.000,options,put
