,timestamp,open,high,low,close,volume,open_interest,strike,expiry_type,expiry,instrument,contract_type
0,1551172500000,103.0,110.0,101.05,101.05,4875,,10850,weekly,2019-3-7T21:00:00.000,options,put
1,1551172560000,102.05,108.0,95.55,95.55,2775,,10850,weekly,2019-3-7T21:00:00.000,options,put
2,1551172620000,101.95,101.95,95.55,99.0,2700,,10850,weekly,2019-3-7T21:00:00.000,options,put
3,1551172680000,98.95,107.05,98.95,107.05,2250,,10850,weekly,2019-3-7T21:00:00.000,options,put
4,1551172740000,110.0,119.85,110.0,117.2,10275,,10850,weekly,2019-3-7T21:00:00.000,options,put
5,1551172800000,116.6,117.3,113.5,113.5,1275,,10850,weekly,2019-3-7T21:00:00.000,options,put
6,1551172860000,120.0,126.4,118.2,126.4,1275,,10850,weekly,2019-3-7T21:00:00.000,options,put
7,1551172920000,120.7,120.7,119.45,119.45,375,,10850,weekly,2019-3-7T21:00:00.000,options,put
8,1551172980000,123.35,123.35,121.55,121.55,825,,10850,weekly,2019-3-7T21:00:00.000,options,put
9,1551173040000,123.0,125.0,121.1,125.0,525,,10850,weekly,2019-3-7T21:00:00.000,options,put
10,1551173100000,128.35,129.75,118.45,120.8,4800,,10850,weekly,2019-3-7T21:00:00.000,options,put
11,1551173160000,118.45,123.9,118.0,119.2,1350,,10850,weekly,2019-3-7T21:00:00.000,options,put
12,1551173220000,122.65,123.45,122.65,122.7,825,,10850,weekly,2019-3-7T21:00:00.000,options,put
13,1551173280000,122.25,124.55,122.25,124.0,600,,10850,weekly,2019-3-7T21:00:00.000,options,put
14,1551173340000,121.3,125.0,121.3,123.0,1125,,10850,weekly,2019-3-7T21:00:00.000,options,put
15,1551173400000,127.0,127.0,125.15,125.15,375,,10850,weekly,2019-3-7T21:00:00.000,options,put
16,1551173460000,122.75,122.75,122.75,122.75,75,,10850,weekly,2019-3-7T21:00:00.000,options,put
17,1551173520000,124.2,125.5,124.2,125.5,450,,10850,weekly,2019-3-7T21:00:00.000,options,put
18,1551173580000,123.1,123.1,123.1,123.1,150,,10850,weekly,2019-3-7T21:00:00.000,options,put
19,1551173640000,125.4,130.0,125.4,130.0,300,,10850,weekly,2019-3-7T21:00:00.000,options,put
20,1551173700000,133.95,136.0,133.95,135.45,825,,10850,weekly,2019-3-7T21:00:00.000,options,put
21,1551173760000,135.7,138.9,135.3,138.5,3600,,10850,weekly,2019-3-7T21:00:00.000,options,put
22,1551173820000,135.5,135.6,129.55,129.55,1200,,10850,weekly,2019-3-7T21:00:00.000,options,put
23,1551173880000,129.65,133.65,129.45,133.65,1650,,10850,weekly,2019-3-7T21:00:00.000,options,put
24,1551173940000,131.4,132.95,131.3,131.3,1125,,10850,weekly,2019-3-7T21:00:00.000,options,put
25,1551174000000,135.0,135.0,135.0,135.0,600,,10850,weekly,2019-3-7T21:00:00.000,options,put
26,1551174060000,133.35,133.35,133.2,133.2,300,,10850,weekly,2019-3-7T21:00:00.000,options,put
27,1551174120000,133.2,136.0,133.2,136.0,150,,10850,weekly,2019-3-7T21:00:00.000,options,put
28,1551174180000,136.95,140.0,136.95,140.0,1425,,10850,weekly,2019-3-7T21:00:00.000,options,put
29,1551174240000,139.95,139.95,136.75,137.3,525,,10850,weekly,2019-3-7T21:00:00.000,options,put
30,1551174420000,138.15,138.15,137.3,137.3,825,,10850,weekly,2019-3-7T21:00:00.000,options,put
31,1551174480000,135.4,138.0,135.4,137.15,375,,10850,weekly,2019-3-7T21:00:00.000,options,put
32,1551174540000,139.35,139.35,138.65,138.65,600,,10850,weekly,2019-3-7T21:00:00.000,options,put
33,1551174600000,137.65,138.05,137.65,138.05,300,,10850,weekly,2019-3-7T21:00:00.000,options,put
34,1551174660000,138.1,138.1,138.1,138.1,75,,10850,weekly,2019-3-7T21:00:00.000,options,put
35,1551174720000,139.0,139.7,139.0,139.7,300,,10850,weekly,2019-3-7T21:00:00.000,options,put
36,1551174780000,140.0,140.3,140.0,140.3,225,,10850,weekly,2019-3-7T21:00:00.000,options,put
37,1551174900000,145.05,147.0,145.05,145.9,675,,10850,weekly,2019-3-7T21:00:00.000,options,put
38,1551174960000,145.1,147.15,145.1,147.15,300,,10850,weekly,2019-3-7T21:00:00.000,options,put
39,1551175020000,148.0,148.0,148.0,148.0,150,,10850,weekly,2019-3-7T21:00:00.000,options,put
40,1551175200000,158.1,168.9,157.7,168.9,1575,,10850,weekly,2019-3-7T21:00:00.000,options,put
41,1551175260000,173.5,174.3,173.5,174.3,300,,10850,weekly,2019-3-7T21:00:00.000,options,put
42,1551175320000,168.0,169.8,162.45,169.8,1200,,10850,weekly,2019-3-7T21:00:00.000,options,put
43,1551175380000,171.0,176.85,171.0,176.85,1875,,10850,weekly,2019-3-7T21:00:00.000,options,put
44,1551175500000,170.65,170.65,169.45,169.45,225,,10850,weekly,2019-3-7T21:00:00.000,options,put
45,1551175560000,164.15,167.0,164.15,167.0,750,,10850,weekly,2019-3-7T21:00:00.000,options,put
46,1551175620000,164.2,166.45,164.2,166.45,150,,10850,weekly,2019-3-7T21:00:00.000,options,put
47,1551175680000,165.7,169.85,165.7,166.15,2250,,10850,weekly,2019-3-7T21:00:00.000,options,put
48,1551175740000,166.5,168.5,166.5,166.85,825,,10850,weekly,2019-3-7T21:00:00.000,options,put
49,1551175800000,169.3,169.3,168.15,168.15,300,,10850,weekly,2019-3-7T21:00:00.000,options,put
50,1551175860000,164.15,165.5,162.6,162.6,975,,10850,weekly,2019-3-7T21:00:00.000,options,put
51,1551175920000,157.75,157.75,157.75,157.75,75,,10850,weekly,2019-3-7T21:00:00.000,options,put
52,1551176100000,157.0,157.0,157.0,157.0,75,,10850,weekly,2019-3-7T21:00:00.000,options,put
53,1551176160000,156.7,158.25,156.7,158.25,150,,10850,weekly,2019-3-7T21:00:00.000,options,put
54,1551176220000,159.5,159.95,159.5,159.95,150,,10850,weekly,2019-3-7T21:00:00.000,options,put
55,1551176340000,160.0,160.0,158.25,158.25,1275,,10850,weekly,2019-3-7T21:00:00.000,options,put
56,1551176400000,155.0,155.0,150.65,150.65,450,,10850,weekly,2019-3-7T21:00:00.000,options,put
57,1551176580000,153.75,153.75,152.2,152.2,150,,10850,weekly,2019-3-7T21:00:00.000,options,put
58,1551176640000,150.0,150.0,150.0,150.0,300,,10850,weekly,2019-3-7T21:00:00.000,options,put
59,1551176700000,148.0,148.0,145.15,145.15,375,,10850,weekly,2019-3-7T21:00:00.000,options,put
60,1551176760000,144.8,144.8,144.8,144.8,375,,10850,weekly,2019-3-7T21:00:00.000,options,put
61,1551176820000,146.95,146.95,145.05,145.05,300,,10850,weekly,2019-3-7T21:00:00.000,options,put
62,1551176880000,146.75,146.8,145.55,145.55,300,,10850,weekly,2019-3-7T21:00:00.000,options,put
63,1551176940000,143.0,143.0,143.0,143.0,75,,10850,weekly,2019-3-7T21:00:00.000,options,put
64,1551177000000,140.1,140.1,140.1,140.1,75,,10850,weekly,2019-3-7T21:00:00.000,options,put
65,1551177060000,142.75,144.85,140.0,140.0,750,,10850,weekly,2019-3-7T21:00:00.000,options,put
66,1551177360000,135.7,135.7,133.7,133.7,150,,10850,weekly,2019-3-7T21:00:00.000,options,put
67,1551177420000,136.2,136.2,136.2,136.2,75,,10850,weekly,2019-3-7T21:00:00.000,options,put
68,1551177540000,134.75,135.1,134.45,134.45,300,,10850,weekly,2019-3-7T21:00:00.000,options,put
69,1551177600000,134.15,134.15,132.25,132.6,600,,10850,weekly,2019-3-7T21:00:00.000,options,put
70,1551177660000,133.1,134.0,133.1,134.0,300,,10850,weekly,2019-3-7T21:00:00.000,options,put
71,1551177720000,131.85,133.7,131.85,133.7,300,,10850,weekly,2019-3-7T21:00:00.000,options,put
72,1551177840000,137.0,137.4,136.4,137.4,1050,,10850,weekly,2019-3-7T21:00:00.000,options,put
73,1551177900000,137.35,141.25,137.35,138.75,1200,,10850,weekly,2019-3-7T21:00:00.000,options,put
74,1551178200000,132.0,132.0,127.15,127.15,975,,10850,weekly,2019-3-7T21:00:00.000,options,put
75,1551178260000,127.15,128.4,127.0,128.4,375,,10850,weekly,2019-3-7T21:00:00.000,options,put
76,1551178320000,132.75,132.75,132.75,132.75,300,,10850,weekly,2019-3-7T21:00:00.000,options,put
77,1551178380000,132.9,132.9,132.0,132.0,225,,10850,weekly,2019-3-7T21:00:00.000,options,put
78,1551178440000,131.05,131.05,130.7,130.7,225,,10850,weekly,2019-3-7T21:00:00.000,options,put
79,1551178500000,130.7,131.35,130.7,131.35,150,,10850,weekly,2019-3-7T21:00:00.000,options,put
80,1551178560000,133.95,136.0,133.95,136.0,300,,10850,weekly,2019-3-7T21:00:00.000,options,put
81,1551178620000,134.6,134.6,134.6,134.6,75,,10850,weekly,2019-3-7T21:00:00.000,options,put
82,1551178680000,135.2,135.2,135.1,135.15,225,,10850,weekly,2019-3-7T21:00:00.000,options,put
83,1551178740000,135.6,136.9,135.25,136.9,300,,10850,weekly,2019-3-7T21:00:00.000,options,put
84,1551178800000,135.7,135.7,135.7,135.7,75,,10850,weekly,2019-3-7T21:00:00.000,options,put
85,1551178860000,131.8,131.8,131.8,131.8,75,,10850,weekly,2019-3-7T21:00:00.000,options,put
86,1551178920000,128.85,129.85,128.85,129.85,150,,10850,weekly,2019-3-7T21:00:00.000,options,put
87,1551178980000,130.65,131.1,129.85,129.85,300,,10850,weekly,2019-3-7T21:00:00.000,options,put
88,1551179160000,129.65,130.0,129.65,130.0,300,,10850,weekly,2019-3-7T21:00:00.000,options,put
89,1551179220000,131.45,131.45,131.45,131.45,150,,10850,weekly,2019-3-7T21:00:00.000,options,put
90,1551179280000,132.3,132.3,130.1,130.1,225,,10850,weekly,2019-3-7T21:00:00.000,options,put
91,1551179340000,132.6,132.6,130.65,130.65,150,,10850,weekly,2019-3-7T21:00:00.000,options,put
92,1551179400000,128.75,128.75,128.75,128.75,75,,10850,weekly,2019-3-7T21:00:00.000,options,put
93,1551179460000,130.35,130.35,130.35,130.35,75,,10850,weekly,2019-3-7T21:00:00.000,options,put
94,1551179520000,131.8,131.8,131.15,131.2,300,,10850,weekly,2019-3-7T21:00:00.000,options,put
95,1551179580000,130.55,130.55,128.55,128.7,825,,10850,weekly,2019-3-7T21:00:00.000,options,put
96,1551179760000,128.05,132.0,128.05,128.45,1800,,10850,weekly,2019-3-7T21:00:00.000,options,put
97,1551179940000,129.0,129.0,120.4,121.4,1350,,10850,weekly,2019-3-7T21:00:00.000,options,put
98,1551180000000,122.5,122.75,119.8,121.5,1275,,10850,weekly,2019-3-7T21:00:00.000,options,put
99,1551180060000,122.65,123.95,122.65,123.95,300,,10850,weekly,2019-3-7T21:00:00.000,options,put
100,1551180120000,124.55,126.1,124.55,126.1,300,,10850,weekly,2019-3-7T21:00:00.000,options,put
101,1551180240000,126.1,126.5,125.9,125.9,300,,10850,weekly,2019-3-7T21:00:00.000,options,put
102,1551180300000,125.95,127.6,125.95,127.6,300,,10850,weekly,2019-3-7T21:00:00.000,options,put
103,1551180360000,128.5,128.5,128.5,128.5,75,,10850,weekly,2019-3-7T21:00:00.000,options,put
104,1551180480000,131.4,131.4,131.4,131.4,75,,10850,weekly,2019-3-7T21:00:00.000,options,put
105,1551180540000,131.75,135.0,131.75,135.0,450,,10850,weekly,2019-3-7T21:00:00.000,options,put
106,1551180600000,135.0,135.0,134.25,134.25,300,,10850,weekly,2019-3-7T21:00:00.000,options,put
107,1551180720000,130.05,130.25,126.35,126.35,1125,,10850,weekly,2019-3-7T21:00:00.000,options,put
108,1551180780000,128.4,132.55,128.4,132.55,300,,10850,weekly,2019-3-7T21:00:00.000,options,put
109,1551180840000,130.2,130.2,130.2,130.2,75,,10850,weekly,2019-3-7T21:00:00.000,options,put
110,1551180900000,129.25,129.25,128.4,128.4,450,,10850,weekly,2019-3-7T21:00:00.000,options,put
111,1551181020000,123.15,123.6,121.65,121.75,825,,10850,weekly,2019-3-7T21:00:00.000,options,put
112,1551181080000,123.25,123.25,123.25,123.25,75,,10850,weekly,2019-3-7T21:00:00.000,options,put
113,1551181140000,122.05,123.85,121.3,123.85,375,,10850,weekly,2019-3-7T21:00:00.000,options,put
114,1551181200000,123.9,123.9,119.65,119.65,600,,10850,weekly,2019-3-7T21:00:00.000,options,put
115,1551181260000,114.55,117.25,114.55,116.45,1875,,10850,weekly,2019-3-7T21:00:00.000,options,put
116,1551181320000,116.45,116.45,116.45,116.45,75,,10850,weekly,2019-3-7T21:00:00.000,options,put
117,1551181380000,117.45,117.85,117.2,117.85,825,,10850,weekly,2019-3-7T21:00:00.000,options,put
118,1551181440000,116.0,116.0,115.35,115.35,225,,10850,weekly,2019-3-7T21:00:00.000,options,put
119,1551181500000,114.65,115.35,113.55,113.55,975,,10850,weekly,2019-3-7T21:00:00.000,options,put
120,1551181560000,114.65,114.65,114.65,114.65,75,,10850,weekly,2019-3-7T21:00:00.000,options,put
121,1551181620000,113.55,114.95,108.2,114.85,3150,,10850,weekly,2019-3-7T21:00:00.000,options,put
122,1551181680000,113.4,115.3,112.7,115.3,1125,,10850,weekly,2019-3-7T21:00:00.000,options,put
123,1551181740000,112.4,112.4,109.4,109.4,1650,,10850,weekly,2019-3-7T21:00:00.000,options,put
124,1551181800000,107.75,107.75,107.25,107.25,225,,10850,weekly,2019-3-7T21:00:00.000,options,put
125,1551181860000,105.75,106.4,105.4,105.55,1275,,10850,weekly,2019-3-7T21:00:00.000,options,put
126,1551181920000,105.9,106.1,101.6,104.0,1875,,10850,weekly,2019-3-7T21:00:00.000,options,put
127,1551181980000,105.05,107.7,105.05,107.7,225,,10850,weekly,2019-3-7T21:00:00.000,options,put
128,1551182040000,109.15,110.2,109.15,110.2,150,,10850,weekly,2019-3-7T21:00:00.000,options,put
129,1551182100000,110.25,113.0,110.25,113.0,750,,10850,weekly,2019-3-7T21:00:00.000,options,put
130,1551182160000,112.2,113.45,112.2,113.45,150,,10850,weekly,2019-3-7T21:00:00.000,options,put
131,1551182220000,113.0,113.0,112.35,112.35,300,,10850,weekly,2019-3-7T21:00:00.000,options,put
132,1551182280000,112.95,113.4,112.95,113.4,300,,10850,weekly,2019-3-7T21:00:00.000,options,put
133,1551182340000,114.65,114.65,114.65,114.65,75,,10850,weekly,2019-3-7T21:00:00.000,options,put
134,1551182400000,114.0,114.0,112.3,112.3,450,,10850,weekly,2019-3-7T21:00:00.000,options,put
135,1551182460000,113.9,113.9,113.9,113.9,75,,10850,weekly,2019-3-7T21:00:00.000,options,put
136,1551182520000,115.7,116.0,115.7,116.0,375,,10850,weekly,2019-3-7T21:00:00.000,options,put
137,1551182580000,116.7,116.7,116.7,116.7,225,,10850,weekly,2019-3-7T21:00:00.000,options,put
138,1551182640000,113.85,113.85,113.85,113.85,300,,10850,weekly,2019-3-7T21:00:00.000,options,put
139,1551182940000,113.85,113.85,111.4,111.4,750,,10850,weekly,2019-3-7T21:00:00.000,options,put
140,1551183000000,111.0,111.0,110.3,110.3,225,,10850,weekly,2019-3-7T21:00:00.000,options,put
141,1551183060000,110.95,113.15,110.95,113.15,600,,10850,weekly,2019-3-7T21:00:00.000,options,put
142,1551183300000,115.0,115.2,115.0,115.1,375,,10850,weekly,2019-3-7T21:00:00.000,options,put
143,1551183360000,116.25,116.25,116.25,116.25,225,,10850,weekly,2019-3-7T21:00:00.000,options,put
144,1551183420000,118.8,120.8,118.8,120.8,300,,10850,weekly,2019-3-7T21:00:00.000,options,put
145,1551183480000,121.1,121.1,120.0,120.0,375,,10850,weekly,2019-3-7T21:00:00.000,options,put
146,1551183540000,118.55,118.55,118.15,118.15,225,,10850,weekly,2019-3-7T21:00:00.000,options,put
147,1551183600000,119.95,119.95,117.25,117.25,975,,10850,weekly,2019-3-7T21:00:00.000,options,put
148,1551183660000,114.3,114.3,112.8,112.8,675,,10850,weekly,2019-3-7T21:00:00.000,options,put
149,1551183720000,112.0,112.0,112.0,112.0,75,,10850,weekly,2019-3-7T21:00:00.000,options,put
150,1551183840000,111.85,111.85,111.85,111.85,75,,10850,weekly,2019-3-7T21:00:00.000,options,put
151,1551183960000,113.4,113.4,112.05,112.05,375,,10850,weekly,2019-3-7T21:00:00.000,options,put
152,1551184020000,113.75,113.75,113.75,113.75,75,,10850,weekly,2019-3-7T21:00:00.000,options,put
153,1551184140000,116.35,116.35,114.0,114.0,525,,10850,weekly,2019-3-7T21:00:00.000,options,put
154,1551184200000,112.5,112.5,110.6,110.6,600,,10850,weekly,2019-3-7T21:00:00.000,options,put
155,1551184260000,110.05,110.05,107.8,107.8,450,,10850,weekly,2019-3-7T21:00:00.000,options,put
156,1551184320000,108.0,108.0,108.0,108.0,150,,10850,weekly,2019-3-7T21:00:00.000,options,put
157,1551184440000,109.05,109.05,109.05,109.05,75,,10850,weekly,2019-3-7T21:00:00.000,options,put
158,1551184560000,108.0,108.0,101.7,103.2,1200,,10850,weekly,2019-3-7T21:00:00.000,options,put
159,1551184620000,103.5,103.5,102.55,102.55,150,,10850,weekly,2019-3-7T21:00:00.000,options,put
160,1551184680000,102.55,103.0,99.85,100.3,1350,,10850,weekly,2019-3-7T21:00:00.000,options,put
161,1551184740000,102.55,102.55,99.9,99.9,825,,10850,weekly,2019-3-7T21:00:00.000,options,put
162,1551184800000,99.55,100.3,97.9,97.9,1425,,10850,weekly,2019-3-7T21:00:00.000,options,put
163,1551184860000,99.15,99.75,99.0,99.45,975,,10850,weekly,2019-3-7T21:00:00.000,options,put
164,1551184920000,99.6,99.75,96.05,96.55,1650,,10850,weekly,2019-3-7T21:00:00.000,options,put
165,1551184980000,95.4,96.5,95.0,95.0,750,,10850,weekly,2019-3-7T21:00:00.000,options,put
166,1551185040000,96.35,97.45,96.35,97.45,225,,10850,weekly,2019-3-7T21:00:00.000,options,put
167,1551185100000,97.6,97.6,95.0,96.45,1350,,10850,weekly,2019-3-7T21:00:00.000,options,put
168,1551185220000,100.0,101.35,100.0,101.35,150,,10850,weekly,2019-3-7T21:00:00.000,options,put
169,1551185280000,100.95,100.95,100.6,100.6,375,,10850,weekly,2019-3-7T21:00:00.000,options,put
170,1551185340000,101.0,101.0,101.0,101.0,75,,10850,weekly,2019-3-7T21:00:00.000,options,put
171,1551185400000,102.8,102.8,101.0,102.2,375,,10850,weekly,2019-3-7T21:00:00.000,options,put
172,1551185460000,101.55,101.55,101.55,101.55,450,,10850,weekly,2019-3-7T21:00:00.000,options,put
173,1551185520000,100.0,104.55,100.0,104.55,675,,10850,weekly,2019-3-7T21:00:00.000,options,put
174,1551185580000,101.35,102.6,101.35,102.6,225,,10850,weekly,2019-3-7T21:00:00.000,options,put
175,1551185700000,102.8,102.8,102.8,102.8,75,,10850,weekly,2019-3-7T21:00:00.000,options,put
176,1551185820000,106.65,106.65,105.0,105.0,900,,10850,weekly,2019-3-7T21:00:00.000,options,put
177,1551185880000,105.0,105.0,103.6,103.85,375,,10850,weekly,2019-3-7T21:00:00.000,options,put
178,1551185940000,103.85,104.5,103.3,103.3,1125,,10850,weekly,2019-3-7T21:00:00.000,options,put
179,1551186000000,103.4,103.4,102.5,102.6,2400,,10850,weekly,2019-3-7T21:00:00.000,options,put
180,1551186060000,100.05,100.05,100.0,100.0,675,,10850,weekly,2019-3-7T21:00:00.000,options,put
181,1551186180000,102.55,102.55,102.55,102.55,75,,10850,weekly,2019-3-7T21:00:00.000,options,put
182,1551186240000,102.5,103.6,102.5,103.6,375,,10850,weekly,2019-3-7T21:00:00.000,options,put
183,1551186300000,102.65,102.7,101.25,101.25,450,,10850,weekly,2019-3-7T21:00:00.000,options,put
184,1551186360000,104.0,104.7,104.0,104.7,150,,10850,weekly,2019-3-7T21:00:00.000,options,put
185,1551186480000,102.0,102.0,102.0,102.0,150,,10850,weekly,2019-3-7T21:00:00.000,options,put
186,1551186540000,103.25,103.25,103.25,103.25,75,,10850,weekly,2019-3-7T21:00:00.000,options,put
187,1551186600000,103.5,103.5,103.25,103.25,825,,10850,weekly,2019-3-7T21:00:00.000,options,put
188,1551186660000,102.0,102.0,102.0,102.0,75,,10850,weekly,2019-3-7T21:00:00.000,options,put
189,1551186720000,104.45,104.45,104.45,104.45,150,,10850,weekly,2019-3-7T21:00:00.000,options,put
190,1551186780000,104.45,104.45,104.45,104.45,375,,10850,weekly,2019-3-7T21:00:00.000,options,put
191,1551186840000,104.5,106.5,104.5,105.5,375,,10850,weekly,2019-3-7T21:00:00.000,options,put
192,1551186900000,105.5,105.5,105.5,105.5,375,,10850,weekly,2019-3-7T21:00:00.000,options,put
193,1551186960000,105.5,106.2,105.0,106.2,300,,10850,weekly,2019-3-7T21:00:00.000,options,put
194,1551187080000,105.6,105.6,104.0,104.0,150,,10850,weekly,2019-3-7T21:00:00.000,options,put
195,1551187140000,102.15,103.2,102.15,103.0,375,,10850,weekly,2019-3-7T21:00:00.000,options,put
196,1551187320000,105.9,105.9,105.9,105.9,75,,10850,weekly,2019-3-7T21:00:00.000,options,put
197,1551187380000,105.5,106.7,105.0,106.7,6450,,10850,weekly,2019-3-7T21:00:00.000,options,put
198,1551187440000,105.0,105.0,105.0,105.0,150,,10850,weekly,2019-3-7T21:00:00.000,options,put
199,1551187560000,104.85,104.85,104.85,104.85,75,,10850,weekly,2019-3-7T21:00:00.000,options,put
200,1551187620000,104.85,104.85,104.85,104.85,75,,10850,weekly,2019-3-7T21:00:00.000,options,put
201,1551187740000,103.2,104.85,103.2,104.85,900,,10850,weekly,2019-3-7T21:00:00.000,options,put
202,1551187800000,107.4,108.8,107.25,108.8,225,,10850,weekly,2019-3-7T21:00:00.000,options,put
203,1551187860000,109.0,109.0,107.5,107.5,375,,10850,weekly,2019-3-7T21:00:00.000,options,put
204,1551187920000,109.0,109.0,109.0,109.0,150,,10850,weekly,2019-3-7T21:00:00.000,options,put
205,1551187980000,107.0,107.0,107.0,107.0,150,,10850,weekly,2019-3-7T21:00:00.000,options,put
206,1551188100000,109.0,109.5,109.0,109.5,300,,10850,weekly,2019-3-7T21:00:00.000,options,put
207,1551188220000,111.45,113.0,111.15,113.0,600,,10850,weekly,2019-3-7T21:00:00.000,options,put
208,1551188280000,113.5,114.95,113.5,113.7,900,,10850,weekly,2019-3-7T21:00:00.000,options,put
209,1551188340000,114.9,115.85,114.9,115.85,1200,,10850,weekly,2019-3-7T21:00:00.000,options,put
210,1551188400000,115.9,116.7,115.1,116.0,1575,,10850,weekly,2019-3-7T21:00:00.000,options,put
211,1551188460000,115.0,116.3,115.0,115.0,1050,,10850,weekly,2019-3-7T21:00:00.000,options,put
212,1551188520000,112.0,112.0,112.0,112.0,75,,10850,weekly,2019-3-7T21:00:00.000,options,put
213,1551188580000,110.3,112.45,110.3,110.65,2475,,10850,weekly,2019-3-7T21:00:00.000,options,put
214,1551188640000,110.6,110.6,110.55,110.55,975,,10850,weekly,2019-3-7T21:00:00.000,options,put
215,1551188700000,113.55,113.65,113.15,113.15,375,,10850,weekly,2019-3-7T21:00:00.000,options,put
216,1551188760000,112.0,112.0,110.65,110.65,225,,10850,weekly,2019-3-7T21:00:00.000,options,put
217,1551188820000,111.15,112.1,110.95,112.1,675,,10850,weekly,2019-3-7T21:00:00.000,options,put
218,1551188880000,110.55,110.55,110.0,110.0,525,,10850,weekly,2019-3-7T21:00:00.000,options,put
219,1551188940000,106.3,106.85,106.3,106.8,825,,10850,weekly,2019-3-7T21:00:00.000,options,put
220,1551189000000,107.45,107.65,103.4,105.45,975,,10850,weekly,2019-3-7T21:00:00.000,options,put
221,1551189060000,104.45,104.45,104.45,104.45,150,,10850,weekly,2019-3-7T21:00:00.000,options,put
222,1551189120000,104.9,106.8,104.75,106.8,375,,10850,weekly,2019-3-7T21:00:00.000,options,put
223,1551189180000,105.1,106.8,104.5,104.5,1875,,10850,weekly,2019-3-7T21:00:00.000,options,put
224,1551189240000,106.0,106.0,105.05,105.05,300,,10850,weekly,2019-3-7T21:00:00.000,options,put
225,1551189300000,105.95,107.0,105.95,106.95,1950,,10850,weekly,2019-3-7T21:00:00.000,options,put
226,1551189360000,107.5,110.1,106.15,106.15,2175,,10850,weekly,2019-3-7T21:00:00.000,options,put
227,1551189420000,103.8,103.8,103.8,103.8,75,,10850,weekly,2019-3-7T21:00:00.000,options,put
228,1551189480000,107.9,107.9,107.35,107.35,225,,10850,weekly,2019-3-7T21:00:00.000,options,put
229,1551189600000,106.1,106.1,106.1,106.1,75,,10850,weekly,2019-3-7T21:00:00.000,options,put
230,1551189660000,105.5,105.5,105.5,105.5,75,,10850,weekly,2019-3-7T21:00:00.000,options,put
231,1551189720000,106.15,106.15,106.15,106.15,75,,10850,weekly,2019-3-7T21:00:00.000,options,put
232,1551189900000,109.9,109.9,109.9,109.9,525,,10850,weekly,2019-3-7T21:00:00.000,options,put
233,1551189960000,109.7,109.7,108.25,108.25,450,,10850,weekly,2019-3-7T21:00:00.000,options,put
234,1551190140000,107.0,107.0,105.0,105.0,375,,10850,weekly,2019-3-7T21:00:00.000,options,put
235,1551190200000,105.9,105.9,105.9,105.9,150,,10850,weekly,2019-3-7T21:00:00.000,options,put
236,1551190260000,105.75,105.75,103.15,103.15,450,,10850,weekly,2019-3-7T21:00:00.000,options,put
237,1551190320000,102.0,102.0,100.7,100.7,1350,,10850,weekly,2019-3-7T21:00:00.000,options,put
238,1551190380000,102.1,102.1,102.1,102.1,150,,10850,weekly,2019-3-7T21:00:00.000,options,put
239,1551190440000,103.0,103.0,103.0,103.0,75,,10850,weekly,2019-3-7T21:00:00.000,options,put
240,1551190500000,100.05,100.7,100.05,100.7,150,,10850,weekly,2019-3-7T21:00:00.000,options,put
241,1551190560000,103.85,103.85,103.85,103.85,75,,10850,weekly,2019-3-7T21:00:00.000,options,put
242,1551190620000,105.0,105.0,105.0,105.0,375,,10850,weekly,2019-3-7T21:00:00.000,options,put
243,1551190740000,104.5,104.5,103.5,104.5,1500,,10850,weekly,2019-3-7T21:00:00.000,options,put
244,1551190860000,101.0,101.0,100.5,100.5,225,,10850,weekly,2019-3-7T21:00:00.000,options,put
245,1551190980000,102.0,102.0,102.0,102.0,75,,10850,weekly,2019-3-7T21:00:00.000,options,put
246,1551191040000,102.0,102.0,101.05,101.05,225,,10850,weekly,2019-3-7T21:00:00.000,options,put
247,1551191100000,102.35,104.0,102.15,104.0,1950,,10850,weekly,2019-3-7T21:00:00.000,options,put
248,1551191160000,102.6,102.75,101.75,102.75,450,,10850,weekly,2019-3-7T21:00:00.000,options,put
249,1551191280000,104.55,104.55,103.5,103.5,150,,10850,weekly,2019-3-7T21:00:00.000,options,put
250,1551191340000,101.6,101.8,99.85,100.0,1200,,10850,weekly,2019-3-7T21:00:00.000,options,put
251,1551191400000,98.05,98.05,92.1,93.0,1950,,10850,weekly,2019-3-7T21:00:00.000,options,put
252,1551191460000,94.4,94.4,94.0,94.0,150,,10850,weekly,2019-3-7T21:00:00.000,options,put
253,1551191520000,94.95,94.95,94.0,94.0,825,,10850,weekly,2019-3-7T21:00:00.000,options,put
254,1551191580000,93.5,94.0,93.5,93.9,6225,,10850,weekly,2019-3-7T21:00:00.000,options,put
255,1551191640000,94.0,94.0,93.0,93.0,450,,10850,weekly,2019-3-7T21:00:00.000,options,put
256,1551191700000,91.6,92.15,88.0,88.0,1800,,10850,weekly,2019-3-7T21:00:00.000,options,put
257,1551191760000,88.45,90.2,87.15,87.15,900,,10850,weekly,2019-3-7T21:00:00.000,options,put
258,1551191820000,87.1,90.0,87.0,90.0,975,,10850,weekly,2019-3-7T21:00:00.000,options,put
259,1551191880000,89.0,89.0,86.1,86.5,1875,,10850,weekly,2019-3-7T21:00:00.000,options,put
260,1551191940000,90.6,90.9,90.2,90.2,450,,10850,weekly,2019-3-7T21:00:00.000,options,put
261,1551192000000,90.1,92.0,88.85,89.45,3450,,10850,weekly,2019-3-7T21:00:00.000,options,put
262,1551192060000,88.0,88.0,88.0,88.0,150,,10850,weekly,2019-3-7T21:00:00.000,options,put
263,1551192120000,86.1,88.05,86.1,88.05,900,,10850,weekly,2019-3-7T21:00:00.000,options,put
264,1551192180000,87.5,89.35,87.5,89.3,1500,,10850,weekly,2019-3-7T21:00:00.000,options,put
265,1551192240000,91.8,92.15,91.8,92.15,375,,10850,weekly,2019-3-7T21:00:00.000,options,put
266,1551192300000,91.45,92.0,91.45,92.0,225,,10850,weekly,2019-3-7T21:00:00.000,options,put
267,1551192360000,92.2,93.0,92.05,93.0,1125,,10850,weekly,2019-3-7T21:00:00.000,options,put
268,1551192420000,93.0,93.0,92.6,92.6,750,,10850,weekly,2019-3-7T21:00:00.000,options,put
269,1551192480000,93.0,93.0,92.8,92.8,375,,10850,weekly,2019-3-7T21:00:00.000,options,put
270,1551192540000,92.0,93.0,91.65,93.0,1650,,10850,weekly,2019-3-7T21:00:00.000,options,put
271,1551192600000,91.9,96.0,91.9,96.0,600,,10850,weekly,2019-3-7T21:00:00.000,options,put
272,1551192660000,98.0,98.95,98.0,98.45,900,,10850,weekly,2019-3-7T21:00:00.000,options,put
273,1551192720000,98.7,104.0,98.7,102.05,2100,,10850,weekly,2019-3-7T21:00:00.000,options,put
274,1551192780000,103.75,105.0,103.0,104.95,1125,,10850,weekly,2019-3-7T21:00:00.000,options,put
275,1551192840000,105.0,107.3,105.0,105.1,450,,10850,weekly,2019-3-7T21:00:00.000,options,put
276,1551192900000,107.8,113.05,107.8,113.05,2775,,10850,weekly,2019-3-7T21:00:00.000,options,put
277,1551192960000,110.25,116.0,108.35,116.0,1950,,10850,weekly,2019-3-7T21:00:00.000,options,put
278,1551193020000,113.0,114.55,108.5,110.0,600,,10850,weekly,2019-3-7T21:00:00.000,options,put
279,1551193080000,110.7,110.7,105.3,105.3,1875,,10850,weekly,2019-3-7T21:00:00.000,options,put
280,1551193140000,107.55,109.8,107.2,109.3,1200,,10850,weekly,2019-3-7T21:00:00.000,options,put
281,1551193200000,110.55,112.0,109.8,109.8,1050,,10850,weekly,2019-3-7T21:00:00.000,options,put
282,1551193260000,112.0,113.0,112.0,113.0,150,,10850,weekly,2019-3-7T21:00:00.000,options,put
283,1551193320000,115.0,116.0,114.0,116.0,675,,10850,weekly,2019-3-7T21:00:00.000,options,put
284,1551193380000,116.05,117.35,112.5,112.5,1800,,10850,weekly,2019-3-7T21:00:00.000,options,put
285,1551193440000,110.55,110.55,108.55,108.55,1800,,10850,weekly,2019-3-7T21:00:00.000,options,put
286,1551193500000,108.4,111.0,108.4,111.0,300,,10850,weekly,2019-3-7T21:00:00.000,options,put
287,1551193560000,112.0,113.05,110.55,111.4,1275,,10850,weekly,2019-3-7T21:00:00.000,options,put
288,1551193620000,111.6,113.5,110.0,110.0,2550,,10850,weekly,2019-3-7T21:00:00.000,options,put
289,1551193680000,112.2,112.2,111.25,111.45,750,,10850,weekly,2019-3-7T21:00:00.000,options,put
290,1551193740000,112.85,113.0,112.0,112.0,1050,,10850,weekly,2019-3-7T21:00:00.000,options,put
291,1551193800000,113.05,114.5,110.65,110.65,675,,10850,weekly,2019-3-7T21:00:00.000,options,put
292,1551193860000,112.0,113.0,112.0,113.0,300,,10850,weekly,2019-3-7T21:00:00.000,options,put
293,1551193920000,110.9,114.1,110.9,114.1,375,,10850,weekly,2019-3-7T21:00:00.000,options,put
294,1551193980000,114.85,115.5,113.75,115.5,1650,,10850,weekly,2019-3-7T21:00:00.000,options,put
295,1551194040000,115.65,115.75,112.35,112.35,900,,10850,weekly,2019-3-7T21:00:00.000,options,put
296,1551194100000,111.85,111.85,110.8,110.8,150,,10850,weekly,2019-3-7T21:00:00.000,options,put
297,1551194160000,111.0,111.15,111.0,111.15,450,,10850,weekly,2019-3-7T21:00:00.000,options,put
298,1551194220000,114.0,114.0,114.0,114.0,150,,10850,weekly,2019-3-7T21:00:00.000,options,put
299,1551194280000,114.0,114.0,113.5,113.5,375,,10850,weekly,2019-3-7T21:00:00.000,options,put
300,1551194340000,115.0,115.0,112.85,114.0,525,,10850,weekly,2019-3-7T21:00:00.000,options,put
301,1551194400000,115.0,115.0,115.0,115.0,450,,10850,weekly,2019-3-7T21:00:00.000,options,put
302,1551194460000,114.05,114.05,110.95,112.0,975,,10850,weekly,2019-3-7T21:00:00.000,options,put
303,1551194520000,112.0,112.0,112.0,112.0,75,,10850,weekly,2019-3-7T21:00:00.000,options,put
304,1551194580000,113.35,113.35,111.1,111.1,600,,10850,weekly,2019-3-7T21:00:00.000,options,put
305,1551194640000,111.85,113.45,111.85,112.65,3300,,10850,weekly,2019-3-7T21:00:00.000,options,put
306,1551194700000,112.5,112.6,112.5,112.6,750,,10850,weekly,2019-3-7T21:00:00.000,options,put
307,1551194760000,112.9,113.6,112.7,113.55,1125,,10850,weekly,2019-3-7T21:00:00.000,options,put
308,1551194820000,113.75,113.75,113.0,113.6,900,,10850,weekly,2019-3-7T21:00:00.000,options,put
309,1551194880000,113.55,114.2,113.05,113.1,1050,,10850,weekly,2019-3-7T21:00:00.000,options,put
310,1551194940000,113.1,115.3,112.05,115.3,1875,,10850,weekly,2019-3-7T21:00:00.000,options,put
311,1551195000000,113.1,115.3,112.05,112.85,0,,10850,weekly,2019-3-7T21:00:00.000,options,put
