,timestamp,open,high,low,close,volume,open_interest,strike,expiry_type,expiry,instrument,contract_type
0,1658740500000,1.85,1.85,1.5,1.6,51900,983950,15400,weekly,2022-7-28T21:00:00.000,options,put
1,1658740560000,1.6,1.65,1.6,1.6,22150,983950,15400,weekly,2022-7-28T21:00:00.000,options,put
2,1658740620000,1.6,1.65,1.55,1.6,43000,977700,15400,weekly,2022-7-28T21:00:00.000,options,put
3,1658740680000,1.6,1.6,1.55,1.55,15850,977700,15400,weekly,2022-7-28T21:00:00.000,options,put
4,1658740740000,1.6,1.65,1.55,1.55,46500,977700,15400,weekly,2022-7-28T21:00:00.000,options,put
5,1658740800000,1.55,1.7,1.55,1.7,112650,1013700,15400,weekly,2022-7-28T21:00:00.000,options,put
6,1658740860000,1.7,1.75,1.65,1.65,103300,1013700,15400,weekly,2022-7-28T21:00:00.000,options,put
7,1658740920000,1.7,1.7,1.6,1.65,26450,1013700,15400,weekly,2022-7-28T21:00:00.000,options,put
8,1658740980000,1.65,1.65,1.6,1.65,2950,1013000,15400,weekly,2022-7-28T21:00:00.000,options,put
9,1658741040000,1.65,1.65,1.6,1.6,550,1013000,15400,weekly,2022-7-28T21:00:00.000,options,put
10,1658741100000,1.65,1.65,1.6,1.6,5500,1013000,15400,weekly,2022-7-28T21:00:00.000,options,put
11,1658741160000,1.65,1.65,1.6,1.6,14300,1007550,15400,weekly,2022-7-28T21:00:00.000,options,put
12,1658741220000,1.6,1.6,1.5,1.5,111500,1007550,15400,weekly,2022-7-28T21:00:00.000,options,put
13,1658741280000,1.5,1.55,1.5,1.55,32200,1007550,15400,weekly,2022-7-28T21:00:00.000,options,put
14,1658741340000,1.5,1.55,1.5,1.55,17450,973000,15400,weekly,2022-7-28T21:00:00.000,options,put
15,1658741400000,1.55,1.55,1.5,1.5,7750,973000,15400,weekly,2022-7-28T21:00:00.000,options,put
16,1658741460000,1.55,1.55,1.5,1.5,4350,973000,15400,weekly,2022-7-28T21:00:00.000,options,put
17,1658741520000,1.55,1.6,1.5,1.6,22350,970800,15400,weekly,2022-7-28T21:00:00.000,options,put
18,1658741580000,1.55,1.6,1.55,1.55,26700,970800,15400,weekly,2022-7-28T21:00:00.000,options,put
19,1658741640000,1.55,1.6,1.55,1.6,13250,970800,15400,weekly,2022-7-28T21:00:00.000,options,put
20,1658741700000,1.6,1.6,1.55,1.55,13350,976550,15400,weekly,2022-7-28T21:00:00.000,options,put
21,1658741760000,1.55,1.55,1.55,1.55,9100,976550,15400,weekly,2022-7-28T21:00:00.000,options,put
22,1658741820000,1.5,1.55,1.5,1.55,1700,976550,15400,weekly,2022-7-28T21:00:00.000,options,put
23,1658741880000,1.55,1.55,1.5,1.5,6500,982100,15400,weekly,2022-7-28T21:00:00.000,options,put
24,1658741940000,1.5,1.5,1.5,1.5,18300,982100,15400,weekly,2022-7-28T21:00:00.000,options,put
25,1658742000000,1.5,1.5,1.45,1.45,1900,982100,15400,weekly,2022-7-28T21:00:00.000,options,put
26,1658742060000,1.45,1.5,1.45,1.45,3650,979850,15400,weekly,2022-7-28T21:00:00.000,options,put
27,1658742120000,1.45,1.5,1.45,1.45,6850,979850,15400,weekly,2022-7-28T21:00:00.000,options,put
28,1658742180000,1.45,1.5,1.45,1.5,1700,979850,15400,weekly,2022-7-28T21:00:00.000,options,put
29,1658742240000,1.5,1.5,1.45,1.45,950,981350,15400,weekly,2022-7-28T21:00:00.000,options,put
30,1658742300000,1.5,1.5,1.45,1.5,1850,981350,15400,weekly,2022-7-28T21:00:00.000,options,put
31,1658742360000,1.5,1.5,1.45,1.5,2800,981350,15400,weekly,2022-7-28T21:00:00.000,options,put
32,1658742420000,1.5,1.5,1.45,1.45,8250,983150,15400,weekly,2022-7-28T21:00:00.000,options,put
33,1658742480000,1.5,1.5,1.45,1.5,18500,983150,15400,weekly,2022-7-28T21:00:00.000,options,put
34,1658742540000,1.5,1.5,1.45,1.5,500,983150,15400,weekly,2022-7-28T21:00:00.000,options,put
35,1658742600000,1.45,1.5,1.45,1.45,500,984500,15400,weekly,2022-7-28T21:00:00.000,options,put
36,1658742660000,1.5,1.55,1.5,1.5,22100,984500,15400,weekly,2022-7-28T21:00:00.000,options,put
37,1658742720000,1.55,1.55,1.5,1.5,3650,984500,15400,weekly,2022-7-28T21:00:00.000,options,put
38,1658742780000,1.5,1.55,1.5,1.5,2500,974300,15400,weekly,2022-7-28T21:00:00.000,options,put
39,1658742840000,1.55,1.55,1.5,1.55,1000,974300,15400,weekly,2022-7-28T21:00:00.000,options,put
40,1658742900000,1.55,1.55,1.5,1.55,1900,974300,15400,weekly,2022-7-28T21:00:00.000,options,put
41,1658742960000,1.55,1.55,1.5,1.5,6800,972300,15400,weekly,2022-7-28T21:00:00.000,options,put
42,1658743020000,1.55,1.55,1.5,1.5,10700,972300,15400,weekly,2022-7-28T21:00:00.000,options,put
43,1658743080000,1.55,1.55,1.5,1.55,15650,972300,15400,weekly,2022-7-28T21:00:00.000,options,put
44,1658743140000,1.55,1.55,1.5,1.5,11050,942250,15400,weekly,2022-7-28T21:00:00.000,options,put
45,1658743200000,1.5,1.55,1.5,1.5,7850,942250,15400,weekly,2022-7-28T21:00:00.000,options,put
46,1658743260000,1.5,1.55,1.5,1.5,16500,942250,15400,weekly,2022-7-28T21:00:00.000,options,put
47,1658743320000,1.45,1.5,1.45,1.5,5250,937300,15400,weekly,2022-7-28T21:00:00.000,options,put
48,1658743380000,1.5,1.5,1.45,1.5,4300,937300,15400,weekly,2022-7-28T21:00:00.000,options,put
49,1658743440000,1.5,1.5,1.45,1.5,12250,937300,15400,weekly,2022-7-28T21:00:00.000,options,put
50,1658743500000,1.5,1.55,1.5,1.5,3700,924800,15400,weekly,2022-7-28T21:00:00.000,options,put
51,1658743560000,1.55,1.55,1.5,1.55,3500,924800,15400,weekly,2022-7-28T21:00:00.000,options,put
52,1658743620000,1.55,1.55,1.5,1.5,2050,924800,15400,weekly,2022-7-28T21:00:00.000,options,put
53,1658743680000,1.55,1.55,1.55,1.55,2750,924800,15400,weekly,2022-7-28T21:00:00.000,options,put
54,1658743740000,1.5,1.5,1.5,1.5,400,927750,15400,weekly,2022-7-28T21:00:00.000,options,put
55,1658743800000,1.55,1.55,1.55,1.55,2500,927750,15400,weekly,2022-7-28T21:00:00.000,options,put
56,1658743920000,1.55,1.55,1.5,1.5,6800,930250,15400,weekly,2022-7-28T21:00:00.000,options,put
57,1658743980000,1.5,1.5,1.5,1.5,2750,930250,15400,weekly,2022-7-28T21:00:00.000,options,put
58,1658744040000,1.5,1.55,1.5,1.55,2850,932600,15400,weekly,2022-7-28T21:00:00.000,options,put
59,1658744100000,1.5,1.55,1.5,1.55,4500,932600,15400,weekly,2022-7-28T21:00:00.000,options,put
60,1658744160000,1.5,1.55,1.5,1.55,8400,932600,15400,weekly,2022-7-28T21:00:00.000,options,put
61,1658744220000,1.5,1.5,1.5,1.5,350,937650,15400,weekly,2022-7-28T21:00:00.000,options,put
62,1658744280000,1.55,1.55,1.55,1.55,150,937650,15400,weekly,2022-7-28T21:00:00.000,options,put
63,1658744340000,1.55,1.55,1.5,1.55,2150,937650,15400,weekly,2022-7-28T21:00:00.000,options,put
64,1658744400000,1.5,1.55,1.5,1.55,6500,932450,15400,weekly,2022-7-28T21:00:00.000,options,put
65,1658744460000,1.5,1.5,1.5,1.5,200,932450,15400,weekly,2022-7-28T21:00:00.000,options,put
66,1658744580000,1.5,1.55,1.5,1.55,400,932350,15400,weekly,2022-7-28T21:00:00.000,options,put
67,1658744700000,1.55,1.55,1.5,1.5,150,932350,15400,weekly,2022-7-28T21:00:00.000,options,put
68,1658744760000,1.55,1.55,1.5,1.5,100,932350,15400,weekly,2022-7-28T21:00:00.000,options,put
69,1658744820000,1.55,1.55,1.5,1.5,550,932350,15400,weekly,2022-7-28T21:00:00.000,options,put
70,1658744880000,1.55,1.55,1.5,1.5,9150,932350,15400,weekly,2022-7-28T21:00:00.000,options,put
71,1658744940000,1.5,1.5,1.5,1.5,2250,926500,15400,weekly,2022-7-28T21:00:00.000,options,put
72,1658745000000,1.55,1.55,1.5,1.5,18250,926500,15400,weekly,2022-7-28T21:00:00.000,options,put
73,1658745060000,1.5,1.5,1.5,1.5,750,926500,15400,weekly,2022-7-28T21:00:00.000,options,put
74,1658745120000,1.55,1.55,1.55,1.55,100,922350,15400,weekly,2022-7-28T21:00:00.000,options,put
75,1658745180000,1.5,1.5,1.5,1.5,6800,922350,15400,weekly,2022-7-28T21:00:00.000,options,put
76,1658745240000,1.55,1.55,1.55,1.55,50,922350,15400,weekly,2022-7-28T21:00:00.000,options,put
77,1658745300000,1.55,1.55,1.5,1.5,100,922250,15400,weekly,2022-7-28T21:00:00.000,options,put
78,1658745360000,1.5,1.5,1.5,1.5,10100,922250,15400,weekly,2022-7-28T21:00:00.000,options,put
79,1658745420000,1.5,1.5,1.5,1.5,5850,922250,15400,weekly,2022-7-28T21:00:00.000,options,put
80,1658745480000,1.5,1.5,1.45,1.5,2650,916550,15400,weekly,2022-7-28T21:00:00.000,options,put
81,1658745540000,1.5,1.5,1.5,1.5,12500,916550,15400,weekly,2022-7-28T21:00:00.000,options,put
82,1658745600000,1.5,1.5,1.5,1.5,2900,916550,15400,weekly,2022-7-28T21:00:00.000,options,put
83,1658745660000,1.5,1.5,1.5,1.5,50,916550,15400,weekly,2022-7-28T21:00:00.000,options,put
84,1658745720000,1.5,1.5,1.5,1.5,2100,919750,15400,weekly,2022-7-28T21:00:00.000,options,put
85,1658745780000,1.5,1.5,1.5,1.5,400,919750,15400,weekly,2022-7-28T21:00:00.000,options,put
86,1658745840000,1.5,1.5,1.45,1.5,3600,917600,15400,weekly,2022-7-28T21:00:00.000,options,put
87,1658745900000,1.5,1.55,1.5,1.55,19700,917600,15400,weekly,2022-7-28T21:00:00.000,options,put
88,1658745960000,1.55,1.55,1.55,1.55,17150,917600,15400,weekly,2022-7-28T21:00:00.000,options,put
89,1658746020000,1.55,1.6,1.55,1.6,4850,930100,15400,weekly,2022-7-28T21:00:00.000,options,put
90,1658746080000,1.6,1.6,1.6,1.6,400,930100,15400,weekly,2022-7-28T21:00:00.000,options,put
91,1658746200000,1.6,1.6,1.55,1.6,5950,931900,15400,weekly,2022-7-28T21:00:00.000,options,put
92,1658746260000,1.55,1.55,1.55,1.55,800,931900,15400,weekly,2022-7-28T21:00:00.000,options,put
93,1658746320000,1.6,1.6,1.55,1.6,500,931900,15400,weekly,2022-7-28T21:00:00.000,options,put
94,1658746380000,1.6,1.6,1.6,1.6,2050,931550,15400,weekly,2022-7-28T21:00:00.000,options,put
95,1658746440000,1.6,1.6,1.55,1.55,200,931550,15400,weekly,2022-7-28T21:00:00.000,options,put
96,1658746500000,1.55,1.55,1.55,1.55,150,931550,15400,weekly,2022-7-28T21:00:00.000,options,put
97,1658746620000,1.6,1.6,1.6,1.6,1000,931400,15400,weekly,2022-7-28T21:00:00.000,options,put
98,1658746680000,1.55,1.55,1.55,1.55,550,931400,15400,weekly,2022-7-28T21:00:00.000,options,put
99,1658746740000,1.55,1.55,1.55,1.55,2750,930900,15400,weekly,2022-7-28T21:00:00.000,options,put
100,1658746800000,1.6,1.6,1.55,1.6,1200,930900,15400,weekly,2022-7-28T21:00:00.000,options,put
101,1658746860000,1.6,1.6,1.6,1.6,200,930900,15400,weekly,2022-7-28T21:00:00.000,options,put
102,1658746920000,1.6,1.6,1.6,1.6,2800,932400,15400,weekly,2022-7-28T21:00:00.000,options,put
103,1658747040000,1.6,1.6,1.6,1.6,50,932400,15400,weekly,2022-7-28T21:00:00.000,options,put
104,1658747100000,1.55,1.55,1.55,1.55,1800,932300,15400,weekly,2022-7-28T21:00:00.000,options,put
105,1658747160000,1.55,1.6,1.55,1.6,2600,932300,15400,weekly,2022-7-28T21:00:00.000,options,put
106,1658747220000,1.55,1.6,1.55,1.6,150,932300,15400,weekly,2022-7-28T21:00:00.000,options,put
107,1658747280000,1.6,1.6,1.6,1.6,100,932300,15400,weekly,2022-7-28T21:00:00.000,options,put
108,1658747400000,1.55,1.6,1.55,1.6,1200,932300,15400,weekly,2022-7-28T21:00:00.000,options,put
109,1658747460000,1.55,1.6,1.55,1.6,5900,934050,15400,weekly,2022-7-28T21:00:00.000,options,put
110,1658747520000,1.6,1.6,1.55,1.6,2050,934050,15400,weekly,2022-7-28T21:00:00.000,options,put
111,1658747580000,1.55,1.55,1.55,1.55,200,934050,15400,weekly,2022-7-28T21:00:00.000,options,put
112,1658747640000,1.55,1.6,1.55,1.55,1900,933200,15400,weekly,2022-7-28T21:00:00.000,options,put
113,1658747700000,1.55,1.55,1.55,1.55,200,933200,15400,weekly,2022-7-28T21:00:00.000,options,put
114,1658747760000,1.6,1.6,1.6,1.6,50,933200,15400,weekly,2022-7-28T21:00:00.000,options,put
115,1658747820000,1.55,1.55,1.55,1.55,300,933200,15400,weekly,2022-7-28T21:00:00.000,options,put
116,1658747880000,1.55,1.55,1.55,1.55,1500,933700,15400,weekly,2022-7-28T21:00:00.000,options,put
117,1658747940000,1.55,1.6,1.55,1.55,5700,933700,15400,weekly,2022-7-28T21:00:00.000,options,put
118,1658748000000,1.6,1.6,1.55,1.55,100,933600,15400,weekly,2022-7-28T21:00:00.000,options,put
119,1658748060000,1.55,1.6,1.55,1.6,3600,933600,15400,weekly,2022-7-28T21:00:00.000,options,put
120,1658748120000,1.55,1.6,1.55,1.6,4550,933600,15400,weekly,2022-7-28T21:00:00.000,options,put
121,1658748180000,1.55,1.6,1.55,1.6,150,930750,15400,weekly,2022-7-28T21:00:00.000,options,put
122,1658748240000,1.55,1.55,1.55,1.55,50,930750,15400,weekly,2022-7-28T21:00:00.000,options,put
123,1658748300000,1.55,1.6,1.55,1.55,1900,930750,15400,weekly,2022-7-28T21:00:00.000,options,put
124,1658748360000,1.6,1.6,1.55,1.6,8500,933550,15400,weekly,2022-7-28T21:00:00.000,options,put
125,1658748420000,1.6,1.6,1.55,1.6,1050,933550,15400,weekly,2022-7-28T21:00:00.000,options,put
126,1658748540000,1.6,1.6,1.55,1.55,100,934000,15400,weekly,2022-7-28T21:00:00.000,options,put
127,1658748600000,1.55,1.6,1.55,1.6,250,934000,15400,weekly,2022-7-28T21:00:00.000,options,put
128,1658748660000,1.6,1.6,1.55,1.6,950,934000,15400,weekly,2022-7-28T21:00:00.000,options,put
129,1658748720000,1.55,1.6,1.55,1.6,100,933850,15400,weekly,2022-7-28T21:00:00.000,options,put
130,1658748780000,1.6,1.6,1.6,1.6,4700,933850,15400,weekly,2022-7-28T21:00:00.000,options,put
131,1658748840000,1.55,1.55,1.55,1.55,600,933850,15400,weekly,2022-7-28T21:00:00.000,options,put
132,1658748900000,1.55,1.55,1.55,1.55,50,933850,15400,weekly,2022-7-28T21:00:00.000,options,put
133,1658748960000,1.6,1.6,1.6,1.6,100,930750,15400,weekly,2022-7-28T21:00:00.000,options,put
134,1658749020000,1.6,1.6,1.6,1.6,100,930750,15400,weekly,2022-7-28T21:00:00.000,options,put
135,1658749080000,1.6,1.6,1.6,1.6,1800,930750,15400,weekly,2022-7-28T21:00:00.000,options,put
136,1658749140000,1.6,1.6,1.6,1.6,3000,932700,15400,weekly,2022-7-28T21:00:00.000,options,put
137,1658749200000,1.6,1.6,1.55,1.55,2700,932700,15400,weekly,2022-7-28T21:00:00.000,options,put
138,1658749260000,1.55,1.6,1.55,1.55,5000,931450,15400,weekly,2022-7-28T21:00:00.000,options,put
139,1658749320000,1.6,1.6,1.55,1.55,3550,931450,15400,weekly,2022-7-28T21:00:00.000,options,put
140,1658749380000,1.6,1.6,1.55,1.55,5350,931450,15400,weekly,2022-7-28T21:00:00.000,options,put
141,1658749440000,1.55,1.6,1.55,1.55,14450,929750,15400,weekly,2022-7-28T21:00:00.000,options,put
142,1658749500000,1.55,1.55,1.55,1.55,50,929750,15400,weekly,2022-7-28T21:00:00.000,options,put
143,1658749560000,1.55,1.55,1.55,1.55,1150,929750,15400,weekly,2022-7-28T21:00:00.000,options,put
144,1658749620000,1.55,1.55,1.5,1.55,1950,935750,15400,weekly,2022-7-28T21:00:00.000,options,put
145,1658749680000,1.55,1.55,1.55,1.55,50,935750,15400,weekly,2022-7-28T21:00:00.000,options,put
146,1658749740000,1.55,1.55,1.5,1.55,1000,935750,15400,weekly,2022-7-28T21:00:00.000,options,put
147,1658749800000,1.55,1.55,1.5,1.55,3900,935750,15400,weekly,2022-7-28T21:00:00.000,options,put
148,1658749860000,1.55,1.55,1.55,1.55,50,938000,15400,weekly,2022-7-28T21:00:00.000,options,put
149,1658749980000,1.55,1.55,1.55,1.55,2850,938000,15400,weekly,2022-7-28T21:00:00.000,options,put
150,1658750040000,1.55,1.55,1.5,1.5,100,940900,15400,weekly,2022-7-28T21:00:00.000,options,put
151,1658750100000,1.5,1.55,1.5,1.55,650,940900,15400,weekly,2022-7-28T21:00:00.000,options,put
152,1658750160000,1.5,1.5,1.5,1.5,450,937250,15400,weekly,2022-7-28T21:00:00.000,options,put
153,1658750220000,1.55,1.55,1.55,1.55,50,937250,15400,weekly,2022-7-28T21:00:00.000,options,put
154,1658750340000,1.55,1.55,1.5,1.5,300,937250,15400,weekly,2022-7-28T21:00:00.000,options,put
155,1658750400000,1.55,1.55,1.55,1.55,50,936800,15400,weekly,2022-7-28T21:00:00.000,options,put
156,1658750460000,1.55,1.55,1.55,1.55,50,936800,15400,weekly,2022-7-28T21:00:00.000,options,put
157,1658750580000,1.5,1.55,1.5,1.55,100,936900,15400,weekly,2022-7-28T21:00:00.000,options,put
158,1658750640000,1.55,1.55,1.55,1.55,200,936900,15400,weekly,2022-7-28T21:00:00.000,options,put
159,1658750700000,1.55,1.55,1.55,1.55,650,936900,15400,weekly,2022-7-28T21:00:00.000,options,put
160,1658750760000,1.55,1.55,1.5,1.5,450,937250,15400,weekly,2022-7-28T21:00:00.000,options,put
161,1658750820000,1.55,1.55,1.55,1.55,100,937250,15400,weekly,2022-7-28T21:00:00.000,options,put
162,1658750880000,1.5,1.55,1.5,1.55,350,937250,15400,weekly,2022-7-28T21:00:00.000,options,put
163,1658750940000,1.5,1.55,1.5,1.55,700,936750,15400,weekly,2022-7-28T21:00:00.000,options,put
164,1658751000000,1.55,1.55,1.55,1.55,50,936750,15400,weekly,2022-7-28T21:00:00.000,options,put
165,1658751060000,1.5,1.55,1.5,1.55,1650,936750,15400,weekly,2022-7-28T21:00:00.000,options,put
166,1658751120000,1.5,1.5,1.5,1.5,50,936200,15400,weekly,2022-7-28T21:00:00.000,options,put
167,1658751240000,1.5,1.5,1.5,1.5,500,936200,15400,weekly,2022-7-28T21:00:00.000,options,put
168,1658751360000,1.55,1.55,1.55,1.55,1000,935650,15400,weekly,2022-7-28T21:00:00.000,options,put
169,1658751420000,1.5,1.5,1.5,1.5,1000,935650,15400,weekly,2022-7-28T21:00:00.000,options,put
170,1658751480000,1.55,1.55,1.55,1.55,1250,935500,15400,weekly,2022-7-28T21:00:00.000,options,put
171,1658751540000,1.5,1.55,1.5,1.55,5500,935500,15400,weekly,2022-7-28T21:00:00.000,options,put
172,1658751600000,1.55,1.55,1.5,1.55,650,935500,15400,weekly,2022-7-28T21:00:00.000,options,put
173,1658751660000,1.5,1.55,1.5,1.55,1950,934050,15400,weekly,2022-7-28T21:00:00.000,options,put
174,1658751720000,1.55,1.55,1.5,1.5,600,934050,15400,weekly,2022-7-28T21:00:00.000,options,put
175,1658751840000,1.5,1.5,1.5,1.5,500,932500,15400,weekly,2022-7-28T21:00:00.000,options,put
176,1658751900000,1.5,1.5,1.5,1.5,50,932500,15400,weekly,2022-7-28T21:00:00.000,options,put
177,1658751960000,1.55,1.55,1.5,1.55,8900,933300,15400,weekly,2022-7-28T21:00:00.000,options,put
178,1658752020000,1.55,1.55,1.55,1.55,250,933300,15400,weekly,2022-7-28T21:00:00.000,options,put
179,1658752080000,1.5,1.5,1.5,1.5,2000,933300,15400,weekly,2022-7-28T21:00:00.000,options,put
180,1658752200000,1.55,1.55,1.5,1.5,2650,935300,15400,weekly,2022-7-28T21:00:00.000,options,put
181,1658752260000,1.55,1.55,1.55,1.55,100,935300,15400,weekly,2022-7-28T21:00:00.000,options,put
182,1658752320000,1.5,1.5,1.5,1.5,950,935300,15400,weekly,2022-7-28T21:00:00.000,options,put
183,1658752380000,1.55,1.55,1.5,1.55,6000,938150,15400,weekly,2022-7-28T21:00:00.000,options,put
184,1658752440000,1.55,1.55,1.5,1.55,600,938150,15400,weekly,2022-7-28T21:00:00.000,options,put
185,1658752500000,1.5,1.55,1.5,1.55,450,938150,15400,weekly,2022-7-28T21:00:00.000,options,put
186,1658752560000,1.55,1.55,1.5,1.55,1200,940600,15400,weekly,2022-7-28T21:00:00.000,options,put
187,1658752620000,1.55,1.55,1.5,1.5,3000,940600,15400,weekly,2022-7-28T21:00:00.000,options,put
188,1658752680000,1.5,1.55,1.5,1.5,650,940600,15400,weekly,2022-7-28T21:00:00.000,options,put
189,1658752740000,1.5,1.55,1.5,1.5,2250,943750,15400,weekly,2022-7-28T21:00:00.000,options,put
190,1658752800000,1.5,1.55,1.5,1.5,3700,943750,15400,weekly,2022-7-28T21:00:00.000,options,put
191,1658752860000,1.5,1.5,1.5,1.5,150,943750,15400,weekly,2022-7-28T21:00:00.000,options,put
192,1658752980000,1.5,1.5,1.5,1.5,2000,944150,15400,weekly,2022-7-28T21:00:00.000,options,put
193,1658753040000,1.55,1.55,1.5,1.55,1900,944150,15400,weekly,2022-7-28T21:00:00.000,options,put
194,1658753100000,1.55,1.55,1.55,1.55,1250,944200,15400,weekly,2022-7-28T21:00:00.000,options,put
195,1658753160000,1.55,1.55,1.55,1.55,150,944200,15400,weekly,2022-7-28T21:00:00.000,options,put
196,1658753220000,1.55,1.55,1.5,1.5,1700,944200,15400,weekly,2022-7-28T21:00:00.000,options,put
197,1658753280000,1.5,1.5,1.5,1.5,50,943100,15400,weekly,2022-7-28T21:00:00.000,options,put
198,1658753340000,1.5,1.5,1.5,1.5,200,943100,15400,weekly,2022-7-28T21:00:00.000,options,put
199,1658753400000,1.5,1.55,1.5,1.55,950,943100,15400,weekly,2022-7-28T21:00:00.000,options,put
200,1658753460000,1.55,1.55,1.5,1.5,2500,941900,15400,weekly,2022-7-28T21:00:00.000,options,put
201,1658753520000,1.5,1.55,1.5,1.5,5050,941900,15400,weekly,2022-7-28T21:00:00.000,options,put
202,1658753580000,1.55,1.55,1.5,1.5,9650,941900,15400,weekly,2022-7-28T21:00:00.000,options,put
203,1658753640000,1.5,1.5,1.5,1.5,6000,938550,15400,weekly,2022-7-28T21:00:00.000,options,put
204,1658753700000,1.5,1.55,1.5,1.55,700,938550,15400,weekly,2022-7-28T21:00:00.000,options,put
205,1658753760000,1.55,1.55,1.5,1.5,650,938550,15400,weekly,2022-7-28T21:00:00.000,options,put
206,1658753880000,1.55,1.55,1.55,1.55,50,937400,15400,weekly,2022-7-28T21:00:00.000,options,put
207,1658753940000,1.5,1.5,1.5,1.5,1100,937400,15400,weekly,2022-7-28T21:00:00.000,options,put
208,1658754000000,1.5,1.5,1.45,1.5,1450,937200,15400,weekly,2022-7-28T21:00:00.000,options,put
209,1658754060000,1.5,1.5,1.5,1.5,150,937200,15400,weekly,2022-7-28T21:00:00.000,options,put
210,1658754120000,1.5,1.5,1.5,1.5,200,937200,15400,weekly,2022-7-28T21:00:00.000,options,put
211,1658754240000,1.45,1.45,1.45,1.45,600,937100,15400,weekly,2022-7-28T21:00:00.000,options,put
212,1658754300000,1.5,1.5,1.5,1.5,50,937100,15400,weekly,2022-7-28T21:00:00.000,options,put
213,1658754360000,1.45,1.45,1.45,1.45,1200,937750,15400,weekly,2022-7-28T21:00:00.000,options,put
214,1658754540000,1.5,1.5,1.5,1.5,50,938950,15400,weekly,2022-7-28T21:00:00.000,options,put
215,1658754600000,1.45,1.45,1.45,1.45,350,938950,15400,weekly,2022-7-28T21:00:00.000,options,put
216,1658754660000,1.5,1.5,1.5,1.5,50,938950,15400,weekly,2022-7-28T21:00:00.000,options,put
217,1658754720000,1.45,1.5,1.45,1.5,250,939000,15400,weekly,2022-7-28T21:00:00.000,options,put
218,1658754780000,1.45,1.5,1.45,1.45,1400,939000,15400,weekly,2022-7-28T21:00:00.000,options,put
219,1658754840000,1.5,1.5,1.45,1.5,200,939000,15400,weekly,2022-7-28T21:00:00.000,options,put
220,1658754900000,1.45,1.5,1.45,1.45,850,940650,15400,weekly,2022-7-28T21:00:00.000,options,put
221,1658754960000,1.5,1.5,1.45,1.5,3450,940650,15400,weekly,2022-7-28T21:00:00.000,options,put
222,1658755020000,1.5,1.5,1.5,1.5,2450,940650,15400,weekly,2022-7-28T21:00:00.000,options,put
223,1658755080000,1.5,1.5,1.45,1.45,27350,942500,15400,weekly,2022-7-28T21:00:00.000,options,put
224,1658755140000,1.45,1.45,1.45,1.45,2800,942500,15400,weekly,2022-7-28T21:00:00.000,options,put
225,1658755200000,1.4,1.4,1.4,1.4,450,942500,15400,weekly,2022-7-28T21:00:00.000,options,put
226,1658755260000,1.4,1.45,1.4,1.4,1600,948050,15400,weekly,2022-7-28T21:00:00.000,options,put
227,1658755320000,1.45,1.45,1.45,1.45,300,948050,15400,weekly,2022-7-28T21:00:00.000,options,put
228,1658755380000,1.4,1.4,1.4,1.4,800,948050,15400,weekly,2022-7-28T21:00:00.000,options,put
229,1658755440000,1.4,1.45,1.4,1.45,150,946300,15400,weekly,2022-7-28T21:00:00.000,options,put
230,1658755500000,1.4,1.4,1.4,1.4,200,946300,15400,weekly,2022-7-28T21:00:00.000,options,put
231,1658755560000,1.4,1.4,1.4,1.4,50,946300,15400,weekly,2022-7-28T21:00:00.000,options,put
232,1658755620000,1.4,1.45,1.4,1.45,300,945950,15400,weekly,2022-7-28T21:00:00.000,options,put
233,1658755740000,1.4,1.45,1.4,1.45,600,945950,15400,weekly,2022-7-28T21:00:00.000,options,put
234,1658755800000,1.45,1.45,1.4,1.4,750,945650,15400,weekly,2022-7-28T21:00:00.000,options,put
235,1658755860000,1.45,1.45,1.45,1.45,500,945650,15400,weekly,2022-7-28T21:00:00.000,options,put
236,1658755920000,1.45,1.45,1.45,1.45,550,945650,15400,weekly,2022-7-28T21:00:00.000,options,put
237,1658756100000,1.45,1.45,1.45,1.45,50,944650,15400,weekly,2022-7-28T21:00:00.000,options,put
238,1658756160000,1.45,1.45,1.45,1.45,1500,944600,15400,weekly,2022-7-28T21:00:00.000,options,put
239,1658756220000,1.45,1.45,1.45,1.45,50,944600,15400,weekly,2022-7-28T21:00:00.000,options,put
240,1658756280000,1.45,1.45,1.45,1.45,50,944600,15400,weekly,2022-7-28T21:00:00.000,options,put
241,1658756400000,1.45,1.45,1.45,1.45,3000,945700,15400,weekly,2022-7-28T21:00:00.000,options,put
242,1658756580000,1.4,1.45,1.4,1.4,700,946700,15400,weekly,2022-7-28T21:00:00.000,options,put
243,1658756640000,1.45,1.45,1.4,1.4,6300,946700,15400,weekly,2022-7-28T21:00:00.000,options,put
244,1658756760000,1.45,1.45,1.4,1.4,1250,943750,15400,weekly,2022-7-28T21:00:00.000,options,put
245,1658756880000,1.45,1.45,1.4,1.45,1000,944250,15400,weekly,2022-7-28T21:00:00.000,options,put
246,1658756940000,1.45,1.45,1.45,1.45,500,944250,15400,weekly,2022-7-28T21:00:00.000,options,put
247,1658757060000,1.45,1.45,1.45,1.45,50,943750,15400,weekly,2022-7-28T21:00:00.000,options,put
248,1658757180000,1.4,1.4,1.4,1.4,10000,943750,15400,weekly,2022-7-28T21:00:00.000,options,put
249,1658757240000,1.45,1.45,1.45,1.45,250,950100,15400,weekly,2022-7-28T21:00:00.000,options,put
250,1658757300000,1.4,1.4,1.4,1.4,4000,950100,15400,weekly,2022-7-28T21:00:00.000,options,put
251,1658757360000,1.4,1.4,1.4,1.4,4400,950100,15400,weekly,2022-7-28T21:00:00.000,options,put
252,1658757420000,1.4,1.45,1.4,1.45,500,947400,15400,weekly,2022-7-28T21:00:00.000,options,put
253,1658757480000,1.45,1.45,1.4,1.4,1650,947400,15400,weekly,2022-7-28T21:00:00.000,options,put
254,1658757540000,1.4,1.45,1.4,1.45,1150,947400,15400,weekly,2022-7-28T21:00:00.000,options,put
255,1658757660000,1.4,1.4,1.4,1.4,50,946900,15400,weekly,2022-7-28T21:00:00.000,options,put
256,1658757720000,1.4,1.45,1.4,1.45,3800,946900,15400,weekly,2022-7-28T21:00:00.000,options,put
257,1658757780000,1.4,1.45,1.4,1.45,8000,944100,15400,weekly,2022-7-28T21:00:00.000,options,put
258,1658757840000,1.4,1.45,1.4,1.4,3450,944100,15400,weekly,2022-7-28T21:00:00.000,options,put
259,1658757900000,1.45,1.45,1.4,1.4,4200,944100,15400,weekly,2022-7-28T21:00:00.000,options,put
260,1658757960000,1.4,1.45,1.4,1.45,5050,944500,15400,weekly,2022-7-28T21:00:00.000,options,put
261,1658758020000,1.45,1.45,1.4,1.45,7800,944500,15400,weekly,2022-7-28T21:00:00.000,options,put
262,1658758080000,1.45,1.45,1.4,1.45,500,944500,15400,weekly,2022-7-28T21:00:00.000,options,put
263,1658758140000,1.45,1.45,1.4,1.45,3350,946500,15400,weekly,2022-7-28T21:00:00.000,options,put
264,1658758200000,1.45,1.45,1.4,1.45,1800,946500,15400,weekly,2022-7-28T21:00:00.000,options,put
265,1658758260000,1.4,1.45,1.4,1.4,1100,946500,15400,weekly,2022-7-28T21:00:00.000,options,put
266,1658758320000,1.4,1.4,1.4,1.4,3500,947650,15400,weekly,2022-7-28T21:00:00.000,options,put
267,1658758380000,1.4,1.4,1.4,1.4,500,947650,15400,weekly,2022-7-28T21:00:00.000,options,put
268,1658758440000,1.45,1.45,1.4,1.45,1800,947650,15400,weekly,2022-7-28T21:00:00.000,options,put
269,1658758500000,1.4,1.45,1.4,1.4,4050,949500,15400,weekly,2022-7-28T21:00:00.000,options,put
270,1658758560000,1.4,1.4,1.4,1.4,4500,949500,15400,weekly,2022-7-28T21:00:00.000,options,put
271,1658758620000,1.4,1.4,1.4,1.4,150,949500,15400,weekly,2022-7-28T21:00:00.000,options,put
272,1658758740000,1.4,1.4,1.4,1.4,1700,947450,15400,weekly,2022-7-28T21:00:00.000,options,put
273,1658758800000,1.45,1.45,1.45,1.45,50,947450,15400,weekly,2022-7-28T21:00:00.000,options,put
274,1658758860000,1.4,1.45,1.4,1.4,11250,946650,15400,weekly,2022-7-28T21:00:00.000,options,put
275,1658758920000,1.4,1.45,1.4,1.45,9950,946650,15400,weekly,2022-7-28T21:00:00.000,options,put
276,1658758980000,1.45,1.45,1.45,1.45,3300,946650,15400,weekly,2022-7-28T21:00:00.000,options,put
277,1658759040000,1.45,1.45,1.4,1.45,7500,943650,15400,weekly,2022-7-28T21:00:00.000,options,put
278,1658759100000,1.45,1.45,1.4,1.45,1650,943650,15400,weekly,2022-7-28T21:00:00.000,options,put
279,1658759160000,1.45,1.45,1.45,1.45,750,943650,15400,weekly,2022-7-28T21:00:00.000,options,put
280,1658759220000,1.45,1.45,1.4,1.4,3700,942900,15400,weekly,2022-7-28T21:00:00.000,options,put
281,1658759280000,1.4,1.4,1.4,1.4,3350,942900,15400,weekly,2022-7-28T21:00:00.000,options,put
282,1658759340000,1.4,1.4,1.4,1.4,600,942900,15400,weekly,2022-7-28T21:00:00.000,options,put
283,1658759400000,1.4,1.45,1.4,1.45,250,944750,15400,weekly,2022-7-28T21:00:00.000,options,put
284,1658759460000,1.4,1.45,1.4,1.45,6750,944750,15400,weekly,2022-7-28T21:00:00.000,options,put
285,1658759520000,1.4,1.4,1.4,1.4,200,944750,15400,weekly,2022-7-28T21:00:00.000,options,put
286,1658759580000,1.4,1.4,1.4,1.4,100,944750,15400,weekly,2022-7-28T21:00:00.000,options,put
287,1658759700000,1.4,1.4,1.4,1.4,650,944750,15400,weekly,2022-7-28T21:00:00.000,options,put
288,1658759760000,1.45,1.45,1.45,1.45,13000,944850,15400,weekly,2022-7-28T21:00:00.000,options,put
289,1658759820000,1.45,1.45,1.4,1.4,6600,944850,15400,weekly,2022-7-28T21:00:00.000,options,put
290,1658759880000,1.45,1.45,1.4,1.45,24350,944850,15400,weekly,2022-7-28T21:00:00.000,options,put
291,1658759940000,1.45,1.45,1.4,1.45,13950,914950,15400,weekly,2022-7-28T21:00:00.000,options,put
292,1658760000000,1.4,1.45,1.4,1.4,14200,914950,15400,weekly,2022-7-28T21:00:00.000,options,put
293,1658760060000,1.4,1.45,1.4,1.4,2900,914950,15400,weekly,2022-7-28T21:00:00.000,options,put
294,1658760120000,1.45,1.45,1.45,1.45,800,903100,15400,weekly,2022-7-28T21:00:00.000,options,put
295,1658760180000,1.45,1.45,1.45,1.45,450,903100,15400,weekly,2022-7-28T21:00:00.000,options,put
296,1658760240000,1.45,1.45,1.45,1.45,100,903100,15400,weekly,2022-7-28T21:00:00.000,options,put
297,1658760360000,1.4,1.45,1.4,1.45,3500,902500,15400,weekly,2022-7-28T21:00:00.000,options,put
298,1658760420000,1.45,1.45,1.45,1.45,300,902500,15400,weekly,2022-7-28T21:00:00.000,options,put
299,1658760480000,1.45,1.45,1.45,1.45,750,902500,15400,weekly,2022-7-28T21:00:00.000,options,put
300,1658760540000,1.4,1.45,1.4,1.4,2100,903950,15400,weekly,2022-7-28T21:00:00.000,options,put
301,1658760600000,1.4,1.45,1.4,1.4,4550,903950,15400,weekly,2022-7-28T21:00:00.000,options,put
302,1658760660000,1.4,1.45,1.4,1.45,4400,905450,15400,weekly,2022-7-28T21:00:00.000,options,put
303,1658760720000,1.45,1.45,1.4,1.4,1250,905450,15400,weekly,2022-7-28T21:00:00.000,options,put
304,1658760780000,1.4,1.45,1.4,1.4,400,905450,15400,weekly,2022-7-28T21:00:00.000,options,put
305,1658760840000,1.4,1.4,1.4,1.4,50,904800,15400,weekly,2022-7-28T21:00:00.000,options,put
306,1658760900000,1.45,1.45,1.4,1.4,2850,904800,15400,weekly,2022-7-28T21:00:00.000,options,put
307,1658760960000,1.4,1.4,1.4,1.4,1550,904800,15400,weekly,2022-7-28T21:00:00.000,options,put
308,1658761020000,1.45,1.45,1.4,1.4,1950,903300,15400,weekly,2022-7-28T21:00:00.000,options,put
309,1658761080000,1.4,1.4,1.35,1.4,8750,903300,15400,weekly,2022-7-28T21:00:00.000,options,put
310,1658761140000,1.4,1.4,1.35,1.4,4700,903300,15400,weekly,2022-7-28T21:00:00.000,options,put
311,1658761200000,1.35,1.4,1.35,1.4,17250,896800,15400,weekly,2022-7-28T21:00:00.000,options,put
312,1658761260000,1.45,1.45,1.4,1.45,3400,896800,15400,weekly,2022-7-28T21:00:00.000,options,put
313,1658761320000,1.45,1.45,1.4,1.4,17700,896800,15400,weekly,2022-7-28T21:00:00.000,options,put
314,1658761380000,1.45,1.45,1.45,1.45,700,891300,15400,weekly,2022-7-28T21:00:00.000,options,put
315,1658761440000,1.4,1.4,1.4,1.4,3000,891300,15400,weekly,2022-7-28T21:00:00.000,options,put
316,1658761500000,1.35,1.35,1.35,1.35,1350,891300,15400,weekly,2022-7-28T21:00:00.000,options,put
317,1658761560000,1.35,1.35,1.35,1.35,800,888950,15400,weekly,2022-7-28T21:00:00.000,options,put
318,1658761620000,1.35,1.4,1.35,1.4,550,888950,15400,weekly,2022-7-28T21:00:00.000,options,put
319,1658761680000,1.4,1.4,1.35,1.35,100,888950,15400,weekly,2022-7-28T21:00:00.000,options,put
320,1658761740000,1.35,1.4,1.35,1.4,500,888900,15400,weekly,2022-7-28T21:00:00.000,options,put
321,1658761800000,1.35,1.4,1.35,1.35,2300,888900,15400,weekly,2022-7-28T21:00:00.000,options,put
322,1658761860000,1.4,1.4,1.4,1.4,3700,888900,15400,weekly,2022-7-28T21:00:00.000,options,put
323,1658761920000,1.35,1.4,1.35,1.4,5600,889300,15400,weekly,2022-7-28T21:00:00.000,options,put
324,1658761980000,1.4,1.4,1.4,1.4,1600,889300,15400,weekly,2022-7-28T21:00:00.000,options,put
325,1658762040000,1.4,1.4,1.4,1.4,3500,889300,15400,weekly,2022-7-28T21:00:00.000,options,put
326,1658762100000,1.35,1.35,1.3,1.35,27850,887600,15400,weekly,2022-7-28T21:00:00.000,options,put
327,1658762160000,1.35,1.35,1.3,1.35,24400,887600,15400,weekly,2022-7-28T21:00:00.000,options,put
328,1658762220000,1.35,1.35,1.3,1.35,10000,887600,15400,weekly,2022-7-28T21:00:00.000,options,put
329,1658762280000,1.35,1.35,1.3,1.35,3050,868450,15400,weekly,2022-7-28T21:00:00.000,options,put
330,1658762340000,1.35,1.35,1.3,1.35,4650,868450,15400,weekly,2022-7-28T21:00:00.000,options,put
331,1658762400000,1.3,1.35,1.3,1.3,9850,868450,15400,weekly,2022-7-28T21:00:00.000,options,put
332,1658762460000,1.3,1.35,1.3,1.3,2700,861600,15400,weekly,2022-7-28T21:00:00.000,options,put
333,1658762520000,1.3,1.35,1.3,1.35,14950,861600,15400,weekly,2022-7-28T21:00:00.000,options,put
334,1658762580000,1.35,1.35,1.3,1.35,4700,861600,15400,weekly,2022-7-28T21:00:00.000,options,put
335,1658762640000,1.35,1.35,1.3,1.35,15950,852850,15400,weekly,2022-7-28T21:00:00.000,options,put
336,1658762700000,1.4,1.4,1.3,1.3,20950,852850,15400,weekly,2022-7-28T21:00:00.000,options,put
337,1658762760000,1.3,1.4,1.3,1.35,26300,852850,15400,weekly,2022-7-28T21:00:00.000,options,put
338,1658762820000,1.35,1.4,1.35,1.35,11800,837400,15400,weekly,2022-7-28T21:00:00.000,options,put
339,1658762880000,1.4,1.4,1.35,1.4,9100,837400,15400,weekly,2022-7-28T21:00:00.000,options,put
340,1658762940000,1.35,1.4,1.35,1.35,20100,837400,15400,weekly,2022-7-28T21:00:00.000,options,put
