,timestamp,open,high,low,close,volume,open_interest,strike,expiry_type,expiry,instrument,contract_type
0,1612862100000,4.15,10.25,4.15,9.35,14325,147675,14450,weekly,2021-2-11T21:00:00.000,options,put
1,1612862160000,9.35,9.85,8.6,8.65,10050,147675,14450,weekly,2021-2-11T21:00:00.000,options,put
2,1612862220000,8.65,8.65,8.0,8.1,10050,150600,14450,weekly,2021-2-11T21:00:00.000,options,put
3,1612862280000,8.1,8.25,7.95,8.25,9525,150600,14450,weekly,2021-2-11T21:00:00.000,options,put
4,1612862340000,8.25,8.4,8.2,8.25,7575,150600,14450,weekly,2021-2-11T21:00:00.000,options,put
5,1612862400000,8.25,8.6,8.2,8.5,12750,154650,14450,weekly,2021-2-11T21:00:00.000,options,put
6,1612862460000,8.5,8.85,8.5,8.75,8775,154650,14450,weekly,2021-2-11T21:00:00.000,options,put
7,1612862520000,8.75,9.25,8.65,9.25,6300,154650,14450,weekly,2021-2-11T21:00:00.000,options,put
8,1612862580000,9.25,9.35,8.95,8.95,3600,151800,14450,weekly,2021-2-11T21:00:00.000,options,put
9,1612862640000,8.95,9.15,8.8,9.0,3750,151800,14450,weekly,2021-2-11T21:00:00.000,options,put
10,1612862700000,9.0,9.0,8.55,8.7,4650,151800,14450,weekly,2021-2-11T21:00:00.000,options,put
11,1612862760000,8.65,8.65,8.3,8.35,9975,156675,14450,weekly,2021-2-11T21:00:00.000,options,put
12,1612862820000,8.35,8.35,7.95,7.95,7425,156675,14450,weekly,2021-2-11T21:00:00.000,options,put
13,1612862880000,7.95,8.0,7.9,7.9,3675,156675,14450,weekly,2021-2-11T21:00:00.000,options,put
14,1612862940000,7.9,8.05,7.9,7.95,3975,156375,14450,weekly,2021-2-11T21:00:00.000,options,put
15,1612863000000,7.95,8.05,7.9,7.95,5250,156375,14450,weekly,2021-2-11T21:00:00.000,options,put
16,1612863060000,7.95,7.95,7.7,7.85,3450,156375,14450,weekly,2021-2-11T21:00:00.000,options,put
17,1612863120000,7.85,7.9,7.7,7.75,2475,158700,14450,weekly,2021-2-11T21:00:00.000,options,put
18,1612863180000,7.75,7.75,7.6,7.7,5625,158700,14450,weekly,2021-2-11T21:00:00.000,options,put
19,1612863240000,7.6,7.7,7.6,7.65,900,158700,14450,weekly,2021-2-11T21:00:00.000,options,put
20,1612863300000,7.6,7.8,7.6,7.8,6450,162900,14450,weekly,2021-2-11T21:00:00.000,options,put
21,1612863360000,7.85,7.85,7.65,7.7,975,162900,14450,weekly,2021-2-11T21:00:00.000,options,put
22,1612863420000,7.75,7.75,7.55,7.7,1650,162900,14450,weekly,2021-2-11T21:00:00.000,options,put
23,1612863480000,7.6,7.7,7.5,7.55,5025,162900,14450,weekly,2021-2-11T21:00:00.000,options,put
24,1612863540000,7.55,7.65,7.55,7.55,825,162900,14450,weekly,2021-2-11T21:00:00.000,options,put
25,1612863600000,7.65,7.65,7.65,7.65,75,162900,14450,weekly,2021-2-11T21:00:00.000,options,put
26,1612863660000,7.65,7.65,7.45,7.55,8700,161850,14450,weekly,2021-2-11T21:00:00.000,options,put
27,1612863720000,7.6,7.65,7.5,7.55,1050,161850,14450,weekly,2021-2-11T21:00:00.000,options,put
28,1612863780000,7.55,7.6,7.55,7.55,1200,161850,14450,weekly,2021-2-11T21:00:00.000,options,put
29,1612863840000,7.55,7.65,7.5,7.65,1050,163425,14450,weekly,2021-2-11T21:00:00.000,options,put
30,1612863900000,7.65,7.8,7.6,7.75,1650,163425,14450,weekly,2021-2-11T21:00:00.000,options,put
31,1612863960000,7.75,7.85,7.7,7.8,4350,163425,14450,weekly,2021-2-11T21:00:00.000,options,put
32,1612864020000,7.8,7.95,7.75,7.85,750,166500,14450,weekly,2021-2-11T21:00:00.000,options,put
33,1612864080000,7.95,8.2,7.8,7.95,4875,166500,14450,weekly,2021-2-11T21:00:00.000,options,put
34,1612864140000,7.95,8.3,7.9,7.95,6000,166500,14450,weekly,2021-2-11T21:00:00.000,options,put
35,1612864200000,7.85,8.2,7.85,8.0,7050,160050,14450,weekly,2021-2-11T21:00:00.000,options,put
36,1612864260000,8.0,8.05,7.85,7.85,1650,160050,14450,weekly,2021-2-11T21:00:00.000,options,put
37,1612864320000,7.85,7.95,7.8,7.85,1875,160050,14450,weekly,2021-2-11T21:00:00.000,options,put
38,1612864380000,7.9,7.95,7.75,7.75,825,159525,14450,weekly,2021-2-11T21:00:00.000,options,put
39,1612864440000,7.9,7.95,7.85,7.95,1725,159525,14450,weekly,2021-2-11T21:00:00.000,options,put
40,1612864500000,8.0,8.1,7.9,8.0,3825,159525,14450,weekly,2021-2-11T21:00:00.000,options,put
41,1612864560000,7.95,7.95,7.5,7.5,2550,158550,14450,weekly,2021-2-11T21:00:00.000,options,put
42,1612864620000,7.5,7.5,7.25,7.35,1650,158550,14450,weekly,2021-2-11T21:00:00.000,options,put
43,1612864680000,7.35,7.35,7.15,7.15,2625,158550,14450,weekly,2021-2-11T21:00:00.000,options,put
44,1612864740000,7.05,7.25,7.05,7.25,2475,156750,14450,weekly,2021-2-11T21:00:00.000,options,put
45,1612864800000,7.25,7.25,7.15,7.2,1350,156750,14450,weekly,2021-2-11T21:00:00.000,options,put
46,1612864860000,7.15,7.2,7.0,7.05,5400,156750,14450,weekly,2021-2-11T21:00:00.000,options,put
47,1612864920000,7.05,7.05,6.65,6.7,17475,156750,14450,weekly,2021-2-11T21:00:00.000,options,put
48,1612864980000,6.7,6.7,6.45,6.6,3525,156750,14450,weekly,2021-2-11T21:00:00.000,options,put
49,1612865040000,6.6,6.6,6.5,6.55,3825,156750,14450,weekly,2021-2-11T21:00:00.000,options,put
50,1612865100000,6.55,6.7,6.55,6.6,2475,169575,14450,weekly,2021-2-11T21:00:00.000,options,put
51,1612865160000,6.55,6.65,6.55,6.65,300,169575,14450,weekly,2021-2-11T21:00:00.000,options,put
52,1612865220000,6.6,6.7,6.55,6.65,2250,169575,14450,weekly,2021-2-11T21:00:00.000,options,put
53,1612865280000,6.65,6.65,6.6,6.65,900,168750,14450,weekly,2021-2-11T21:00:00.000,options,put
54,1612865340000,6.6,6.6,6.55,6.55,1575,168750,14450,weekly,2021-2-11T21:00:00.000,options,put
55,1612865400000,6.6,6.65,6.55,6.6,1575,168750,14450,weekly,2021-2-11T21:00:00.000,options,put
56,1612865460000,6.6,6.6,6.55,6.55,1950,162150,14450,weekly,2021-2-11T21:00:00.000,options,put
57,1612865520000,6.55,6.55,6.45,6.5,1425,162150,14450,weekly,2021-2-11T21:00:00.000,options,put
58,1612865580000,6.5,6.5,6.4,6.4,225,162150,14450,weekly,2021-2-11T21:00:00.000,options,put
59,1612865640000,6.4,6.45,6.2,6.2,14175,158325,14450,weekly,2021-2-11T21:00:00.000,options,put
60,1612865700000,6.2,6.3,6.2,6.2,5700,158325,14450,weekly,2021-2-11T21:00:00.000,options,put
61,1612865760000,6.2,6.3,6.2,6.25,11625,158325,14450,weekly,2021-2-11T21:00:00.000,options,put
62,1612865820000,6.25,6.25,6.2,6.2,4650,157350,14450,weekly,2021-2-11T21:00:00.000,options,put
63,1612865880000,6.2,6.25,6.2,6.2,2625,157350,14450,weekly,2021-2-11T21:00:00.000,options,put
64,1612865940000,6.2,6.2,6.15,6.15,2250,157350,14450,weekly,2021-2-11T21:00:00.000,options,put
65,1612866000000,6.1,6.2,6.1,6.1,1275,162450,14450,weekly,2021-2-11T21:00:00.000,options,put
66,1612866060000,6.15,6.15,6.1,6.1,675,162450,14450,weekly,2021-2-11T21:00:00.000,options,put
67,1612866120000,6.15,6.15,6.1,6.1,4125,162450,14450,weekly,2021-2-11T21:00:00.000,options,put
68,1612866180000,6.1,6.15,6.1,6.1,2100,177225,14450,weekly,2021-2-11T21:00:00.000,options,put
69,1612866240000,6.1,6.1,6.1,6.1,675,177225,14450,weekly,2021-2-11T21:00:00.000,options,put
70,1612866300000,6.0,6.05,6.0,6.05,600,177225,14450,weekly,2021-2-11T21:00:00.000,options,put
71,1612866360000,6.1,6.1,6.0,6.05,1125,176475,14450,weekly,2021-2-11T21:00:00.000,options,put
72,1612866420000,6.05,6.05,5.8,5.9,3075,176475,14450,weekly,2021-2-11T21:00:00.000,options,put
73,1612866480000,5.8,5.8,5.6,5.6,1350,176475,14450,weekly,2021-2-11T21:00:00.000,options,put
74,1612866540000,5.6,5.6,5.5,5.5,3300,174000,14450,weekly,2021-2-11T21:00:00.000,options,put
75,1612866600000,5.55,5.55,5.4,5.4,5250,174000,14450,weekly,2021-2-11T21:00:00.000,options,put
76,1612866660000,5.4,5.5,5.4,5.45,3075,174000,14450,weekly,2021-2-11T21:00:00.000,options,put
77,1612866720000,5.4,5.55,5.4,5.55,825,175350,14450,weekly,2021-2-11T21:00:00.000,options,put
78,1612866780000,5.55,5.55,5.5,5.5,3900,175350,14450,weekly,2021-2-11T21:00:00.000,options,put
79,1612866840000,5.5,5.6,5.5,5.55,2775,175350,14450,weekly,2021-2-11T21:00:00.000,options,put
80,1612866900000,5.55,5.65,5.45,5.65,9000,174450,14450,weekly,2021-2-11T21:00:00.000,options,put
81,1612866960000,5.65,5.7,5.55,5.6,4050,174450,14450,weekly,2021-2-11T21:00:00.000,options,put
82,1612867020000,5.6,5.65,5.55,5.55,1800,174450,14450,weekly,2021-2-11T21:00:00.000,options,put
83,1612867080000,5.55,5.65,5.5,5.55,3900,176850,14450,weekly,2021-2-11T21:00:00.000,options,put
84,1612867140000,5.55,5.55,5.5,5.5,450,176850,14450,weekly,2021-2-11T21:00:00.000,options,put
85,1612867200000,5.5,5.55,5.5,5.55,1950,176850,14450,weekly,2021-2-11T21:00:00.000,options,put
86,1612867260000,5.55,5.6,5.55,5.6,3450,175950,14450,weekly,2021-2-11T21:00:00.000,options,put
87,1612867320000,5.55,5.6,5.5,5.6,675,175950,14450,weekly,2021-2-11T21:00:00.000,options,put
88,1612867380000,5.6,5.65,5.6,5.65,1800,175950,14450,weekly,2021-2-11T21:00:00.000,options,put
89,1612867440000,5.65,5.75,5.65,5.65,750,174075,14450,weekly,2021-2-11T21:00:00.000,options,put
90,1612867500000,5.7,5.75,5.65,5.65,1125,174075,14450,weekly,2021-2-11T21:00:00.000,options,put
91,1612867560000,5.65,5.65,5.45,5.5,1425,174075,14450,weekly,2021-2-11T21:00:00.000,options,put
92,1612867620000,5.5,5.6,5.5,5.55,1800,162750,14450,weekly,2021-2-11T21:00:00.000,options,put
93,1612867680000,5.5,5.6,5.5,5.55,750,162750,14450,weekly,2021-2-11T21:00:00.000,options,put
94,1612867740000,5.6,5.6,5.55,5.55,1425,162750,14450,weekly,2021-2-11T21:00:00.000,options,put
95,1612867800000,5.55,5.7,5.55,5.7,4200,160425,14450,weekly,2021-2-11T21:00:00.000,options,put
96,1612867860000,5.65,5.7,5.65,5.65,1500,160425,14450,weekly,2021-2-11T21:00:00.000,options,put
97,1612867920000,5.65,5.65,5.6,5.65,2775,160425,14450,weekly,2021-2-11T21:00:00.000,options,put
98,1612867980000,5.6,5.6,5.6,5.6,2400,165300,14450,weekly,2021-2-11T21:00:00.000,options,put
99,1612868040000,5.65,5.65,5.6,5.6,975,165300,14450,weekly,2021-2-11T21:00:00.000,options,put
100,1612868100000,5.6,5.7,5.6,5.65,525,165300,14450,weekly,2021-2-11T21:00:00.000,options,put
101,1612868160000,5.65,5.65,5.65,5.65,225,165300,14450,weekly,2021-2-11T21:00:00.000,options,put
102,1612868220000,5.7,5.75,5.65,5.75,2025,166650,14450,weekly,2021-2-11T21:00:00.000,options,put
103,1612868280000,5.75,5.75,5.65,5.65,600,166650,14450,weekly,2021-2-11T21:00:00.000,options,put
104,1612868340000,5.75,5.75,5.75,5.75,75,166650,14450,weekly,2021-2-11T21:00:00.000,options,put
105,1612868400000,5.65,5.65,5.5,5.55,1500,166725,14450,weekly,2021-2-11T21:00:00.000,options,put
106,1612868460000,5.55,5.55,5.5,5.5,675,166725,14450,weekly,2021-2-11T21:00:00.000,options,put
107,1612868520000,5.5,5.5,5.45,5.5,2100,164700,14450,weekly,2021-2-11T21:00:00.000,options,put
108,1612868580000,5.45,5.45,5.25,5.4,1575,164700,14450,weekly,2021-2-11T21:00:00.000,options,put
109,1612868640000,5.35,5.35,5.35,5.35,1950,164700,14450,weekly,2021-2-11T21:00:00.000,options,put
110,1612868700000,5.35,5.45,5.35,5.4,600,165075,14450,weekly,2021-2-11T21:00:00.000,options,put
111,1612868760000,5.4,5.5,5.4,5.45,1200,165075,14450,weekly,2021-2-11T21:00:00.000,options,put
112,1612868820000,5.45,5.45,5.45,5.45,300,165075,14450,weekly,2021-2-11T21:00:00.000,options,put
113,1612868880000,5.35,5.45,5.35,5.35,3375,167850,14450,weekly,2021-2-11T21:00:00.000,options,put
114,1612868940000,5.35,5.45,5.35,5.4,450,167850,14450,weekly,2021-2-11T21:00:00.000,options,put
115,1612869000000,5.4,5.5,5.35,5.5,2025,167850,14450,weekly,2021-2-11T21:00:00.000,options,put
116,1612869060000,5.4,5.5,5.4,5.5,225,170475,14450,weekly,2021-2-11T21:00:00.000,options,put
117,1612869120000,5.4,5.5,5.4,5.4,1950,170475,14450,weekly,2021-2-11T21:00:00.000,options,put
118,1612869180000,5.2,5.4,5.2,5.25,4575,170475,14450,weekly,2021-2-11T21:00:00.000,options,put
119,1612869240000,5.4,5.4,5.35,5.35,75,171075,14450,weekly,2021-2-11T21:00:00.000,options,put
120,1612869300000,5.35,5.35,5.3,5.35,1800,171075,14450,weekly,2021-2-11T21:00:00.000,options,put
121,1612869360000,5.35,5.45,5.25,5.35,3450,171075,14450,weekly,2021-2-11T21:00:00.000,options,put
122,1612869420000,5.35,5.35,5.3,5.3,900,166950,14450,weekly,2021-2-11T21:00:00.000,options,put
123,1612869480000,5.3,5.35,5.25,5.35,2250,166950,14450,weekly,2021-2-11T21:00:00.000,options,put
124,1612869540000,5.35,5.5,5.3,5.4,3975,166950,14450,weekly,2021-2-11T21:00:00.000,options,put
125,1612869600000,5.25,5.3,5.2,5.3,2325,163275,14450,weekly,2021-2-11T21:00:00.000,options,put
126,1612869660000,5.3,5.35,5.2,5.35,1500,163275,14450,weekly,2021-2-11T21:00:00.000,options,put
127,1612869720000,5.2,5.2,5.05,5.1,11625,163275,14450,weekly,2021-2-11T21:00:00.000,options,put
128,1612869780000,5.1,5.2,5.05,5.15,4350,164025,14450,weekly,2021-2-11T21:00:00.000,options,put
129,1612869840000,5.2,5.25,5.2,5.2,375,164025,14450,weekly,2021-2-11T21:00:00.000,options,put
130,1612869900000,5.3,5.3,5.1,5.1,8700,164025,14450,weekly,2021-2-11T21:00:00.000,options,put
131,1612869960000,5.1,5.15,5.05,5.1,11475,174300,14450,weekly,2021-2-11T21:00:00.000,options,put
132,1612870020000,5.1,5.15,5.1,5.1,8175,174300,14450,weekly,2021-2-11T21:00:00.000,options,put
133,1612870080000,5.05,5.1,5.05,5.05,675,174300,14450,weekly,2021-2-11T21:00:00.000,options,put
134,1612870140000,5.0,5.0,5.0,5.0,2400,178950,14450,weekly,2021-2-11T21:00:00.000,options,put
135,1612870200000,5.05,5.1,4.9,5.0,5925,178950,14450,weekly,2021-2-11T21:00:00.000,options,put
136,1612870260000,5.0,5.1,5.0,5.1,600,178950,14450,weekly,2021-2-11T21:00:00.000,options,put
137,1612870320000,5.05,5.1,5.0,5.1,3075,178950,14450,weekly,2021-2-11T21:00:00.000,options,put
138,1612870380000,5.1,5.1,5.0,5.1,675,185550,14450,weekly,2021-2-11T21:00:00.000,options,put
139,1612870440000,5.05,5.1,5.05,5.05,225,185550,14450,weekly,2021-2-11T21:00:00.000,options,put
140,1612870500000,5.0,5.05,5.0,5.05,450,185550,14450,weekly,2021-2-11T21:00:00.000,options,put
141,1612870560000,5.05,5.05,5.05,5.05,4350,184350,14450,weekly,2021-2-11T21:00:00.000,options,put
142,1612870680000,5.05,5.15,5.05,5.05,1650,189000,14450,weekly,2021-2-11T21:00:00.000,options,put
143,1612870740000,5.15,5.2,5.1,5.2,3150,189000,14450,weekly,2021-2-11T21:00:00.000,options,put
144,1612870800000,5.15,5.2,5.1,5.2,1950,189000,14450,weekly,2021-2-11T21:00:00.000,options,put
145,1612870860000,5.2,5.2,5.2,5.2,4200,193725,14450,weekly,2021-2-11T21:00:00.000,options,put
146,1612870920000,5.2,5.2,5.15,5.2,525,193725,14450,weekly,2021-2-11T21:00:00.000,options,put
147,1612870980000,5.3,5.3,5.3,5.3,750,193725,14450,weekly,2021-2-11T21:00:00.000,options,put
148,1612871040000,5.15,5.2,5.15,5.2,600,193725,14450,weekly,2021-2-11T21:00:00.000,options,put
149,1612871100000,5.25,5.25,5.1,5.15,525,192675,14450,weekly,2021-2-11T21:00:00.000,options,put
150,1612871160000,5.15,5.15,5.1,5.15,1575,192675,14450,weekly,2021-2-11T21:00:00.000,options,put
151,1612871220000,5.2,5.2,5.15,5.15,150,192675,14450,weekly,2021-2-11T21:00:00.000,options,put
152,1612871280000,5.15,5.15,5.05,5.05,1125,192675,14450,weekly,2021-2-11T21:00:00.000,options,put
153,1612871340000,5.05,5.05,5.05,5.05,150,192675,14450,weekly,2021-2-11T21:00:00.000,options,put
154,1612871400000,5.05,5.05,5.05,5.05,750,191700,14450,weekly,2021-2-11T21:00:00.000,options,put
155,1612871460000,5.1,5.1,5.05,5.05,150,191700,14450,weekly,2021-2-11T21:00:00.000,options,put
156,1612871580000,5.1,5.1,5.1,5.1,75,191700,14450,weekly,2021-2-11T21:00:00.000,options,put
157,1612871640000,5.15,5.15,5.15,5.15,375,191850,14450,weekly,2021-2-11T21:00:00.000,options,put
158,1612871700000,5.15,5.2,5.15,5.2,600,191850,14450,weekly,2021-2-11T21:00:00.000,options,put
159,1612871760000,5.2,5.2,5.2,5.2,825,191850,14450,weekly,2021-2-11T21:00:00.000,options,put
160,1612871820000,5.2,5.2,5.1,5.2,3000,192450,14450,weekly,2021-2-11T21:00:00.000,options,put
161,1612871880000,5.2,5.2,5.2,5.2,1275,192450,14450,weekly,2021-2-11T21:00:00.000,options,put
162,1612871940000,5.15,5.15,5.15,5.15,150,192450,14450,weekly,2021-2-11T21:00:00.000,options,put
163,1612872000000,5.1,5.25,5.1,5.2,1350,192375,14450,weekly,2021-2-11T21:00:00.000,options,put
164,1612872060000,5.2,5.2,5.2,5.2,600,192375,14450,weekly,2021-2-11T21:00:00.000,options,put
165,1612872120000,5.3,5.4,5.3,5.4,1275,193500,14450,weekly,2021-2-11T21:00:00.000,options,put
166,1612872180000,5.35,5.4,5.3,5.3,3225,193500,14450,weekly,2021-2-11T21:00:00.000,options,put
167,1612872240000,5.4,5.4,5.4,5.4,75,193500,14450,weekly,2021-2-11T21:00:00.000,options,put
168,1612872300000,5.35,5.4,5.3,5.35,525,193500,14450,weekly,2021-2-11T21:00:00.000,options,put
169,1612872360000,5.35,5.35,5.35,5.35,75,193050,14450,weekly,2021-2-11T21:00:00.000,options,put
170,1612872420000,5.35,5.35,5.35,5.35,225,193050,14450,weekly,2021-2-11T21:00:00.000,options,put
171,1612872480000,5.4,5.45,5.4,5.4,1200,192975,14450,weekly,2021-2-11T21:00:00.000,options,put
172,1612872540000,5.35,5.4,5.3,5.35,4050,192975,14450,weekly,2021-2-11T21:00:00.000,options,put
173,1612872600000,5.4,5.4,5.35,5.35,825,192975,14450,weekly,2021-2-11T21:00:00.000,options,put
174,1612872660000,5.4,5.4,5.2,5.25,8100,192975,14450,weekly,2021-2-11T21:00:00.000,options,put
175,1612872720000,5.2,5.25,5.15,5.15,2100,198525,14450,weekly,2021-2-11T21:00:00.000,options,put
176,1612872780000,5.15,5.15,5.05,5.1,525,198525,14450,weekly,2021-2-11T21:00:00.000,options,put
177,1612872840000,5.1,5.1,5.05,5.1,975,198525,14450,weekly,2021-2-11T21:00:00.000,options,put
178,1612872900000,5.1,5.1,5.1,5.1,75,198900,14450,weekly,2021-2-11T21:00:00.000,options,put
179,1612872960000,5.1,5.1,5.1,5.1,2250,198900,14450,weekly,2021-2-11T21:00:00.000,options,put
180,1612873020000,5.05,5.1,5.05,5.1,300,198900,14450,weekly,2021-2-11T21:00:00.000,options,put
181,1612873140000,5.2,5.2,5.1,5.1,1050,199125,14450,weekly,2021-2-11T21:00:00.000,options,put
182,1612873200000,5.15,5.15,5.1,5.1,825,199200,14450,weekly,2021-2-11T21:00:00.000,options,put
183,1612873260000,5.1,5.1,5.1,5.1,900,199200,14450,weekly,2021-2-11T21:00:00.000,options,put
184,1612873380000,5.15,5.15,5.15,5.15,75,199200,14450,weekly,2021-2-11T21:00:00.000,options,put
185,1612873440000,5.15,5.2,5.15,5.15,3525,197400,14450,weekly,2021-2-11T21:00:00.000,options,put
186,1612873500000,5.15,5.15,5.15,5.15,75,197400,14450,weekly,2021-2-11T21:00:00.000,options,put
187,1612873560000,5.15,5.15,5.15,5.15,300,197400,14450,weekly,2021-2-11T21:00:00.000,options,put
188,1612873620000,5.1,5.1,5.05,5.1,675,198300,14450,weekly,2021-2-11T21:00:00.000,options,put
189,1612873680000,5.1,5.2,5.05,5.05,1125,198300,14450,weekly,2021-2-11T21:00:00.000,options,put
190,1612873740000,5.15,5.15,5.1,5.1,375,198300,14450,weekly,2021-2-11T21:00:00.000,options,put
191,1612873800000,5.05,5.05,5.05,5.05,225,197325,14450,weekly,2021-2-11T21:00:00.000,options,put
192,1612873860000,5.1,5.2,5.1,5.2,225,197325,14450,weekly,2021-2-11T21:00:00.000,options,put
193,1612873920000,5.1,5.15,5.1,5.1,1050,197325,14450,weekly,2021-2-11T21:00:00.000,options,put
194,1612873980000,5.1,5.1,5.1,5.1,75,197550,14450,weekly,2021-2-11T21:00:00.000,options,put
195,1612874040000,5.05,5.05,5.05,5.05,75,197550,14450,weekly,2021-2-11T21:00:00.000,options,put
196,1612874100000,5.05,5.1,5.05,5.1,2175,197550,14450,weekly,2021-2-11T21:00:00.000,options,put
197,1612874160000,5.15,5.15,5.15,5.15,75,196650,14450,weekly,2021-2-11T21:00:00.000,options,put
198,1612874220000,5.15,5.2,5.1,5.2,375,196650,14450,weekly,2021-2-11T21:00:00.000,options,put
199,1612874280000,5.2,5.2,5.15,5.15,225,196650,14450,weekly,2021-2-11T21:00:00.000,options,put
200,1612874340000,5.15,5.15,4.9,4.9,2175,196725,14450,weekly,2021-2-11T21:00:00.000,options,put
201,1612874400000,4.9,4.9,4.85,4.85,1575,196725,14450,weekly,2021-2-11T21:00:00.000,options,put
202,1612874460000,4.85,4.9,4.8,4.85,450,196725,14450,weekly,2021-2-11T21:00:00.000,options,put
203,1612874520000,4.8,4.85,4.8,4.85,825,196725,14450,weekly,2021-2-11T21:00:00.000,options,put
204,1612874580000,4.85,4.95,4.85,4.85,1500,196725,14450,weekly,2021-2-11T21:00:00.000,options,put
205,1612874640000,4.95,4.95,4.85,4.9,2175,196725,14450,weekly,2021-2-11T21:00:00.000,options,put
206,1612874700000,4.85,4.85,4.8,4.85,2100,198450,14450,weekly,2021-2-11T21:00:00.000,options,put
207,1612874760000,4.85,4.85,4.8,4.85,3150,198450,14450,weekly,2021-2-11T21:00:00.000,options,put
208,1612874820000,4.8,4.8,4.75,4.8,2175,198450,14450,weekly,2021-2-11T21:00:00.000,options,put
209,1612874880000,4.8,4.8,4.8,4.8,600,198525,14450,weekly,2021-2-11T21:00:00.000,options,put
210,1612874940000,4.8,4.85,4.8,4.85,975,198525,14450,weekly,2021-2-11T21:00:00.000,options,put
211,1612875000000,4.8,4.95,4.8,4.85,675,198525,14450,weekly,2021-2-11T21:00:00.000,options,put
212,1612875060000,4.85,4.9,4.85,4.85,1650,198825,14450,weekly,2021-2-11T21:00:00.000,options,put
213,1612875120000,4.9,4.9,4.85,4.9,375,198825,14450,weekly,2021-2-11T21:00:00.000,options,put
214,1612875180000,4.85,4.85,4.85,4.85,150,198825,14450,weekly,2021-2-11T21:00:00.000,options,put
215,1612875240000,4.85,4.85,4.8,4.8,525,197850,14450,weekly,2021-2-11T21:00:00.000,options,put
216,1612875300000,4.85,4.95,4.85,4.85,450,197850,14450,weekly,2021-2-11T21:00:00.000,options,put
217,1612875420000,4.85,4.9,4.8,4.8,375,198075,14450,weekly,2021-2-11T21:00:00.000,options,put
218,1612875480000,4.8,4.9,4.8,4.8,450,198075,14450,weekly,2021-2-11T21:00:00.000,options,put
219,1612875540000,4.9,4.9,4.9,4.9,225,198075,14450,weekly,2021-2-11T21:00:00.000,options,put
220,1612875600000,4.85,4.85,4.85,4.85,150,197850,14450,weekly,2021-2-11T21:00:00.000,options,put
221,1612875660000,4.9,4.9,4.9,4.9,225,197850,14450,weekly,2021-2-11T21:00:00.000,options,put
222,1612875720000,4.9,4.9,4.85,4.85,300,197850,14450,weekly,2021-2-11T21:00:00.000,options,put
223,1612875780000,4.9,4.9,4.85,4.9,375,197700,14450,weekly,2021-2-11T21:00:00.000,options,put
224,1612876020000,4.9,4.95,4.9,4.9,2175,197025,14450,weekly,2021-2-11T21:00:00.000,options,put
225,1612876080000,4.95,4.95,4.95,4.95,75,197025,14450,weekly,2021-2-11T21:00:00.000,options,put
226,1612876140000,4.85,4.85,4.85,4.85,1800,198525,14450,weekly,2021-2-11T21:00:00.000,options,put
227,1612876200000,4.8,4.8,4.7,4.7,825,198525,14450,weekly,2021-2-11T21:00:00.000,options,put
228,1612876260000,4.7,4.75,4.65,4.75,825,198525,14450,weekly,2021-2-11T21:00:00.000,options,put
229,1612876320000,4.85,4.85,4.85,4.85,300,198300,14450,weekly,2021-2-11T21:00:00.000,options,put
230,1612876380000,4.85,4.85,4.8,4.8,3600,198300,14450,weekly,2021-2-11T21:00:00.000,options,put
231,1612876440000,4.9,4.9,4.85,4.85,1725,198300,14450,weekly,2021-2-11T21:00:00.000,options,put
232,1612876500000,4.8,4.8,4.8,4.8,75,197625,14450,weekly,2021-2-11T21:00:00.000,options,put
233,1612876560000,4.8,4.8,4.8,4.8,75,197625,14450,weekly,2021-2-11T21:00:00.000,options,put
234,1612876620000,4.8,4.85,4.7,4.85,1425,197625,14450,weekly,2021-2-11T21:00:00.000,options,put
235,1612876680000,4.85,4.85,4.85,4.85,75,197625,14450,weekly,2021-2-11T21:00:00.000,options,put
236,1612876740000,4.85,4.9,4.85,4.9,225,196575,14450,weekly,2021-2-11T21:00:00.000,options,put
237,1612876800000,4.9,4.9,4.85,4.9,1425,196575,14450,weekly,2021-2-11T21:00:00.000,options,put
238,1612876860000,4.9,4.9,4.9,4.9,225,196575,14450,weekly,2021-2-11T21:00:00.000,options,put
239,1612877040000,4.85,4.85,4.8,4.8,300,195825,14450,weekly,2021-2-11T21:00:00.000,options,put
240,1612877160000,4.75,4.75,4.75,4.75,150,195825,14450,weekly,2021-2-11T21:00:00.000,options,put
241,1612877220000,4.8,4.8,4.8,4.8,75,195825,14450,weekly,2021-2-11T21:00:00.000,options,put
242,1612877340000,4.8,4.8,4.7,4.7,225,194475,14450,weekly,2021-2-11T21:00:00.000,options,put
243,1612877400000,4.75,4.75,4.75,4.75,225,194025,14450,weekly,2021-2-11T21:00:00.000,options,put
244,1612877460000,4.8,4.8,4.8,4.8,75,194025,14450,weekly,2021-2-11T21:00:00.000,options,put
245,1612877520000,4.8,4.85,4.75,4.85,2400,194025,14450,weekly,2021-2-11T21:00:00.000,options,put
246,1612877580000,4.85,4.85,4.7,4.85,1050,195000,14450,weekly,2021-2-11T21:00:00.000,options,put
247,1612877760000,4.8,4.8,4.8,4.8,150,195300,14450,weekly,2021-2-11T21:00:00.000,options,put
248,1612877880000,4.75,4.75,4.7,4.7,300,195300,14450,weekly,2021-2-11T21:00:00.000,options,put
249,1612877940000,4.8,4.8,4.6,4.65,2475,195150,14450,weekly,2021-2-11T21:00:00.000,options,put
250,1612878000000,4.6,4.65,4.55,4.65,5700,195150,14450,weekly,2021-2-11T21:00:00.000,options,put
251,1612878060000,4.65,4.7,4.55,4.65,11775,195150,14450,weekly,2021-2-11T21:00:00.000,options,put
252,1612878120000,4.65,4.65,4.65,4.65,2775,195225,14450,weekly,2021-2-11T21:00:00.000,options,put
253,1612878180000,4.7,4.7,4.65,4.7,3675,195225,14450,weekly,2021-2-11T21:00:00.000,options,put
254,1612878240000,4.7,4.7,4.7,4.7,3600,195225,14450,weekly,2021-2-11T21:00:00.000,options,put
255,1612878300000,4.7,4.7,4.7,4.7,75,197475,14450,weekly,2021-2-11T21:00:00.000,options,put
256,1612878360000,4.7,4.7,4.7,4.7,75,197475,14450,weekly,2021-2-11T21:00:00.000,options,put
257,1612878420000,4.75,4.8,4.75,4.8,750,197475,14450,weekly,2021-2-11T21:00:00.000,options,put
258,1612878480000,4.85,4.85,4.75,4.75,1875,196950,14450,weekly,2021-2-11T21:00:00.000,options,put
259,1612878540000,4.75,4.75,4.75,4.75,675,196950,14450,weekly,2021-2-11T21:00:00.000,options,put
260,1612878660000,4.85,4.85,4.8,4.8,2250,196950,14450,weekly,2021-2-11T21:00:00.000,options,put
261,1612878720000,4.75,4.8,4.7,4.75,1200,196950,14450,weekly,2021-2-11T21:00:00.000,options,put
262,1612878780000,4.7,4.7,4.7,4.7,2250,196950,14450,weekly,2021-2-11T21:00:00.000,options,put
263,1612878840000,4.7,4.75,4.7,4.75,225,175575,14450,weekly,2021-2-11T21:00:00.000,options,put
264,1612878960000,4.65,4.75,4.65,4.75,225,175575,14450,weekly,2021-2-11T21:00:00.000,options,put
265,1612879020000,4.65,4.8,4.65,4.75,525,170550,14450,weekly,2021-2-11T21:00:00.000,options,put
266,1612879080000,4.7,4.7,4.7,4.7,75,170550,14450,weekly,2021-2-11T21:00:00.000,options,put
267,1612879140000,4.65,4.65,4.65,4.65,2550,170550,14450,weekly,2021-2-11T21:00:00.000,options,put
268,1612879200000,4.7,4.75,4.7,4.75,2925,170400,14450,weekly,2021-2-11T21:00:00.000,options,put
269,1612879260000,4.8,4.8,4.7,4.7,1275,170400,14450,weekly,2021-2-11T21:00:00.000,options,put
270,1612879320000,4.7,4.8,4.7,4.8,1725,170400,14450,weekly,2021-2-11T21:00:00.000,options,put
271,1612879380000,4.8,4.8,4.8,4.8,1050,170400,14450,weekly,2021-2-11T21:00:00.000,options,put
272,1612879440000,4.8,4.8,4.8,4.8,75,166200,14450,weekly,2021-2-11T21:00:00.000,options,put
273,1612879500000,4.75,4.75,4.7,4.7,3300,166200,14450,weekly,2021-2-11T21:00:00.000,options,put
274,1612879560000,4.75,4.75,4.7,4.75,2475,165300,14450,weekly,2021-2-11T21:00:00.000,options,put
275,1612879620000,4.7,4.7,4.7,4.7,75,165300,14450,weekly,2021-2-11T21:00:00.000,options,put
276,1612879680000,4.7,4.7,4.7,4.7,975,165300,14450,weekly,2021-2-11T21:00:00.000,options,put
277,1612879740000,4.65,4.7,4.65,4.65,6600,163050,14450,weekly,2021-2-11T21:00:00.000,options,put
278,1612879800000,4.65,4.65,4.65,4.65,4650,163050,14450,weekly,2021-2-11T21:00:00.000,options,put
279,1612879860000,4.65,4.65,4.55,4.55,3450,163050,14450,weekly,2021-2-11T21:00:00.000,options,put
280,1612879920000,4.55,4.6,4.55,4.55,525,152175,14450,weekly,2021-2-11T21:00:00.000,options,put
281,1612879980000,4.55,4.65,4.5,4.65,1050,152175,14450,weekly,2021-2-11T21:00:00.000,options,put
282,1612880040000,4.5,4.5,4.5,4.5,225,152175,14450,weekly,2021-2-11T21:00:00.000,options,put
283,1612880100000,4.55,4.65,4.55,4.65,1500,153600,14450,weekly,2021-2-11T21:00:00.000,options,put
284,1612880160000,4.75,4.75,4.75,4.75,300,153600,14450,weekly,2021-2-11T21:00:00.000,options,put
285,1612880220000,4.75,4.75,4.7,4.75,5325,153600,14450,weekly,2021-2-11T21:00:00.000,options,put
286,1612880280000,4.85,4.85,4.55,4.65,3375,157725,14450,weekly,2021-2-11T21:00:00.000,options,put
287,1612880340000,4.65,4.65,4.55,4.6,2700,157725,14450,weekly,2021-2-11T21:00:00.000,options,put
288,1612880400000,4.65,4.65,4.65,4.65,225,157725,14450,weekly,2021-2-11T21:00:00.000,options,put
289,1612880460000,4.65,4.65,4.65,4.65,1275,157725,14450,weekly,2021-2-11T21:00:00.000,options,put
290,1612880520000,4.65,4.75,4.65,4.75,2775,155775,14450,weekly,2021-2-11T21:00:00.000,options,put
291,1612880580000,4.8,4.8,4.75,4.75,225,155775,14450,weekly,2021-2-11T21:00:00.000,options,put
292,1612880640000,4.75,4.8,4.75,4.8,975,154500,14450,weekly,2021-2-11T21:00:00.000,options,put
293,1612880700000,4.75,4.8,4.75,4.75,975,154500,14450,weekly,2021-2-11T21:00:00.000,options,put
294,1612880760000,4.8,4.8,4.75,4.75,1950,154500,14450,weekly,2021-2-11T21:00:00.000,options,put
295,1612880820000,4.8,4.8,4.8,4.8,150,154575,14450,weekly,2021-2-11T21:00:00.000,options,put
296,1612880880000,4.7,4.7,4.6,4.6,1350,154575,14450,weekly,2021-2-11T21:00:00.000,options,put
297,1612880940000,4.7,4.75,4.65,4.65,1725,154575,14450,weekly,2021-2-11T21:00:00.000,options,put
298,1612881000000,4.65,4.7,4.6,4.7,2700,155400,14450,weekly,2021-2-11T21:00:00.000,options,put
299,1612881060000,4.75,4.75,4.7,4.7,450,155400,14450,weekly,2021-2-11T21:00:00.000,options,put
300,1612881120000,4.7,4.7,4.7,4.7,75,155400,14450,weekly,2021-2-11T21:00:00.000,options,put
301,1612881180000,4.6,4.6,4.6,4.6,225,153600,14450,weekly,2021-2-11T21:00:00.000,options,put
302,1612881240000,4.7,4.75,4.7,4.75,2550,153600,14450,weekly,2021-2-11T21:00:00.000,options,put
303,1612881300000,4.7,4.7,4.5,4.6,2775,153600,14450,weekly,2021-2-11T21:00:00.000,options,put
304,1612881360000,4.6,4.8,4.6,4.75,2475,152325,14450,weekly,2021-2-11T21:00:00.000,options,put
305,1612881420000,4.75,4.9,4.75,4.9,2100,152325,14450,weekly,2021-2-11T21:00:00.000,options,put
306,1612881480000,4.9,4.9,4.65,4.85,1650,152325,14450,weekly,2021-2-11T21:00:00.000,options,put
307,1612881540000,4.85,4.9,4.7,4.9,6900,151275,14450,weekly,2021-2-11T21:00:00.000,options,put
308,1612881600000,4.95,4.95,4.8,4.9,2850,151275,14450,weekly,2021-2-11T21:00:00.000,options,put
309,1612881660000,5.0,5.3,4.95,5.15,4725,151275,14450,weekly,2021-2-11T21:00:00.000,options,put
310,1612881720000,5.05,5.05,5.05,5.05,900,151275,14450,weekly,2021-2-11T21:00:00.000,options,put
311,1612881780000,4.8,4.8,4.65,4.7,2475,150600,14450,weekly,2021-2-11T21:00:00.000,options,put
312,1612881840000,4.9,4.9,4.5,4.55,15975,150600,14450,weekly,2021-2-11T21:00:00.000,options,put
313,1612881900000,4.55,4.95,4.55,4.95,12825,151050,14450,weekly,2021-2-11T21:00:00.000,options,put
314,1612881960000,4.95,5.65,4.95,5.55,11250,151050,14450,weekly,2021-2-11T21:00:00.000,options,put
315,1612882020000,5.55,5.75,5.4,5.7,9450,151050,14450,weekly,2021-2-11T21:00:00.000,options,put
316,1612882080000,5.7,6.55,5.7,6.55,19425,152400,14450,weekly,2021-2-11T21:00:00.000,options,put
317,1612882140000,6.6,8.0,6.6,8.0,13050,152400,14450,weekly,2021-2-11T21:00:00.000,options,put
318,1612882200000,8.0,8.1,6.05,6.55,15450,152400,14450,weekly,2021-2-11T21:00:00.000,options,put
319,1612882260000,6.55,7.15,6.55,6.65,9975,153525,14450,weekly,2021-2-11T21:00:00.000,options,put
320,1612882320000,6.7,6.7,6.05,6.4,4425,153525,14450,weekly,2021-2-11T21:00:00.000,options,put
321,1612882380000,6.4,6.4,5.6,5.6,4575,153525,14450,weekly,2021-2-11T21:00:00.000,options,put
322,1612882440000,5.65,5.65,4.95,5.2,3825,156000,14450,weekly,2021-2-11T21:00:00.000,options,put
323,1612882500000,5.15,5.75,5.15,5.4,4125,156000,14450,weekly,2021-2-11T21:00:00.000,options,put
324,1612882560000,5.4,5.6,5.35,5.6,3825,156000,14450,weekly,2021-2-11T21:00:00.000,options,put
325,1612882620000,5.6,5.9,5.6,5.7,2325,158250,14450,weekly,2021-2-11T21:00:00.000,options,put
326,1612882680000,5.7,5.8,5.45,5.6,3675,158250,14450,weekly,2021-2-11T21:00:00.000,options,put
327,1612882740000,5.55,5.6,5.4,5.55,3900,158250,14450,weekly,2021-2-11T21:00:00.000,options,put
328,1612882800000,5.5,6.4,5.4,6.4,14100,151800,14450,weekly,2021-2-11T21:00:00.000,options,put
329,1612882860000,6.45,7.25,6.45,7.25,9300,151800,14450,weekly,2021-2-11T21:00:00.000,options,put
330,1612882920000,7.55,10.5,7.55,10.5,38550,151800,14450,weekly,2021-2-11T21:00:00.000,options,put
331,1612882980000,10.55,11.95,10.2,11.45,24600,149400,14450,weekly,2021-2-11T21:00:00.000,options,put
332,1612883040000,11.45,11.5,9.35,10.1,22125,149400,14450,weekly,2021-2-11T21:00:00.000,options,put
333,1612883100000,10.05,11.75,9.95,11.5,16275,149400,14450,weekly,2021-2-11T21:00:00.000,options,put
334,1612883160000,11.6,12.15,9.85,10.95,11025,143625,14450,weekly,2021-2-11T21:00:00.000,options,put
335,1612883220000,10.95,11.0,7.75,7.75,10275,143625,14450,weekly,2021-2-11T21:00:00.000,options,put
336,1612883280000,7.3,8.45,7.3,8.4,26625,143625,14450,weekly,2021-2-11T21:00:00.000,options,put
337,1612883340000,8.6,8.75,7.9,7.9,7275,147750,14450,weekly,2021-2-11T21:00:00.000,options,put
338,1612883400000,7.9,8.15,7.2,7.4,8850,147750,14450,weekly,2021-2-11T21:00:00.000,options,put
339,1612883460000,7.4,7.8,6.85,7.0,4425,147750,14450,weekly,2021-2-11T21:00:00.000,options,put
340,1612883520000,7.0,7.0,5.55,5.75,13725,141750,14450,weekly,2021-2-11T21:00:00.000,options,put
341,1612883580000,5.75,6.15,5.35,6.15,10575,141750,14450,weekly,2021-2-11T21:00:00.000,options,put
342,1612883640000,6.1,6.7,5.9,6.6,3300,141750,14450,weekly,2021-2-11T21:00:00.000,options,put
343,1612883700000,6.5,6.6,6.05,6.25,7875,137700,14450,weekly,2021-2-11T21:00:00.000,options,put
344,1612883760000,6.35,6.55,6.25,6.35,3450,137700,14450,weekly,2021-2-11T21:00:00.000,options,put
345,1612883820000,6.35,6.55,6.2,6.5,18525,137700,14450,weekly,2021-2-11T21:00:00.000,options,put
346,1612883880000,6.65,6.65,6.25,6.45,9375,139425,14450,weekly,2021-2-11T21:00:00.000,options,put
347,1612883940000,6.45,6.5,6.05,6.05,7200,139425,14450,weekly,2021-2-11T21:00:00.000,options,put
348,1612884000000,6.0,6.05,5.7,5.95,4650,139425,14450,weekly,2021-2-11T21:00:00.000,options,put
349,1612884060000,5.95,6.15,5.75,6.1,7275,141450,14450,weekly,2021-2-11T21:00:00.000,options,put
350,1612884120000,6.1,6.1,5.5,5.65,5625,141450,14450,weekly,2021-2-11T21:00:00.000,options,put
351,1612884180000,5.65,5.8,5.6,5.65,6600,141450,14450,weekly,2021-2-11T21:00:00.000,options,put
352,1612884240000,5.7,5.7,5.6,5.6,7125,141750,14450,weekly,2021-2-11T21:00:00.000,options,put
353,1612884300000,5.6,5.75,5.55,5.6,15825,141750,14450,weekly,2021-2-11T21:00:00.000,options,put
354,1612884360000,5.8,6.0,5.8,6.0,10125,141750,14450,weekly,2021-2-11T21:00:00.000,options,put
355,1612884420000,6.0,6.05,5.8,5.9,4875,139350,14450,weekly,2021-2-11T21:00:00.000,options,put
356,1612884480000,5.9,5.9,5.65,5.75,3375,139350,14450,weekly,2021-2-11T21:00:00.000,options,put
357,1612884540000,5.75,5.8,5.5,5.6,7650,139350,14450,weekly,2021-2-11T21:00:00.000,options,put
