,timestamp,open,high,low,close,volume,open_interest,strike,expiry_type,expiry,instrument,contract_type
0,1576727040000,333.0,339.3,330.0,333.25,450,,11900,weekly,2019-12-26T21:00:00.000,options,call
1,1576727160000,331.95,331.95,328.45,328.45,75,,11900,weekly,2019-12-26T21:00:00.000,options,call
2,1576727220000,328.45,329.55,325.45,325.45,225,,11900,weekly,2019-12-26T21:00:00.000,options,call
3,1576727280000,325.4,331.15,325.4,331.15,825,,11900,weekly,2019-12-26T21:00:00.000,options,call
4,1576727340000,330.0,330.0,330.0,330.0,150,,11900,weekly,2019-12-26T21:00:00.000,options,call
5,1576727400000,335.55,335.55,335.55,335.55,150,,11900,weekly,2019-12-26T21:00:00.000,options,call
6,1576727460000,335.0,335.0,335.0,335.0,1425,,11900,weekly,2019-12-26T21:00:00.000,options,call
7,1576727520000,335.0,335.9,334.45,334.45,525,,11900,weekly,2019-12-26T21:00:00.000,options,call
8,1576727700000,338.45,338.85,332.5,337.0,1875,,11900,weekly,2019-12-26T21:00:00.000,options,call
9,1576727760000,337.0,338.3,337.0,338.3,150,,11900,weekly,2019-12-26T21:00:00.000,options,call
10,1576727820000,337.0,337.0,337.0,337.0,75,,11900,weekly,2019-12-26T21:00:00.000,options,call
11,1576727940000,333.0,333.0,333.0,333.0,75,,11900,weekly,2019-12-26T21:00:00.000,options,call
12,1576728000000,332.0,332.0,330.0,330.0,900,,11900,weekly,2019-12-26T21:00:00.000,options,call
13,1576728060000,329.2,329.2,329.2,329.2,150,,11900,weekly,2019-12-26T21:00:00.000,options,call
14,1576728120000,330.95,330.95,329.2,329.2,1200,,11900,weekly,2019-12-26T21:00:00.000,options,call
15,1576728180000,329.75,329.75,328.0,328.0,150,,11900,weekly,2019-12-26T21:00:00.000,options,call
16,1576728240000,323.25,323.4,322.4,322.95,9075,,11900,weekly,2019-12-26T21:00:00.000,options,call
17,1576728300000,322.65,323.4,322.65,323.0,15150,,11900,weekly,2019-12-26T21:00:00.000,options,call
18,1576728360000,323.7,328.55,323.7,328.55,3000,,11900,weekly,2019-12-26T21:00:00.000,options,call
19,1576728480000,325.0,327.9,325.0,327.9,600,,11900,weekly,2019-12-26T21:00:00.000,options,call
20,1576728540000,325.55,325.55,323.05,323.05,225,,11900,weekly,2019-12-26T21:00:00.000,options,call
21,1576728600000,324.0,324.0,323.0,323.85,1800,,11900,weekly,2019-12-26T21:00:00.000,options,call
22,1576728660000,323.0,323.55,323.0,323.55,1050,,11900,weekly,2019-12-26T21:00:00.000,options,call
23,1576728720000,324.5,325.0,324.5,325.0,750,,11900,weekly,2019-12-26T21:00:00.000,options,call
24,1576728780000,324.0,324.0,323.45,323.45,825,,11900,weekly,2019-12-26T21:00:00.000,options,call
25,1576728840000,324.0,324.0,323.45,324.0,2700,,11900,weekly,2019-12-26T21:00:00.000,options,call
26,1576728900000,322.0,322.0,321.0,321.0,375,,11900,weekly,2019-12-26T21:00:00.000,options,call
27,1576728960000,322.0,322.5,322.0,322.5,825,,11900,weekly,2019-12-26T21:00:00.000,options,call
28,1576729020000,323.0,324.0,323.0,323.3,1425,,11900,weekly,2019-12-26T21:00:00.000,options,call
29,1576729080000,324.0,324.0,323.5,324.0,825,,11900,weekly,2019-12-26T21:00:00.000,options,call
30,1576729140000,323.5,324.9,323.5,324.9,1050,,11900,weekly,2019-12-26T21:00:00.000,options,call
31,1576729200000,325.0,327.25,324.3,327.25,450,,11900,weekly,2019-12-26T21:00:00.000,options,call
32,1576729260000,327.15,327.8,325.75,327.0,1350,,11900,weekly,2019-12-26T21:00:00.000,options,call
33,1576729320000,325.95,325.95,325.95,325.95,150,,11900,weekly,2019-12-26T21:00:00.000,options,call
34,1576729380000,326.0,326.0,326.0,326.0,75,,11900,weekly,2019-12-26T21:00:00.000,options,call
35,1576729440000,325.0,325.0,325.0,325.0,75,,11900,weekly,2019-12-26T21:00:00.000,options,call
36,1576729500000,324.0,324.0,324.0,324.0,75,,11900,weekly,2019-12-26T21:00:00.000,options,call
37,1576729560000,326.7,326.7,326.7,326.7,450,,11900,weekly,2019-12-26T21:00:00.000,options,call
38,1576729620000,325.2,325.2,325.0,325.0,150,,11900,weekly,2019-12-26T21:00:00.000,options,call
39,1576729680000,323.35,323.35,323.35,323.35,150,,11900,weekly,2019-12-26T21:00:00.000,options,call
40,1576729740000,321.25,321.25,320.8,320.8,150,,11900,weekly,2019-12-26T21:00:00.000,options,call
41,1576729800000,322.0,322.0,321.45,321.45,2850,,11900,weekly,2019-12-26T21:00:00.000,options,call
42,1576729860000,323.2,323.2,323.2,323.2,75,,11900,weekly,2019-12-26T21:00:00.000,options,call
43,1576729920000,324.0,325.0,323.7,325.0,225,,11900,weekly,2019-12-26T21:00:00.000,options,call
44,1576729980000,326.6,326.6,326.15,326.15,1650,,11900,weekly,2019-12-26T21:00:00.000,options,call
45,1576730040000,326.3,328.8,326.05,328.8,3375,,11900,weekly,2019-12-26T21:00:00.000,options,call
46,1576730100000,328.0,328.0,328.0,328.0,1500,,11900,weekly,2019-12-26T21:00:00.000,options,call
47,1576730160000,326.0,326.0,326.0,326.0,675,,11900,weekly,2019-12-26T21:00:00.000,options,call
48,1576730280000,322.45,322.45,322.15,322.15,375,,11900,weekly,2019-12-26T21:00:00.000,options,call
49,1576730340000,324.0,324.0,324.0,324.0,1350,,11900,weekly,2019-12-26T21:00:00.000,options,call
50,1576730700000,322.0,322.0,322.0,322.0,75,,11900,weekly,2019-12-26T21:00:00.000,options,call
51,1576730880000,324.3,325.05,324.3,325.05,150,,11900,weekly,2019-12-26T21:00:00.000,options,call
52,1576730940000,325.8,326.5,325.8,326.4,4200,,11900,weekly,2019-12-26T21:00:00.000,options,call
53,1576731000000,322.95,322.95,322.95,322.95,300,,11900,weekly,2019-12-26T21:00:00.000,options,call
54,1576731060000,321.0,321.0,321.0,321.0,75,,11900,weekly,2019-12-26T21:00:00.000,options,call
55,1576731120000,317.3,318.5,317.3,318.5,1800,,11900,weekly,2019-12-26T21:00:00.000,options,call
56,1576731240000,319.0,319.1,319.0,319.1,375,,11900,weekly,2019-12-26T21:00:00.000,options,call
57,1576731420000,320.0,320.0,319.0,319.0,150,,11900,weekly,2019-12-26T21:00:00.000,options,call
58,1576731480000,318.0,318.0,317.0,317.0,1050,,11900,weekly,2019-12-26T21:00:00.000,options,call
59,1576731540000,317.0,317.0,317.0,317.0,1050,,11900,weekly,2019-12-26T21:00:00.000,options,call
60,1576731600000,318.0,318.0,318.0,318.0,1050,,11900,weekly,2019-12-26T21:00:00.000,options,call
61,1576731660000,319.0,319.0,319.0,319.0,1050,,11900,weekly,2019-12-26T21:00:00.000,options,call
62,1576731720000,319.95,319.95,318.0,318.0,1575,,11900,weekly,2019-12-26T21:00:00.000,options,call
63,1576731780000,320.6,320.6,318.85,319.0,2100,,11900,weekly,2019-12-26T21:00:00.000,options,call
64,1576731840000,320.0,321.7,319.75,321.7,2925,,11900,weekly,2019-12-26T21:00:00.000,options,call
65,1576731960000,323.45,323.45,323.45,323.45,75,,11900,weekly,2019-12-26T21:00:00.000,options,call
66,1576732080000,323.7,323.7,322.1,322.1,450,,11900,weekly,2019-12-26T21:00:00.000,options,call
67,1576732200000,322.65,322.9,322.0,322.9,450,,11900,weekly,2019-12-26T21:00:00.000,options,call
68,1576732260000,323.0,324.15,323.0,324.15,2400,,11900,weekly,2019-12-26T21:00:00.000,options,call
69,1576732320000,324.4,325.5,323.0,325.0,7125,,11900,weekly,2019-12-26T21:00:00.000,options,call
70,1576732380000,326.3,326.3,325.0,325.0,6975,,11900,weekly,2019-12-26T21:00:00.000,options,call
71,1576732440000,324.0,324.0,322.05,322.05,4350,,11900,weekly,2019-12-26T21:00:00.000,options,call
72,1576732500000,321.9,322.0,321.9,322.0,600,,11900,weekly,2019-12-26T21:00:00.000,options,call
73,1576732680000,322.0,323.0,321.9,322.0,2700,,11900,weekly,2019-12-26T21:00:00.000,options,call
74,1576732740000,322.0,323.0,322.0,323.0,2400,,11900,weekly,2019-12-26T21:00:00.000,options,call
75,1576732800000,326.2,328.3,326.2,327.15,300,,11900,weekly,2019-12-26T21:00:00.000,options,call
76,1576732860000,327.0,327.1,327.0,327.1,750,,11900,weekly,2019-12-26T21:00:00.000,options,call
77,1576732920000,329.0,329.05,329.0,329.05,375,,11900,weekly,2019-12-26T21:00:00.000,options,call
78,1576732980000,328.0,328.0,328.0,328.0,1500,,11900,weekly,2019-12-26T21:00:00.000,options,call
79,1576733040000,327.1,327.5,327.0,327.0,1725,,11900,weekly,2019-12-26T21:00:00.000,options,call
80,1576733100000,327.0,330.0,327.0,330.0,225,,11900,weekly,2019-12-26T21:00:00.000,options,call
81,1576733160000,329.95,331.0,329.85,330.5,525,,11900,weekly,2019-12-26T21:00:00.000,options,call
82,1576733220000,329.0,329.0,329.0,329.0,225,,11900,weekly,2019-12-26T21:00:00.000,options,call
83,1576733280000,329.25,329.25,329.25,329.25,75,,11900,weekly,2019-12-26T21:00:00.000,options,call
84,1576733340000,332.3,336.5,332.0,336.5,1800,,11900,weekly,2019-12-26T21:00:00.000,options,call
85,1576733400000,335.0,338.4,335.0,338.0,4800,,11900,weekly,2019-12-26T21:00:00.000,options,call
86,1576733460000,338.0,338.0,337.0,337.3,1425,,11900,weekly,2019-12-26T21:00:00.000,options,call
87,1576733520000,337.9,338.55,337.55,338.15,675,,11900,weekly,2019-12-26T21:00:00.000,options,call
88,1576733580000,339.0,339.0,337.4,337.4,150,,11900,weekly,2019-12-26T21:00:00.000,options,call
89,1576733640000,336.0,336.65,336.0,336.65,525,,11900,weekly,2019-12-26T21:00:00.000,options,call
90,1576733700000,338.15,338.15,335.35,335.35,375,,11900,weekly,2019-12-26T21:00:00.000,options,call
91,1576733760000,336.35,336.35,336.05,336.05,150,,11900,weekly,2019-12-26T21:00:00.000,options,call
92,1576733820000,336.0,337.65,336.0,337.65,1650,,11900,weekly,2019-12-26T21:00:00.000,options,call
93,1576733880000,337.65,345.0,337.65,345.0,3675,,11900,weekly,2019-12-26T21:00:00.000,options,call
94,1576733940000,345.0,348.0,344.15,347.1,2325,,11900,weekly,2019-12-26T21:00:00.000,options,call
95,1576734000000,344.8,344.8,344.0,344.1,975,,11900,weekly,2019-12-26T21:00:00.000,options,call
96,1576734060000,342.9,343.3,342.9,343.0,2400,,11900,weekly,2019-12-26T21:00:00.000,options,call
97,1576734120000,342.9,344.0,342.9,343.9,8475,,11900,weekly,2019-12-26T21:00:00.000,options,call
98,1576734180000,343.9,344.0,343.0,343.0,1800,,11900,weekly,2019-12-26T21:00:00.000,options,call
99,1576734240000,343.55,345.1,343.55,345.1,225,,11900,weekly,2019-12-26T21:00:00.000,options,call
100,1576734300000,343.0,343.0,343.0,343.0,525,,11900,weekly,2019-12-26T21:00:00.000,options,call
101,1576734360000,341.5,341.5,340.0,341.0,2700,,11900,weekly,2019-12-26T21:00:00.000,options,call
102,1576734420000,341.0,341.0,339.85,340.0,3450,,11900,weekly,2019-12-26T21:00:00.000,options,call
103,1576734480000,340.5,340.5,340.5,340.5,525,,11900,weekly,2019-12-26T21:00:00.000,options,call
104,1576734540000,340.5,341.0,340.0,341.0,2475,,11900,weekly,2019-12-26T21:00:00.000,options,call
105,1576734600000,341.0,342.0,341.0,342.0,1575,,11900,weekly,2019-12-26T21:00:00.000,options,call
106,1576734660000,341.0,341.65,340.95,341.5,1650,,11900,weekly,2019-12-26T21:00:00.000,options,call
107,1576734720000,341.5,343.0,341.5,343.0,1575,,11900,weekly,2019-12-26T21:00:00.000,options,call
108,1576734780000,345.85,346.8,345.85,346.8,300,,11900,weekly,2019-12-26T21:00:00.000,options,call
109,1576734840000,346.8,353.15,346.25,352.0,1725,,11900,weekly,2019-12-26T21:00:00.000,options,call
110,1576734900000,352.0,352.0,350.65,351.05,1800,,11900,weekly,2019-12-26T21:00:00.000,options,call
111,1576734960000,353.3,353.95,352.0,353.95,1275,,11900,weekly,2019-12-26T21:00:00.000,options,call
112,1576735020000,353.3,358.05,353.3,358.05,4200,,11900,weekly,2019-12-26T21:00:00.000,options,call
113,1576735080000,356.15,356.15,353.0,353.0,825,,11900,weekly,2019-12-26T21:00:00.000,options,call
114,1576735140000,352.5,354.95,352.0,354.95,3675,,11900,weekly,2019-12-26T21:00:00.000,options,call
115,1576735200000,353.0,353.0,351.0,351.0,2400,,11900,weekly,2019-12-26T21:00:00.000,options,call
116,1576735260000,352.0,352.0,351.0,351.0,1200,,11900,weekly,2019-12-26T21:00:00.000,options,call
117,1576735320000,352.0,352.45,351.5,351.85,2250,,11900,weekly,2019-12-26T21:00:00.000,options,call
118,1576735380000,354.8,356.1,354.8,356.0,1800,,11900,weekly,2019-12-26T21:00:00.000,options,call
119,1576735440000,354.45,359.0,354.45,359.0,525,,11900,weekly,2019-12-26T21:00:00.000,options,call
120,1576735500000,362.45,363.0,359.85,360.0,1350,,11900,weekly,2019-12-26T21:00:00.000,options,call
121,1576735560000,359.0,359.0,359.0,359.0,150,,11900,weekly,2019-12-26T21:00:00.000,options,call
122,1576735620000,358.0,359.2,358.0,359.2,1050,,11900,weekly,2019-12-26T21:00:00.000,options,call
123,1576735680000,359.6,361.25,359.6,361.25,525,,11900,weekly,2019-12-26T21:00:00.000,options,call
124,1576735740000,363.0,366.6,363.0,365.55,2025,,11900,weekly,2019-12-26T21:00:00.000,options,call
125,1576735800000,365.95,366.8,365.0,365.0,300,,11900,weekly,2019-12-26T21:00:00.000,options,call
126,1576735860000,364.1,365.15,364.1,364.3,375,,11900,weekly,2019-12-26T21:00:00.000,options,call
127,1576735920000,364.9,364.9,364.9,364.9,150,,11900,weekly,2019-12-26T21:00:00.000,options,call
128,1576735980000,366.0,371.5,366.0,369.0,675,,11900,weekly,2019-12-26T21:00:00.000,options,call
129,1576736040000,368.8,372.4,368.8,370.2,600,,11900,weekly,2019-12-26T21:00:00.000,options,call
130,1576736100000,370.0,371.0,367.7,371.0,600,,11900,weekly,2019-12-26T21:00:00.000,options,call
131,1576736160000,372.55,372.55,370.5,372.0,450,,11900,weekly,2019-12-26T21:00:00.000,options,call
132,1576736220000,371.15,373.35,370.5,372.45,2025,,11900,weekly,2019-12-26T21:00:00.000,options,call
133,1576736280000,373.65,373.65,373.2,373.2,150,,11900,weekly,2019-12-26T21:00:00.000,options,call
134,1576736340000,370.0,370.0,369.0,369.0,150,,11900,weekly,2019-12-26T21:00:00.000,options,call
135,1576736400000,370.0,370.0,370.0,370.0,150,,11900,weekly,2019-12-26T21:00:00.000,options,call
136,1576736460000,368.0,369.0,368.0,369.0,150,,11900,weekly,2019-12-26T21:00:00.000,options,call
137,1576736520000,367.5,367.5,365.3,365.75,3525,,11900,weekly,2019-12-26T21:00:00.000,options,call
138,1576736580000,366.35,366.5,366.35,366.5,225,,11900,weekly,2019-12-26T21:00:00.000,options,call
139,1576736640000,365.0,365.0,364.25,364.25,150,,11900,weekly,2019-12-26T21:00:00.000,options,call
140,1576736760000,365.0,365.0,364.0,364.0,6150,,11900,weekly,2019-12-26T21:00:00.000,options,call
141,1576736820000,364.75,364.75,364.0,364.0,225,,11900,weekly,2019-12-26T21:00:00.000,options,call
142,1576736880000,364.0,368.0,364.0,368.0,600,,11900,weekly,2019-12-26T21:00:00.000,options,call
143,1576736940000,369.0,369.0,368.25,368.25,2850,,11900,weekly,2019-12-26T21:00:00.000,options,call
144,1576737000000,368.0,368.0,366.5,367.8,375,,11900,weekly,2019-12-26T21:00:00.000,options,call
145,1576737060000,368.0,368.0,367.2,367.2,825,,11900,weekly,2019-12-26T21:00:00.000,options,call
146,1576737120000,367.5,369.25,367.5,369.25,150,,11900,weekly,2019-12-26T21:00:00.000,options,call
147,1576737180000,369.0,369.0,369.0,369.0,150,,11900,weekly,2019-12-26T21:00:00.000,options,call
148,1576737240000,369.0,370.3,369.0,369.3,3450,,11900,weekly,2019-12-26T21:00:00.000,options,call
149,1576737300000,369.8,372.05,369.8,372.05,375,,11900,weekly,2019-12-26T21:00:00.000,options,call
150,1576737360000,373.0,374.0,372.9,373.0,600,,11900,weekly,2019-12-26T21:00:00.000,options,call
151,1576737420000,372.15,372.15,371.1,371.1,3375,,11900,weekly,2019-12-26T21:00:00.000,options,call
152,1576737540000,372.6,373.1,372.6,373.1,150,,11900,weekly,2019-12-26T21:00:00.000,options,call
153,1576737600000,373.1,373.1,372.5,372.5,3225,,11900,weekly,2019-12-26T21:00:00.000,options,call
154,1576737660000,371.4,371.4,370.7,370.7,3750,,11900,weekly,2019-12-26T21:00:00.000,options,call
155,1576737720000,370.7,370.7,370.0,370.0,2325,,11900,weekly,2019-12-26T21:00:00.000,options,call
156,1576737840000,370.6,370.6,370.6,370.6,75,,11900,weekly,2019-12-26T21:00:00.000,options,call
157,1576737900000,370.8,370.8,370.75,370.75,150,,11900,weekly,2019-12-26T21:00:00.000,options,call
158,1576738020000,370.4,370.4,370.0,370.0,3075,,11900,weekly,2019-12-26T21:00:00.000,options,call
159,1576738080000,372.15,372.15,372.15,372.15,75,,11900,weekly,2019-12-26T21:00:00.000,options,call
160,1576738140000,371.55,372.0,371.55,372.0,150,,11900,weekly,2019-12-26T21:00:00.000,options,call
161,1576738200000,375.0,375.55,374.65,375.55,675,,11900,weekly,2019-12-26T21:00:00.000,options,call
162,1576738320000,376.5,380.0,376.5,378.5,675,,11900,weekly,2019-12-26T21:00:00.000,options,call
163,1576738380000,375.75,376.0,375.6,376.0,3225,,11900,weekly,2019-12-26T21:00:00.000,options,call
164,1576738440000,374.55,374.55,374.55,374.55,75,,11900,weekly,2019-12-26T21:00:00.000,options,call
165,1576738500000,373.9,373.9,373.9,373.9,75,,11900,weekly,2019-12-26T21:00:00.000,options,call
166,1576738560000,374.35,374.35,374.35,374.35,750,,11900,weekly,2019-12-26T21:00:00.000,options,call
167,1576738620000,374.65,374.65,374.65,374.65,675,,11900,weekly,2019-12-26T21:00:00.000,options,call
168,1576738740000,373.6,373.6,373.6,373.6,600,,11900,weekly,2019-12-26T21:00:00.000,options,call
169,1576738800000,373.6,373.6,371.7,371.7,2550,,11900,weekly,2019-12-26T21:00:00.000,options,call
170,1576738860000,372.7,374.0,372.7,374.0,225,,11900,weekly,2019-12-26T21:00:00.000,options,call
171,1576738920000,373.2,373.2,373.2,373.2,75,,11900,weekly,2019-12-26T21:00:00.000,options,call
172,1576738980000,376.7,376.7,376.7,376.7,75,,11900,weekly,2019-12-26T21:00:00.000,options,call
173,1576739100000,377.15,377.5,377.15,377.5,75,,11900,weekly,2019-12-26T21:00:00.000,options,call
174,1576739160000,377.5,377.6,377.5,377.6,150,,11900,weekly,2019-12-26T21:00:00.000,options,call
175,1576739220000,376.25,376.45,376.0,376.0,525,,11900,weekly,2019-12-26T21:00:00.000,options,call
176,1576739280000,376.35,376.35,376.35,376.35,75,,11900,weekly,2019-12-26T21:00:00.000,options,call
177,1576739340000,375.0,375.0,375.0,375.0,150,,11900,weekly,2019-12-26T21:00:00.000,options,call
178,1576739400000,372.2,372.2,370.55,370.55,225,,11900,weekly,2019-12-26T21:00:00.000,options,call
179,1576739460000,371.0,371.0,368.65,368.65,1200,,11900,weekly,2019-12-26T21:00:00.000,options,call
180,1576739520000,368.65,368.65,368.1,368.1,375,,11900,weekly,2019-12-26T21:00:00.000,options,call
181,1576739580000,370.0,370.0,369.2,369.2,1275,,11900,weekly,2019-12-26T21:00:00.000,options,call
182,1576739640000,371.5,371.5,371.5,371.5,150,,11900,weekly,2019-12-26T21:00:00.000,options,call
183,1576739820000,370.0,370.0,370.0,370.0,75,,11900,weekly,2019-12-26T21:00:00.000,options,call
184,1576740000000,369.65,369.65,369.65,369.65,75,,11900,weekly,2019-12-26T21:00:00.000,options,call
185,1576740060000,370.0,370.85,370.0,370.75,300,,11900,weekly,2019-12-26T21:00:00.000,options,call
186,1576740120000,370.1,370.1,369.55,369.55,225,,11900,weekly,2019-12-26T21:00:00.000,options,call
187,1576740180000,369.0,369.0,369.0,369.0,75,,11900,weekly,2019-12-26T21:00:00.000,options,call
188,1576740240000,368.0,371.1,368.0,371.1,300,,11900,weekly,2019-12-26T21:00:00.000,options,call
189,1576740300000,370.8,371.0,370.8,371.0,225,,11900,weekly,2019-12-26T21:00:00.000,options,call
190,1576740360000,366.4,367.2,366.4,367.2,375,,11900,weekly,2019-12-26T21:00:00.000,options,call
191,1576740420000,365.0,365.0,356.4,360.55,1575,,11900,weekly,2019-12-26T21:00:00.000,options,call
192,1576740480000,361.65,362.85,361.65,362.0,1875,,11900,weekly,2019-12-26T21:00:00.000,options,call
193,1576740540000,360.0,360.0,353.0,353.0,300,,11900,weekly,2019-12-26T21:00:00.000,options,call
194,1576740600000,356.0,356.0,355.3,355.3,975,,11900,weekly,2019-12-26T21:00:00.000,options,call
195,1576740660000,355.3,356.0,355.0,355.0,2175,,11900,weekly,2019-12-26T21:00:00.000,options,call
196,1576740720000,353.65,355.0,353.0,354.5,1200,,11900,weekly,2019-12-26T21:00:00.000,options,call
197,1576740780000,353.75,353.75,350.0,350.0,1650,,11900,weekly,2019-12-26T21:00:00.000,options,call
198,1576740840000,352.0,354.45,352.0,354.0,2025,,11900,weekly,2019-12-26T21:00:00.000,options,call
199,1576740900000,354.0,354.0,353.7,353.7,450,,11900,weekly,2019-12-26T21:00:00.000,options,call
200,1576740960000,356.0,356.0,353.0,353.0,2400,,11900,weekly,2019-12-26T21:00:00.000,options,call
201,1576741020000,354.5,354.5,354.5,354.5,75,,11900,weekly,2019-12-26T21:00:00.000,options,call
202,1576741080000,354.0,355.0,354.0,354.85,2925,,11900,weekly,2019-12-26T21:00:00.000,options,call
203,1576741260000,354.0,354.0,352.0,352.0,1125,,11900,weekly,2019-12-26T21:00:00.000,options,call
204,1576741320000,350.0,351.0,350.0,351.0,900,,11900,weekly,2019-12-26T21:00:00.000,options,call
205,1576741380000,350.0,354.05,350.0,354.05,2700,,11900,weekly,2019-12-26T21:00:00.000,options,call
206,1576741440000,354.85,356.0,354.85,356.0,1875,,11900,weekly,2019-12-26T21:00:00.000,options,call
207,1576741500000,358.0,358.0,358.0,358.0,75,,11900,weekly,2019-12-26T21:00:00.000,options,call
208,1576741560000,360.0,361.3,360.0,361.3,225,,11900,weekly,2019-12-26T21:00:00.000,options,call
209,1576741620000,360.55,361.0,360.0,360.55,375,,11900,weekly,2019-12-26T21:00:00.000,options,call
210,1576741680000,360.0,360.0,358.0,358.0,2550,,11900,weekly,2019-12-26T21:00:00.000,options,call
211,1576741740000,361.05,361.15,358.95,359.3,2325,,11900,weekly,2019-12-26T21:00:00.000,options,call
212,1576741800000,358.0,358.0,358.0,358.0,975,,11900,weekly,2019-12-26T21:00:00.000,options,call
213,1576741860000,361.3,361.3,361.3,361.3,75,,11900,weekly,2019-12-26T21:00:00.000,options,call
214,1576741920000,360.95,362.7,360.9,361.4,1800,,11900,weekly,2019-12-26T21:00:00.000,options,call
215,1576741980000,361.95,361.95,360.6,360.6,1050,,11900,weekly,2019-12-26T21:00:00.000,options,call
216,1576742040000,358.0,358.0,358.0,358.0,75,,11900,weekly,2019-12-26T21:00:00.000,options,call
217,1576742100000,358.0,358.0,358.0,358.0,675,,11900,weekly,2019-12-26T21:00:00.000,options,call
218,1576742160000,356.0,356.0,356.0,356.0,150,,11900,weekly,2019-12-26T21:00:00.000,options,call
219,1576742220000,357.0,357.55,357.0,357.55,1050,,11900,weekly,2019-12-26T21:00:00.000,options,call
220,1576742280000,357.55,358.0,357.55,358.0,1425,,11900,weekly,2019-12-26T21:00:00.000,options,call
221,1576742340000,358.0,358.0,356.3,357.0,2400,,11900,weekly,2019-12-26T21:00:00.000,options,call
222,1576742460000,358.3,358.3,358.3,358.3,150,,11900,weekly,2019-12-26T21:00:00.000,options,call
223,1576742520000,358.0,358.0,358.0,358.0,1500,,11900,weekly,2019-12-26T21:00:00.000,options,call
224,1576742580000,358.0,358.85,358.0,358.85,3975,,11900,weekly,2019-12-26T21:00:00.000,options,call
225,1576742640000,358.5,359.1,357.2,357.75,5175,,11900,weekly,2019-12-26T21:00:00.000,options,call
226,1576742700000,358.7,365.8,358.7,365.05,1500,,11900,weekly,2019-12-26T21:00:00.000,options,call
227,1576742760000,364.95,365.0,364.0,364.1,1800,,11900,weekly,2019-12-26T21:00:00.000,options,call
228,1576742820000,365.0,365.0,363.75,364.0,4575,,11900,weekly,2019-12-26T21:00:00.000,options,call
229,1576742880000,364.0,364.0,362.9,363.25,2025,,11900,weekly,2019-12-26T21:00:00.000,options,call
230,1576742940000,363.25,364.0,362.0,364.0,3075,,11900,weekly,2019-12-26T21:00:00.000,options,call
231,1576743000000,364.0,365.0,364.0,364.5,1575,,11900,weekly,2019-12-26T21:00:00.000,options,call
232,1576743060000,364.5,364.5,364.5,364.5,75,,11900,weekly,2019-12-26T21:00:00.000,options,call
233,1576743120000,364.0,364.9,364.0,364.9,75,,11900,weekly,2019-12-26T21:00:00.000,options,call
234,1576743180000,364.9,364.9,364.0,364.0,1200,,11900,weekly,2019-12-26T21:00:00.000,options,call
235,1576743240000,364.0,369.3,364.0,366.0,3450,,11900,weekly,2019-12-26T21:00:00.000,options,call
236,1576743300000,366.0,366.0,365.5,365.5,825,,11900,weekly,2019-12-26T21:00:00.000,options,call
237,1576743360000,365.5,368.2,365.5,367.5,3525,,11900,weekly,2019-12-26T21:00:00.000,options,call
238,1576743420000,367.5,371.35,367.5,371.35,7875,,11900,weekly,2019-12-26T21:00:00.000,options,call
239,1576743540000,368.6,370.35,367.3,369.0,4200,,11900,weekly,2019-12-26T21:00:00.000,options,call
240,1576743600000,367.95,369.5,366.0,369.5,3375,,11900,weekly,2019-12-26T21:00:00.000,options,call
241,1576743660000,369.0,369.9,369.0,369.35,2100,,11900,weekly,2019-12-26T21:00:00.000,options,call
242,1576743720000,369.35,370.8,369.35,370.8,1575,,11900,weekly,2019-12-26T21:00:00.000,options,call
243,1576743780000,371.0,371.0,371.0,371.0,450,,11900,weekly,2019-12-26T21:00:00.000,options,call
244,1576743840000,368.0,368.35,368.0,368.35,1050,,11900,weekly,2019-12-26T21:00:00.000,options,call
245,1576743900000,365.0,365.0,362.45,363.8,1125,,11900,weekly,2019-12-26T21:00:00.000,options,call
246,1576743960000,363.8,365.4,363.8,364.1,1875,,11900,weekly,2019-12-26T21:00:00.000,options,call
247,1576744020000,364.05,366.15,364.0,365.0,2550,,11900,weekly,2019-12-26T21:00:00.000,options,call
248,1576744080000,364.1,364.55,364.1,364.55,75,,11900,weekly,2019-12-26T21:00:00.000,options,call
249,1576744140000,364.55,364.55,363.05,363.05,525,,11900,weekly,2019-12-26T21:00:00.000,options,call
250,1576744200000,361.0,361.0,360.0,361.0,375,,11900,weekly,2019-12-26T21:00:00.000,options,call
251,1576744260000,359.55,359.55,357.3,358.35,1650,,11900,weekly,2019-12-26T21:00:00.000,options,call
252,1576744320000,358.35,360.1,358.35,360.1,1500,,11900,weekly,2019-12-26T21:00:00.000,options,call
253,1576744380000,360.85,362.0,360.45,361.7,3750,,11900,weekly,2019-12-26T21:00:00.000,options,call
254,1576744440000,362.0,363.55,362.0,363.55,1875,,11900,weekly,2019-12-26T21:00:00.000,options,call
255,1576744500000,359.35,361.0,358.0,361.0,2325,,11900,weekly,2019-12-26T21:00:00.000,options,call
256,1576744560000,361.0,364.75,361.0,364.75,1725,,11900,weekly,2019-12-26T21:00:00.000,options,call
257,1576744620000,364.75,365.0,364.0,364.0,2925,,11900,weekly,2019-12-26T21:00:00.000,options,call
258,1576744680000,365.05,365.65,364.5,365.65,1875,,11900,weekly,2019-12-26T21:00:00.000,options,call
259,1576744740000,366.55,369.5,366.55,368.15,3450,,11900,weekly,2019-12-26T21:00:00.000,options,call
260,1576744800000,367.1,368.9,367.0,368.9,1875,,11900,weekly,2019-12-26T21:00:00.000,options,call
261,1576744860000,367.9,368.05,366.15,366.7,2625,,11900,weekly,2019-12-26T21:00:00.000,options,call
262,1576744920000,364.0,367.05,363.95,367.05,2100,,11900,weekly,2019-12-26T21:00:00.000,options,call
263,1576744980000,367.2,367.2,366.85,366.85,600,,11900,weekly,2019-12-26T21:00:00.000,options,call
264,1576745040000,366.85,366.85,366.85,366.85,750,,11900,weekly,2019-12-26T21:00:00.000,options,call
265,1576745100000,369.45,371.35,368.95,368.95,1725,,11900,weekly,2019-12-26T21:00:00.000,options,call
266,1576745160000,368.95,368.95,367.15,367.8,1125,,11900,weekly,2019-12-26T21:00:00.000,options,call
267,1576745220000,369.05,370.55,369.05,370.55,600,,11900,weekly,2019-12-26T21:00:00.000,options,call
268,1576745280000,370.2,371.9,370.2,371.9,1050,,11900,weekly,2019-12-26T21:00:00.000,options,call
269,1576745340000,371.85,371.85,370.75,370.75,600,,11900,weekly,2019-12-26T21:00:00.000,options,call
270,1576745400000,367.9,367.9,367.9,367.9,300,,11900,weekly,2019-12-26T21:00:00.000,options,call
271,1576745460000,367.45,369.4,367.45,369.15,1200,,11900,weekly,2019-12-26T21:00:00.000,options,call
272,1576745520000,365.95,366.5,362.2,364.0,1725,,11900,weekly,2019-12-26T21:00:00.000,options,call
273,1576745580000,364.0,367.0,364.0,367.0,3525,,11900,weekly,2019-12-26T21:00:00.000,options,call
274,1576745640000,366.15,367.5,366.0,367.5,4200,,11900,weekly,2019-12-26T21:00:00.000,options,call
275,1576745700000,368.7,370.55,368.7,370.0,2775,,11900,weekly,2019-12-26T21:00:00.000,options,call
276,1576745760000,370.0,371.6,369.0,369.0,3300,,11900,weekly,2019-12-26T21:00:00.000,options,call
277,1576745820000,368.95,371.0,368.95,369.5,4500,,11900,weekly,2019-12-26T21:00:00.000,options,call
278,1576745880000,369.0,370.6,369.0,369.1,1875,,11900,weekly,2019-12-26T21:00:00.000,options,call
279,1576745940000,368.6,369.05,368.6,369.05,375,,11900,weekly,2019-12-26T21:00:00.000,options,call
280,1576746000000,372.95,373.0,372.95,373.0,375,,11900,weekly,2019-12-26T21:00:00.000,options,call
281,1576746060000,374.3,374.3,372.0,372.0,450,,11900,weekly,2019-12-26T21:00:00.000,options,call
282,1576746300000,365.0,365.0,365.0,365.0,75,,11900,weekly,2019-12-26T21:00:00.000,options,call
283,1576746540000,368.0,368.0,368.0,368.0,75,,11900,weekly,2019-12-26T21:00:00.000,options,call
284,1576746660000,366.25,368.0,366.25,367.0,300,,11900,weekly,2019-12-26T21:00:00.000,options,call
285,1576746780000,368.5,368.5,368.0,368.0,150,,11900,weekly,2019-12-26T21:00:00.000,options,call
286,1576746840000,366.05,366.05,366.05,366.05,75,,11900,weekly,2019-12-26T21:00:00.000,options,call
287,1576746900000,366.05,366.05,355.9,355.9,675,,11900,weekly,2019-12-26T21:00:00.000,options,call
288,1576746960000,360.0,365.1,360.0,365.1,225,,11900,weekly,2019-12-26T21:00:00.000,options,call
289,1576747140000,364.15,367.7,364.15,366.45,225,,11900,weekly,2019-12-26T21:00:00.000,options,call
290,1576747200000,366.0,366.0,365.0,365.0,150,,11900,weekly,2019-12-26T21:00:00.000,options,call
291,1576747260000,367.95,367.95,367.95,367.95,75,,11900,weekly,2019-12-26T21:00:00.000,options,call
292,1576747320000,369.0,369.0,369.0,369.0,150,,11900,weekly,2019-12-26T21:00:00.000,options,call
293,1576747500000,361.4,362.0,359.9,359.9,450,,11900,weekly,2019-12-26T21:00:00.000,options,call
294,1576747560000,360.65,363.35,360.65,363.35,375,,11900,weekly,2019-12-26T21:00:00.000,options,call
295,1576747620000,362.6,362.6,362.6,362.6,150,,11900,weekly,2019-12-26T21:00:00.000,options,call
296,1576747680000,362.15,362.15,361.85,361.85,225,,11900,weekly,2019-12-26T21:00:00.000,options,call
297,1576747740000,370.0,373.25,368.5,372.25,1050,,11900,weekly,2019-12-26T21:00:00.000,options,call
298,1576747860000,368.25,368.25,367.85,367.85,2700,,11900,weekly,2019-12-26T21:00:00.000,options,call
299,1576747920000,365.85,368.25,365.45,365.45,225,,11900,weekly,2019-12-26T21:00:00.000,options,call
300,1576747980000,364.65,364.65,364.65,364.65,225,,11900,weekly,2019-12-26T21:00:00.000,options,call
301,1576748040000,363.0,363.0,363.0,363.0,75,,11900,weekly,2019-12-26T21:00:00.000,options,call
302,1576748100000,360.0,364.05,360.0,364.05,825,,11900,weekly,2019-12-26T21:00:00.000,options,call
303,1576748160000,366.05,368.1,366.05,368.1,375,,11900,weekly,2019-12-26T21:00:00.000,options,call
304,1576748220000,368.2,370.0,368.2,370.0,300,,11900,weekly,2019-12-26T21:00:00.000,options,call
305,1576748280000,366.4,367.25,366.4,367.25,150,,11900,weekly,2019-12-26T21:00:00.000,options,call
306,1576748340000,367.55,367.55,367.55,367.55,75,,11900,weekly,2019-12-26T21:00:00.000,options,call
307,1576748400000,372.85,372.85,370.9,370.9,375,,11900,weekly,2019-12-26T21:00:00.000,options,call
308,1576748460000,369.85,371.0,369.85,371.0,1050,,11900,weekly,2019-12-26T21:00:00.000,options,call
309,1576748520000,371.85,373.0,371.85,372.45,375,,11900,weekly,2019-12-26T21:00:00.000,options,call
310,1576748580000,373.25,373.25,373.25,373.25,75,,11900,weekly,2019-12-26T21:00:00.000,options,call
311,1576748640000,372.05,375.65,372.05,375.65,300,,11900,weekly,2019-12-26T21:00:00.000,options,call
312,1576748700000,377.0,377.25,376.75,377.0,975,,11900,weekly,2019-12-26T21:00:00.000,options,call
313,1576748760000,377.0,379.7,377.0,379.7,525,,11900,weekly,2019-12-26T21:00:00.000,options,call
314,1576748820000,379.8,381.15,379.8,380.3,750,,11900,weekly,2019-12-26T21:00:00.000,options,call
315,1576748880000,379.3,379.3,379.05,379.05,225,,11900,weekly,2019-12-26T21:00:00.000,options,call
316,1576748940000,375.25,375.65,375.25,375.65,75,,11900,weekly,2019-12-26T21:00:00.000,options,call
317,1576749000000,375.65,376.3,375.65,375.9,450,,11900,weekly,2019-12-26T21:00:00.000,options,call
318,1576749060000,374.75,374.8,374.5,374.6,600,,11900,weekly,2019-12-26T21:00:00.000,options,call
319,1576749120000,374.9,376.05,374.6,375.6,825,,11900,weekly,2019-12-26T21:00:00.000,options,call
320,1576749180000,375.0,375.0,375.0,375.0,225,,11900,weekly,2019-12-26T21:00:00.000,options,call
321,1576749240000,377.0,377.0,375.3,376.0,450,,11900,weekly,2019-12-26T21:00:00.000,options,call
322,1576749300000,374.2,376.0,374.15,374.15,300,,11900,weekly,2019-12-26T21:00:00.000,options,call
323,1576749360000,374.8,376.45,374.8,376.25,300,,11900,weekly,2019-12-26T21:00:00.000,options,call
324,1576749420000,377.5,377.75,377.1,377.6,675,,11900,weekly,2019-12-26T21:00:00.000,options,call
325,1576749480000,377.6,377.8,377.0,377.0,1050,,11900,weekly,2019-12-26T21:00:00.000,options,call
