,timestamp,open,high,low,close,volume,open_interest,strike,expiry_type,expiry,instrument,contract_type
0,1556077440000,117.1,118.35,105.7,105.7,440,,29200,weekly,2019-5-2T21:00:00.000,options,put
1,1556077500000,105.7,108.0,105.7,106.0,2280,,29200,weekly,2019-5-2T21:00:00.000,options,put
2,1556077560000,106.0,116.9,106.0,112.85,2040,,29200,weekly,2019-5-2T21:00:00.000,options,put
3,1556077620000,113.15,118.95,112.85,114.55,2300,,29200,weekly,2019-5-2T21:00:00.000,options,put
4,1556077680000,115.2,115.2,103.65,103.65,2560,,29200,weekly,2019-5-2T21:00:00.000,options,put
5,1556077740000,104.2,106.15,99.55,99.55,1160,,29200,weekly,2019-5-2T21:00:00.000,options,put
6,1556077800000,99.55,102.45,98.6,102.45,640,,29200,weekly,2019-5-2T21:00:00.000,options,put
7,1556077860000,102.45,106.05,101.55,106.05,680,,29200,weekly,2019-5-2T21:00:00.000,options,put
8,1556077920000,106.05,106.05,101.85,101.95,400,,29200,weekly,2019-5-2T21:00:00.000,options,put
9,1556077980000,101.55,105.4,100.25,103.0,1900,,29200,weekly,2019-5-2T21:00:00.000,options,put
10,1556078040000,103.0,103.0,100.95,103.0,560,,29200,weekly,2019-5-2T21:00:00.000,options,put
11,1556078100000,105.0,112.4,103.0,112.4,780,,29200,weekly,2019-5-2T21:00:00.000,options,put
12,1556078160000,111.1,120.55,111.1,119.8,5860,,29200,weekly,2019-5-2T21:00:00.000,options,put
13,1556078220000,119.8,122.5,117.5,121.85,4860,,29200,weekly,2019-5-2T21:00:00.000,options,put
14,1556078280000,121.05,124.15,118.0,118.0,1320,,29200,weekly,2019-5-2T21:00:00.000,options,put
15,1556078340000,118.0,123.55,117.6,118.65,900,,29200,weekly,2019-5-2T21:00:00.000,options,put
16,1556078400000,118.65,124.0,118.65,124.0,560,,29200,weekly,2019-5-2T21:00:00.000,options,put
17,1556078460000,124.0,130.6,124.0,129.1,1020,,29200,weekly,2019-5-2T21:00:00.000,options,put
18,1556078520000,129.1,129.65,121.9,121.9,1260,,29200,weekly,2019-5-2T21:00:00.000,options,put
19,1556078580000,121.9,122.8,120.6,121.55,1120,,29200,weekly,2019-5-2T21:00:00.000,options,put
20,1556078640000,121.55,121.55,111.0,112.0,8860,,29200,weekly,2019-5-2T21:00:00.000,options,put
21,1556078700000,113.45,113.55,110.0,110.9,1260,,29200,weekly,2019-5-2T21:00:00.000,options,put
22,1556078760000,110.9,110.9,107.65,109.55,1820,,29200,weekly,2019-5-2T21:00:00.000,options,put
23,1556078820000,109.55,114.5,109.55,114.5,240,,29200,weekly,2019-5-2T21:00:00.000,options,put
24,1556078880000,114.5,117.85,113.35,116.6,980,,29200,weekly,2019-5-2T21:00:00.000,options,put
25,1556078940000,116.6,119.0,115.05,117.55,8580,,29200,weekly,2019-5-2T21:00:00.000,options,put
26,1556079000000,117.55,117.55,117.05,117.4,140,,29200,weekly,2019-5-2T21:00:00.000,options,put
27,1556079060000,117.4,118.4,116.7,118.4,880,,29200,weekly,2019-5-2T21:00:00.000,options,put
28,1556079120000,118.4,121.65,118.2,119.7,780,,29200,weekly,2019-5-2T21:00:00.000,options,put
29,1556079180000,119.7,119.7,117.35,117.35,600,,29200,weekly,2019-5-2T21:00:00.000,options,put
30,1556079240000,117.35,117.35,115.95,116.1,1440,,29200,weekly,2019-5-2T21:00:00.000,options,put
31,1556079300000,116.1,116.1,113.7,114.55,780,,29200,weekly,2019-5-2T21:00:00.000,options,put
32,1556079360000,114.55,119.0,114.2,119.0,360,,29200,weekly,2019-5-2T21:00:00.000,options,put
33,1556079420000,119.0,119.0,117.0,117.45,60,,29200,weekly,2019-5-2T21:00:00.000,options,put
34,1556079540000,117.45,118.95,116.8,118.5,460,,29200,weekly,2019-5-2T21:00:00.000,options,put
35,1556079600000,118.5,118.5,115.65,116.0,1680,,29200,weekly,2019-5-2T21:00:00.000,options,put
36,1556079660000,116.0,116.0,113.9,114.75,2120,,29200,weekly,2019-5-2T21:00:00.000,options,put
37,1556079720000,114.75,116.05,114.65,114.85,340,,29200,weekly,2019-5-2T21:00:00.000,options,put
38,1556079780000,114.85,116.85,114.85,116.45,180,,29200,weekly,2019-5-2T21:00:00.000,options,put
39,1556079840000,116.45,118.0,116.45,118.0,1040,,29200,weekly,2019-5-2T21:00:00.000,options,put
40,1556079900000,118.0,118.85,117.6,117.6,260,,29200,weekly,2019-5-2T21:00:00.000,options,put
41,1556079960000,116.25,122.45,116.25,119.0,2560,,29200,weekly,2019-5-2T21:00:00.000,options,put
42,1556080020000,119.0,119.0,116.0,116.0,260,,29200,weekly,2019-5-2T21:00:00.000,options,put
43,1556080080000,116.0,116.5,115.0,115.0,3680,,29200,weekly,2019-5-2T21:00:00.000,options,put
44,1556080140000,115.0,116.9,115.0,116.9,200,,29200,weekly,2019-5-2T21:00:00.000,options,put
45,1556080200000,118.0,118.45,117.7,117.7,140,,29200,weekly,2019-5-2T21:00:00.000,options,put
46,1556080260000,119.2,120.0,116.55,117.15,400,,29200,weekly,2019-5-2T21:00:00.000,options,put
47,1556080320000,117.15,121.45,116.65,121.45,160,,29200,weekly,2019-5-2T21:00:00.000,options,put
48,1556080380000,121.45,126.15,121.45,124.5,1100,,29200,weekly,2019-5-2T21:00:00.000,options,put
49,1556080440000,124.5,124.5,123.25,123.25,1520,,29200,weekly,2019-5-2T21:00:00.000,options,put
50,1556080500000,123.25,128.0,123.25,125.45,480,,29200,weekly,2019-5-2T21:00:00.000,options,put
51,1556080560000,125.45,125.45,122.0,122.5,280,,29200,weekly,2019-5-2T21:00:00.000,options,put
52,1556080620000,122.5,122.5,120.85,122.15,220,,29200,weekly,2019-5-2T21:00:00.000,options,put
53,1556080680000,122.15,124.15,121.0,124.15,460,,29200,weekly,2019-5-2T21:00:00.000,options,put
54,1556080740000,124.15,124.15,121.2,121.2,5560,,29200,weekly,2019-5-2T21:00:00.000,options,put
55,1556080800000,120.25,121.1,115.7,115.7,4780,,29200,weekly,2019-5-2T21:00:00.000,options,put
56,1556080860000,116.35,118.25,115.05,116.0,2040,,29200,weekly,2019-5-2T21:00:00.000,options,put
57,1556080920000,116.0,116.5,115.7,116.25,1060,,29200,weekly,2019-5-2T21:00:00.000,options,put
58,1556080980000,116.25,117.35,116.25,117.35,60,,29200,weekly,2019-5-2T21:00:00.000,options,put
59,1556081040000,117.35,117.35,116.1,116.9,1200,,29200,weekly,2019-5-2T21:00:00.000,options,put
60,1556081100000,116.9,116.9,109.3,109.3,1340,,29200,weekly,2019-5-2T21:00:00.000,options,put
61,1556081160000,109.3,111.0,109.3,111.0,60,,29200,weekly,2019-5-2T21:00:00.000,options,put
62,1556081220000,111.0,111.0,109.05,110.15,400,,29200,weekly,2019-5-2T21:00:00.000,options,put
63,1556081280000,110.15,110.15,106.0,106.0,480,,29200,weekly,2019-5-2T21:00:00.000,options,put
64,1556081340000,106.0,107.45,105.85,106.95,500,,29200,weekly,2019-5-2T21:00:00.000,options,put
65,1556081400000,106.95,107.85,106.85,107.85,580,,29200,weekly,2019-5-2T21:00:00.000,options,put
66,1556081460000,107.85,107.95,107.0,107.95,180,,29200,weekly,2019-5-2T21:00:00.000,options,put
67,1556081520000,107.95,108.9,107.95,108.4,220,,29200,weekly,2019-5-2T21:00:00.000,options,put
68,1556081580000,108.4,108.55,108.3,108.55,280,,29200,weekly,2019-5-2T21:00:00.000,options,put
69,1556081640000,108.55,110.0,108.35,110.0,340,,29200,weekly,2019-5-2T21:00:00.000,options,put
70,1556081700000,110.0,111.75,110.0,110.15,240,,29200,weekly,2019-5-2T21:00:00.000,options,put
71,1556081820000,110.15,111.1,109.0,109.0,660,,29200,weekly,2019-5-2T21:00:00.000,options,put
72,1556081880000,109.0,110.0,107.0,110.0,920,,29200,weekly,2019-5-2T21:00:00.000,options,put
73,1556081940000,109.65,109.65,108.0,108.0,4000,,29200,weekly,2019-5-2T21:00:00.000,options,put
74,1556082000000,108.0,108.0,103.4,104.7,2120,,29200,weekly,2019-5-2T21:00:00.000,options,put
75,1556082060000,104.7,107.5,104.6,107.5,2500,,29200,weekly,2019-5-2T21:00:00.000,options,put
76,1556082120000,107.5,108.55,106.3,108.5,1060,,29200,weekly,2019-5-2T21:00:00.000,options,put
77,1556082180000,108.5,108.75,107.6,108.6,700,,29200,weekly,2019-5-2T21:00:00.000,options,put
78,1556082240000,107.5,107.5,103.25,105.5,960,,29200,weekly,2019-5-2T21:00:00.000,options,put
79,1556082300000,105.5,105.5,104.3,105.45,260,,29200,weekly,2019-5-2T21:00:00.000,options,put
80,1556082360000,106.25,106.25,101.0,102.25,4620,,29200,weekly,2019-5-2T21:00:00.000,options,put
81,1556082420000,102.25,104.95,102.25,104.95,460,,29200,weekly,2019-5-2T21:00:00.000,options,put
82,1556082480000,104.95,108.15,104.95,108.15,100,,29200,weekly,2019-5-2T21:00:00.000,options,put
83,1556082540000,108.15,108.15,106.95,107.35,400,,29200,weekly,2019-5-2T21:00:00.000,options,put
84,1556082600000,106.15,107.35,106.15,106.15,20,,29200,weekly,2019-5-2T21:00:00.000,options,put
85,1556082660000,106.15,106.15,105.75,105.75,40,,29200,weekly,2019-5-2T21:00:00.000,options,put
86,1556082720000,105.75,106.45,104.65,106.45,2680,,29200,weekly,2019-5-2T21:00:00.000,options,put
87,1556082780000,106.45,108.75,106.45,108.75,560,,29200,weekly,2019-5-2T21:00:00.000,options,put
88,1556082840000,108.75,108.75,108.2,108.35,200,,29200,weekly,2019-5-2T21:00:00.000,options,put
89,1556082900000,108.35,110.0,108.35,110.0,300,,29200,weekly,2019-5-2T21:00:00.000,options,put
90,1556082960000,110.0,111.4,110.0,111.4,140,,29200,weekly,2019-5-2T21:00:00.000,options,put
91,1556083020000,111.4,111.4,110.0,111.0,500,,29200,weekly,2019-5-2T21:00:00.000,options,put
92,1556083080000,111.0,111.0,109.0,110.6,240,,29200,weekly,2019-5-2T21:00:00.000,options,put
93,1556083140000,110.6,114.85,110.6,114.05,460,,29200,weekly,2019-5-2T21:00:00.000,options,put
94,1556083200000,114.05,114.8,112.55,113.0,1240,,29200,weekly,2019-5-2T21:00:00.000,options,put
95,1556083260000,113.0,114.0,113.0,113.0,320,,29200,weekly,2019-5-2T21:00:00.000,options,put
96,1556083320000,113.0,116.35,113.0,115.2,5360,,29200,weekly,2019-5-2T21:00:00.000,options,put
97,1556083380000,116.0,122.7,115.2,122.7,2780,,29200,weekly,2019-5-2T21:00:00.000,options,put
98,1556083440000,122.7,123.0,120.7,121.65,1780,,29200,weekly,2019-5-2T21:00:00.000,options,put
99,1556083500000,121.65,125.2,121.65,123.95,1980,,29200,weekly,2019-5-2T21:00:00.000,options,put
100,1556083560000,123.95,123.95,120.9,120.9,500,,29200,weekly,2019-5-2T21:00:00.000,options,put
101,1556083620000,119.65,124.0,119.65,124.0,1080,,29200,weekly,2019-5-2T21:00:00.000,options,put
102,1556083680000,124.0,130.0,123.6,127.0,1020,,29200,weekly,2019-5-2T21:00:00.000,options,put
103,1556083740000,127.0,127.7,123.3,123.3,740,,29200,weekly,2019-5-2T21:00:00.000,options,put
104,1556083800000,123.3,123.3,121.55,121.75,420,,29200,weekly,2019-5-2T21:00:00.000,options,put
105,1556083920000,121.75,122.4,121.0,121.0,7840,,29200,weekly,2019-5-2T21:00:00.000,options,put
106,1556083980000,121.0,121.25,117.45,118.05,620,,29200,weekly,2019-5-2T21:00:00.000,options,put
107,1556084040000,118.05,118.05,117.0,117.5,180,,29200,weekly,2019-5-2T21:00:00.000,options,put
108,1556084100000,117.5,118.85,117.15,118.85,540,,29200,weekly,2019-5-2T21:00:00.000,options,put
109,1556084160000,119.5,119.5,119.5,119.5,40,,29200,weekly,2019-5-2T21:00:00.000,options,put
110,1556084220000,119.6,123.25,119.5,122.75,400,,29200,weekly,2019-5-2T21:00:00.000,options,put
111,1556084280000,122.75,125.3,122.75,125.3,140,,29200,weekly,2019-5-2T21:00:00.000,options,put
112,1556084340000,125.3,125.5,122.6,124.55,340,,29200,weekly,2019-5-2T21:00:00.000,options,put
113,1556084400000,124.55,125.6,121.2,122.15,420,,29200,weekly,2019-5-2T21:00:00.000,options,put
114,1556084460000,122.15,122.15,121.25,121.8,360,,29200,weekly,2019-5-2T21:00:00.000,options,put
115,1556084520000,121.8,121.8,120.0,120.15,160,,29200,weekly,2019-5-2T21:00:00.000,options,put
116,1556084580000,120.15,120.15,116.4,116.65,560,,29200,weekly,2019-5-2T21:00:00.000,options,put
117,1556084640000,116.65,116.65,110.8,111.75,1040,,29200,weekly,2019-5-2T21:00:00.000,options,put
118,1556084700000,111.75,112.25,110.05,112.25,360,,29200,weekly,2019-5-2T21:00:00.000,options,put
119,1556084760000,112.25,112.25,111.9,112.05,120,,29200,weekly,2019-5-2T21:00:00.000,options,put
120,1556084820000,112.05,113.45,111.45,112.6,240,,29200,weekly,2019-5-2T21:00:00.000,options,put
121,1556084880000,112.6,112.6,112.55,112.55,20,,29200,weekly,2019-5-2T21:00:00.000,options,put
122,1556084940000,112.55,116.0,112.55,116.0,3620,,29200,weekly,2019-5-2T21:00:00.000,options,put
123,1556085000000,116.0,116.0,115.5,115.5,220,,29200,weekly,2019-5-2T21:00:00.000,options,put
124,1556085060000,115.5,115.95,115.5,115.95,260,,29200,weekly,2019-5-2T21:00:00.000,options,put
125,1556085120000,115.95,116.4,113.65,113.75,660,,29200,weekly,2019-5-2T21:00:00.000,options,put
126,1556085180000,113.75,114.95,112.9,114.95,300,,29200,weekly,2019-5-2T21:00:00.000,options,put
127,1556085240000,114.95,114.95,112.45,112.5,80,,29200,weekly,2019-5-2T21:00:00.000,options,put
128,1556085300000,112.5,114.2,112.0,114.2,360,,29200,weekly,2019-5-2T21:00:00.000,options,put
129,1556085360000,114.2,114.2,114.0,114.2,160,,29200,weekly,2019-5-2T21:00:00.000,options,put
130,1556085420000,114.2,114.7,111.0,111.45,300,,29200,weekly,2019-5-2T21:00:00.000,options,put
131,1556085480000,111.45,111.45,110.55,110.6,220,,29200,weekly,2019-5-2T21:00:00.000,options,put
132,1556085540000,111.65,111.85,110.6,111.85,140,,29200,weekly,2019-5-2T21:00:00.000,options,put
133,1556085600000,111.85,111.9,110.6,111.9,380,,29200,weekly,2019-5-2T21:00:00.000,options,put
134,1556085660000,111.9,113.3,111.6,113.3,220,,29200,weekly,2019-5-2T21:00:00.000,options,put
135,1556085780000,113.3,113.3,105.05,106.0,860,,29200,weekly,2019-5-2T21:00:00.000,options,put
136,1556085840000,106.0,106.0,101.85,102.0,460,,29200,weekly,2019-5-2T21:00:00.000,options,put
137,1556085900000,102.0,104.0,101.0,104.0,620,,29200,weekly,2019-5-2T21:00:00.000,options,put
138,1556085960000,104.0,107.9,104.0,107.2,300,,29200,weekly,2019-5-2T21:00:00.000,options,put
139,1556086020000,107.2,109.0,106.2,106.2,460,,29200,weekly,2019-5-2T21:00:00.000,options,put
140,1556086080000,106.2,107.75,106.2,107.75,40,,29200,weekly,2019-5-2T21:00:00.000,options,put
141,1556086140000,107.75,108.25,107.2,107.55,580,,29200,weekly,2019-5-2T21:00:00.000,options,put
142,1556086200000,107.55,108.1,106.2,108.1,140,,29200,weekly,2019-5-2T21:00:00.000,options,put
143,1556086260000,108.1,108.1,107.35,107.35,20,,29200,weekly,2019-5-2T21:00:00.000,options,put
144,1556086320000,107.35,110.1,107.35,109.7,440,,29200,weekly,2019-5-2T21:00:00.000,options,put
145,1556086380000,109.7,113.6,109.7,113.25,180,,29200,weekly,2019-5-2T21:00:00.000,options,put
146,1556086440000,113.25,114.7,111.45,111.45,520,,29200,weekly,2019-5-2T21:00:00.000,options,put
147,1556086500000,111.45,111.55,109.8,110.4,300,,29200,weekly,2019-5-2T21:00:00.000,options,put
148,1556086560000,110.4,110.6,110.4,110.6,40,,29200,weekly,2019-5-2T21:00:00.000,options,put
149,1556086620000,110.6,111.95,110.3,111.0,300,,29200,weekly,2019-5-2T21:00:00.000,options,put
150,1556086680000,111.0,111.0,106.6,106.6,40,,29200,weekly,2019-5-2T21:00:00.000,options,put
151,1556086740000,106.6,107.05,104.05,107.05,1160,,29200,weekly,2019-5-2T21:00:00.000,options,put
152,1556086800000,107.05,107.4,107.05,107.4,40,,29200,weekly,2019-5-2T21:00:00.000,options,put
153,1556086860000,107.4,107.4,105.05,105.65,120,,29200,weekly,2019-5-2T21:00:00.000,options,put
154,1556086920000,105.65,107.95,105.65,107.95,20,,29200,weekly,2019-5-2T21:00:00.000,options,put
155,1556086980000,107.95,109.0,107.95,109.0,180,,29200,weekly,2019-5-2T21:00:00.000,options,put
156,1556087040000,109.0,113.0,109.0,113.0,220,,29200,weekly,2019-5-2T21:00:00.000,options,put
157,1556087100000,111.0,113.0,108.9,109.0,660,,29200,weekly,2019-5-2T21:00:00.000,options,put
158,1556087160000,109.0,110.4,109.0,109.85,1980,,29200,weekly,2019-5-2T21:00:00.000,options,put
159,1556087220000,109.85,111.15,109.65,110.55,720,,29200,weekly,2019-5-2T21:00:00.000,options,put
160,1556087280000,110.55,111.0,110.55,111.0,120,,29200,weekly,2019-5-2T21:00:00.000,options,put
161,1556087340000,111.0,112.0,110.75,112.0,280,,29200,weekly,2019-5-2T21:00:00.000,options,put
162,1556087400000,112.0,114.55,112.0,114.55,220,,29200,weekly,2019-5-2T21:00:00.000,options,put
163,1556087460000,114.55,114.55,110.05,110.05,220,,29200,weekly,2019-5-2T21:00:00.000,options,put
164,1556087520000,110.05,110.05,108.85,109.4,200,,29200,weekly,2019-5-2T21:00:00.000,options,put
165,1556087640000,109.4,109.95,109.4,109.9,460,,29200,weekly,2019-5-2T21:00:00.000,options,put
166,1556087700000,109.95,110.35,109.95,110.35,60,,29200,weekly,2019-5-2T21:00:00.000,options,put
167,1556087760000,110.35,110.35,108.0,108.0,340,,29200,weekly,2019-5-2T21:00:00.000,options,put
168,1556087820000,108.0,109.1,107.1,108.9,460,,29200,weekly,2019-5-2T21:00:00.000,options,put
169,1556087880000,108.9,112.05,108.9,112.05,120,,29200,weekly,2019-5-2T21:00:00.000,options,put
170,1556087940000,112.05,113.75,112.05,113.05,60,,29200,weekly,2019-5-2T21:00:00.000,options,put
171,1556088000000,113.05,113.05,113.05,113.05,220,,29200,weekly,2019-5-2T21:00:00.000,options,put
172,1556088060000,112.2,115.0,112.2,115.0,660,,29200,weekly,2019-5-2T21:00:00.000,options,put
173,1556088120000,115.0,115.75,114.6,114.85,260,,29200,weekly,2019-5-2T21:00:00.000,options,put
174,1556088180000,114.85,114.85,113.2,113.2,40,,29200,weekly,2019-5-2T21:00:00.000,options,put
175,1556088240000,113.2,115.0,112.8,115.0,360,,29200,weekly,2019-5-2T21:00:00.000,options,put
176,1556088300000,115.0,115.5,114.05,114.05,380,,29200,weekly,2019-5-2T21:00:00.000,options,put
177,1556088360000,114.05,115.05,114.05,114.9,240,,29200,weekly,2019-5-2T21:00:00.000,options,put
178,1556088420000,115.2,118.2,115.2,116.0,1460,,29200,weekly,2019-5-2T21:00:00.000,options,put
179,1556088480000,116.0,116.0,115.2,116.0,2240,,29200,weekly,2019-5-2T21:00:00.000,options,put
180,1556088540000,116.0,116.0,113.85,115.0,3180,,29200,weekly,2019-5-2T21:00:00.000,options,put
181,1556088600000,115.0,115.0,112.35,112.35,320,,29200,weekly,2019-5-2T21:00:00.000,options,put
182,1556088660000,112.35,113.0,111.8,111.95,560,,29200,weekly,2019-5-2T21:00:00.000,options,put
183,1556088720000,111.95,112.95,111.95,112.2,200,,29200,weekly,2019-5-2T21:00:00.000,options,put
184,1556088780000,112.2,112.2,111.75,112.2,1840,,29200,weekly,2019-5-2T21:00:00.000,options,put
185,1556088840000,112.2,112.2,111.05,111.05,20,,29200,weekly,2019-5-2T21:00:00.000,options,put
186,1556088900000,111.05,114.6,111.05,114.2,1320,,29200,weekly,2019-5-2T21:00:00.000,options,put
187,1556088960000,114.2,115.0,114.15,115.0,420,,29200,weekly,2019-5-2T21:00:00.000,options,put
188,1556089020000,115.0,115.0,113.55,113.8,80,,29200,weekly,2019-5-2T21:00:00.000,options,put
189,1556089080000,113.8,117.0,113.8,117.0,440,,29200,weekly,2019-5-2T21:00:00.000,options,put
190,1556089140000,117.0,117.15,115.3,115.45,200,,29200,weekly,2019-5-2T21:00:00.000,options,put
191,1556089200000,115.45,119.95,114.25,119.6,820,,29200,weekly,2019-5-2T21:00:00.000,options,put
192,1556089260000,119.6,119.6,117.75,118.0,60,,29200,weekly,2019-5-2T21:00:00.000,options,put
193,1556089320000,118.0,118.0,115.5,115.65,360,,29200,weekly,2019-5-2T21:00:00.000,options,put
194,1556089380000,115.65,116.5,115.45,115.8,400,,29200,weekly,2019-5-2T21:00:00.000,options,put
195,1556089440000,115.8,115.8,110.7,112.05,5640,,29200,weekly,2019-5-2T21:00:00.000,options,put
196,1556089500000,112.05,112.05,108.6,109.45,300,,29200,weekly,2019-5-2T21:00:00.000,options,put
197,1556089560000,108.0,108.75,107.65,108.4,780,,29200,weekly,2019-5-2T21:00:00.000,options,put
198,1556089620000,108.4,109.95,108.4,109.65,120,,29200,weekly,2019-5-2T21:00:00.000,options,put
199,1556089680000,109.65,109.65,106.45,108.0,160,,29200,weekly,2019-5-2T21:00:00.000,options,put
200,1556089740000,108.0,109.35,107.4,108.45,440,,29200,weekly,2019-5-2T21:00:00.000,options,put
201,1556089800000,108.45,109.1,107.0,109.1,340,,29200,weekly,2019-5-2T21:00:00.000,options,put
202,1556089860000,109.1,109.1,104.0,105.05,760,,29200,weekly,2019-5-2T21:00:00.000,options,put
203,1556089920000,105.05,106.0,103.8,104.6,760,,29200,weekly,2019-5-2T21:00:00.000,options,put
204,1556089980000,104.6,106.0,104.6,106.0,280,,29200,weekly,2019-5-2T21:00:00.000,options,put
205,1556090040000,106.0,107.45,106.0,107.45,80,,29200,weekly,2019-5-2T21:00:00.000,options,put
206,1556090100000,107.45,109.75,107.15,109.75,580,,29200,weekly,2019-5-2T21:00:00.000,options,put
207,1556090160000,109.75,112.25,109.4,112.25,620,,29200,weekly,2019-5-2T21:00:00.000,options,put
208,1556090220000,112.25,112.25,109.35,109.35,180,,29200,weekly,2019-5-2T21:00:00.000,options,put
209,1556090280000,109.35,109.35,108.55,109.35,600,,29200,weekly,2019-5-2T21:00:00.000,options,put
210,1556090340000,109.35,109.35,109.35,109.35,20,,29200,weekly,2019-5-2T21:00:00.000,options,put
211,1556090400000,109.35,113.65,109.35,113.65,260,,29200,weekly,2019-5-2T21:00:00.000,options,put
212,1556090460000,113.65,117.0,113.15,113.85,240,,29200,weekly,2019-5-2T21:00:00.000,options,put
213,1556090520000,113.85,113.95,113.85,113.95,40,,29200,weekly,2019-5-2T21:00:00.000,options,put
214,1556090580000,113.95,113.95,111.15,111.2,60,,29200,weekly,2019-5-2T21:00:00.000,options,put
215,1556090640000,111.2,112.9,111.15,112.9,300,,29200,weekly,2019-5-2T21:00:00.000,options,put
216,1556090760000,112.9,112.9,109.55,109.8,220,,29200,weekly,2019-5-2T21:00:00.000,options,put
217,1556090820000,109.8,110.2,109.8,110.2,20,,29200,weekly,2019-5-2T21:00:00.000,options,put
218,1556090940000,110.2,110.2,104.05,104.05,1760,,29200,weekly,2019-5-2T21:00:00.000,options,put
219,1556091000000,104.05,107.15,104.05,106.25,580,,29200,weekly,2019-5-2T21:00:00.000,options,put
220,1556091060000,106.25,106.65,104.8,106.55,200,,29200,weekly,2019-5-2T21:00:00.000,options,put
221,1556091120000,106.55,109.7,106.55,109.7,80,,29200,weekly,2019-5-2T21:00:00.000,options,put
222,1556091180000,109.7,109.7,106.45,107.7,240,,29200,weekly,2019-5-2T21:00:00.000,options,put
223,1556091240000,107.7,113.7,107.7,113.7,1860,,29200,weekly,2019-5-2T21:00:00.000,options,put
224,1556091300000,113.7,113.7,111.3,111.3,80,,29200,weekly,2019-5-2T21:00:00.000,options,put
225,1556091360000,110.7,112.1,110.5,110.5,340,,29200,weekly,2019-5-2T21:00:00.000,options,put
226,1556091420000,110.5,111.0,110.5,111.0,240,,29200,weekly,2019-5-2T21:00:00.000,options,put
227,1556091480000,109.8,109.8,109.0,109.55,160,,29200,weekly,2019-5-2T21:00:00.000,options,put
228,1556091540000,109.55,115.0,109.55,113.55,640,,29200,weekly,2019-5-2T21:00:00.000,options,put
229,1556091660000,113.55,113.55,109.8,111.4,280,,29200,weekly,2019-5-2T21:00:00.000,options,put
230,1556091780000,111.4,112.45,111.4,112.45,20,,29200,weekly,2019-5-2T21:00:00.000,options,put
231,1556091840000,112.45,120.4,110.0,120.4,940,,29200,weekly,2019-5-2T21:00:00.000,options,put
232,1556091900000,119.8,141.6,119.8,139.25,3600,,29200,weekly,2019-5-2T21:00:00.000,options,put
233,1556091960000,141.05,143.65,136.05,138.7,5280,,29200,weekly,2019-5-2T21:00:00.000,options,put
234,1556092020000,136.2,143.35,135.0,139.6,2480,,29200,weekly,2019-5-2T21:00:00.000,options,put
235,1556092080000,139.6,141.75,138.4,138.4,640,,29200,weekly,2019-5-2T21:00:00.000,options,put
236,1556092140000,138.4,139.4,135.0,137.05,980,,29200,weekly,2019-5-2T21:00:00.000,options,put
237,1556092200000,137.05,140.5,134.25,134.25,1420,,29200,weekly,2019-5-2T21:00:00.000,options,put
238,1556092260000,134.7,135.0,124.05,124.05,1060,,29200,weekly,2019-5-2T21:00:00.000,options,put
239,1556092320000,125.05,129.05,124.05,128.7,1060,,29200,weekly,2019-5-2T21:00:00.000,options,put
240,1556092380000,128.7,131.1,128.7,131.1,240,,29200,weekly,2019-5-2T21:00:00.000,options,put
241,1556092440000,131.1,131.9,128.55,129.1,320,,29200,weekly,2019-5-2T21:00:00.000,options,put
242,1556092500000,129.1,129.1,124.7,125.4,140,,29200,weekly,2019-5-2T21:00:00.000,options,put
243,1556092560000,126.15,131.35,126.05,131.35,1340,,29200,weekly,2019-5-2T21:00:00.000,options,put
244,1556092620000,131.35,133.5,129.3,131.15,580,,29200,weekly,2019-5-2T21:00:00.000,options,put
245,1556092680000,131.15,132.35,129.25,130.8,600,,29200,weekly,2019-5-2T21:00:00.000,options,put
246,1556092740000,130.8,131.0,128.05,131.0,780,,29200,weekly,2019-5-2T21:00:00.000,options,put
247,1556092800000,132.6,142.4,130.95,142.4,720,,29200,weekly,2019-5-2T21:00:00.000,options,put
248,1556092860000,142.4,143.35,137.4,138.25,1180,,29200,weekly,2019-5-2T21:00:00.000,options,put
249,1556092920000,138.25,142.25,136.65,141.6,1800,,29200,weekly,2019-5-2T21:00:00.000,options,put
250,1556092980000,141.6,143.2,140.0,140.75,2360,,29200,weekly,2019-5-2T21:00:00.000,options,put
251,1556093040000,140.75,142.55,137.8,138.4,1060,,29200,weekly,2019-5-2T21:00:00.000,options,put
252,1556093100000,137.55,138.4,133.2,133.9,220,,29200,weekly,2019-5-2T21:00:00.000,options,put
253,1556093160000,133.9,136.15,133.9,135.8,320,,29200,weekly,2019-5-2T21:00:00.000,options,put
254,1556093220000,135.8,140.4,135.0,138.25,840,,29200,weekly,2019-5-2T21:00:00.000,options,put
255,1556093280000,138.25,138.3,135.3,135.85,2300,,29200,weekly,2019-5-2T21:00:00.000,options,put
256,1556093340000,135.85,143.6,135.85,142.65,2460,,29200,weekly,2019-5-2T21:00:00.000,options,put
257,1556093400000,142.65,144.1,140.0,140.0,340,,29200,weekly,2019-5-2T21:00:00.000,options,put
258,1556093460000,140.0,140.0,137.4,137.85,120,,29200,weekly,2019-5-2T21:00:00.000,options,put
259,1556093520000,137.85,138.0,132.1,134.0,1040,,29200,weekly,2019-5-2T21:00:00.000,options,put
260,1556093580000,133.7,140.05,133.7,139.65,3140,,29200,weekly,2019-5-2T21:00:00.000,options,put
261,1556093640000,139.65,140.55,137.6,137.6,420,,29200,weekly,2019-5-2T21:00:00.000,options,put
262,1556093700000,137.6,137.6,136.0,136.2,520,,29200,weekly,2019-5-2T21:00:00.000,options,put
263,1556093760000,137.4,137.7,136.2,137.7,40,,29200,weekly,2019-5-2T21:00:00.000,options,put
264,1556093820000,137.7,137.7,129.65,131.05,720,,29200,weekly,2019-5-2T21:00:00.000,options,put
265,1556093880000,131.05,131.4,130.8,130.8,240,,29200,weekly,2019-5-2T21:00:00.000,options,put
266,1556093940000,130.8,133.3,129.65,129.65,380,,29200,weekly,2019-5-2T21:00:00.000,options,put
267,1556094000000,129.65,133.15,128.35,128.35,360,,29200,weekly,2019-5-2T21:00:00.000,options,put
268,1556094060000,128.35,130.35,127.8,130.35,2760,,29200,weekly,2019-5-2T21:00:00.000,options,put
269,1556094120000,130.35,131.6,130.1,131.6,320,,29200,weekly,2019-5-2T21:00:00.000,options,put
270,1556094180000,131.6,131.6,119.55,119.6,3420,,29200,weekly,2019-5-2T21:00:00.000,options,put
271,1556094240000,119.9,119.9,103.0,103.0,10220,,29200,weekly,2019-5-2T21:00:00.000,options,put
272,1556094300000,97.65,98.75,87.35,92.3,8640,,29200,weekly,2019-5-2T21:00:00.000,options,put
273,1556094360000,92.3,93.35,86.55,92.5,3260,,29200,weekly,2019-5-2T21:00:00.000,options,put
274,1556094420000,92.5,92.5,84.45,84.45,5880,,29200,weekly,2019-5-2T21:00:00.000,options,put
275,1556094480000,84.45,86.85,78.7,85.65,5960,,29200,weekly,2019-5-2T21:00:00.000,options,put
276,1556094540000,85.65,87.65,83.35,86.75,2080,,29200,weekly,2019-5-2T21:00:00.000,options,put
277,1556094600000,86.1,86.1,76.5,76.8,3880,,29200,weekly,2019-5-2T21:00:00.000,options,put
278,1556094660000,76.8,79.2,75.0,77.3,9240,,29200,weekly,2019-5-2T21:00:00.000,options,put
279,1556094720000,75.75,82.2,75.7,82.2,3280,,29200,weekly,2019-5-2T21:00:00.000,options,put
280,1556094780000,82.95,84.8,81.6,81.6,3160,,29200,weekly,2019-5-2T21:00:00.000,options,put
281,1556094840000,81.6,90.95,81.6,90.95,1080,,29200,weekly,2019-5-2T21:00:00.000,options,put
282,1556094900000,91.05,95.6,88.9,94.15,3320,,29200,weekly,2019-5-2T21:00:00.000,options,put
283,1556094960000,94.15,94.7,91.45,92.85,2780,,29200,weekly,2019-5-2T21:00:00.000,options,put
284,1556095020000,90.95,92.4,89.6,91.0,2600,,29200,weekly,2019-5-2T21:00:00.000,options,put
285,1556095080000,91.0,91.0,87.75,89.75,5840,,29200,weekly,2019-5-2T21:00:00.000,options,put
286,1556095140000,89.8,89.8,87.05,88.0,5640,,29200,weekly,2019-5-2T21:00:00.000,options,put
287,1556095200000,88.0,88.0,79.5,80.85,1540,,29200,weekly,2019-5-2T21:00:00.000,options,put
288,1556095260000,80.85,84.05,78.4,79.05,2420,,29200,weekly,2019-5-2T21:00:00.000,options,put
289,1556095320000,79.05,79.05,74.95,76.2,1620,,29200,weekly,2019-5-2T21:00:00.000,options,put
290,1556095380000,73.85,76.2,70.0,72.7,7700,,29200,weekly,2019-5-2T21:00:00.000,options,put
291,1556095440000,72.25,75.4,70.65,73.7,3280,,29200,weekly,2019-5-2T21:00:00.000,options,put
292,1556095500000,73.7,76.2,73.25,74.35,1800,,29200,weekly,2019-5-2T21:00:00.000,options,put
293,1556095560000,74.35,77.9,72.85,76.15,5060,,29200,weekly,2019-5-2T21:00:00.000,options,put
294,1556095620000,76.15,79.65,76.15,79.6,1020,,29200,weekly,2019-5-2T21:00:00.000,options,put
295,1556095680000,79.6,79.6,77.4,77.8,660,,29200,weekly,2019-5-2T21:00:00.000,options,put
296,1556095740000,77.75,80.0,77.0,79.55,860,,29200,weekly,2019-5-2T21:00:00.000,options,put
297,1556095800000,78.65,78.65,76.9,76.9,540,,29200,weekly,2019-5-2T21:00:00.000,options,put
298,1556095860000,76.9,76.9,72.5,75.3,960,,29200,weekly,2019-5-2T21:00:00.000,options,put
299,1556095920000,75.4,76.0,73.5,76.0,900,,29200,weekly,2019-5-2T21:00:00.000,options,put
300,1556095980000,76.0,76.95,74.0,76.4,3740,,29200,weekly,2019-5-2T21:00:00.000,options,put
301,1556096040000,76.85,77.35,74.5,76.1,1740,,29200,weekly,2019-5-2T21:00:00.000,options,put
302,1556096100000,76.1,78.35,75.15,77.4,8200,,29200,weekly,2019-5-2T21:00:00.000,options,put
303,1556096160000,77.4,77.4,74.2,75.25,1820,,29200,weekly,2019-5-2T21:00:00.000,options,put
304,1556096220000,75.25,75.25,70.9,71.75,1580,,29200,weekly,2019-5-2T21:00:00.000,options,put
305,1556096280000,71.75,73.85,70.95,71.65,2120,,29200,weekly,2019-5-2T21:00:00.000,options,put
306,1556096340000,71.65,71.75,65.45,65.6,2940,,29200,weekly,2019-5-2T21:00:00.000,options,put
307,1556096400000,65.6,65.6,57.35,59.7,8040,,29200,weekly,2019-5-2T21:00:00.000,options,put
308,1556096460000,58.9,59.75,54.05,57.85,7640,,29200,weekly,2019-5-2T21:00:00.000,options,put
309,1556096520000,57.85,61.7,57.85,60.8,1920,,29200,weekly,2019-5-2T21:00:00.000,options,put
310,1556096580000,59.7,59.95,57.1,59.45,2380,,29200,weekly,2019-5-2T21:00:00.000,options,put
311,1556096640000,58.7,60.4,57.05,60.2,4060,,29200,weekly,2019-5-2T21:00:00.000,options,put
312,1556096700000,60.2,60.2,55.75,56.1,4020,,29200,weekly,2019-5-2T21:00:00.000,options,put
313,1556096760000,56.1,58.45,56.1,58.3,1440,,29200,weekly,2019-5-2T21:00:00.000,options,put
314,1556096820000,58.3,63.55,58.3,63.55,2520,,29200,weekly,2019-5-2T21:00:00.000,options,put
315,1556096880000,63.55,63.75,61.05,62.6,2580,,29200,weekly,2019-5-2T21:00:00.000,options,put
316,1556096940000,63.75,63.75,60.0,61.55,1380,,29200,weekly,2019-5-2T21:00:00.000,options,put
317,1556097000000,61.55,61.95,60.0,61.3,1420,,29200,weekly,2019-5-2T21:00:00.000,options,put
318,1556097060000,61.3,61.3,54.0,57.1,2440,,29200,weekly,2019-5-2T21:00:00.000,options,put
319,1556097120000,57.3,58.45,55.65,56.5,5440,,29200,weekly,2019-5-2T21:00:00.000,options,put
320,1556097180000,56.5,58.1,55.55,58.1,3100,,29200,weekly,2019-5-2T21:00:00.000,options,put
321,1556097240000,57.95,58.25,55.35,58.25,900,,29200,weekly,2019-5-2T21:00:00.000,options,put
322,1556097300000,57.75,59.4,55.95,55.95,2020,,29200,weekly,2019-5-2T21:00:00.000,options,put
323,1556097360000,55.95,58.0,54.7,58.0,3680,,29200,weekly,2019-5-2T21:00:00.000,options,put
324,1556097420000,58.0,59.0,57.05,58.3,760,,29200,weekly,2019-5-2T21:00:00.000,options,put
325,1556097480000,56.75,58.3,55.7,58.3,760,,29200,weekly,2019-5-2T21:00:00.000,options,put
326,1556097540000,58.3,59.5,57.95,59.2,4920,,29200,weekly,2019-5-2T21:00:00.000,options,put
327,1556097600000,59.2,60.35,58.85,59.35,4400,,29200,weekly,2019-5-2T21:00:00.000,options,put
328,1556097660000,58.85,59.35,56.35,58.4,1700,,29200,weekly,2019-5-2T21:00:00.000,options,put
329,1556097720000,58.4,58.9,57.0,58.9,1140,,29200,weekly,2019-5-2T21:00:00.000,options,put
330,1556097780000,58.05,58.05,56.7,57.6,660,,29200,weekly,2019-5-2T21:00:00.000,options,put
331,1556097840000,57.6,57.6,54.35,56.4,3720,,29200,weekly,2019-5-2T21:00:00.000,options,put
332,1556097900000,56.4,56.4,53.8,54.85,520,,29200,weekly,2019-5-2T21:00:00.000,options,put
333,1556097960000,54.85,56.1,54.55,56.1,1440,,29200,weekly,2019-5-2T21:00:00.000,options,put
334,1556098020000,54.75,56.45,54.75,56.4,300,,29200,weekly,2019-5-2T21:00:00.000,options,put
335,1556098080000,56.4,56.4,53.7,55.15,560,,29200,weekly,2019-5-2T21:00:00.000,options,put
336,1556098140000,55.25,55.25,49.5,50.8,4560,,29200,weekly,2019-5-2T21:00:00.000,options,put
337,1556098200000,50.85,50.85,45.5,48.0,3460,,29200,weekly,2019-5-2T21:00:00.000,options,put
338,1556098260000,48.0,48.25,46.3,46.95,6560,,29200,weekly,2019-5-2T21:00:00.000,options,put
339,1556098320000,46.35,47.05,41.75,42.45,5780,,29200,weekly,2019-5-2T21:00:00.000,options,put
340,1556098380000,42.1,44.5,40.55,40.55,1380,,29200,weekly,2019-5-2T21:00:00.000,options,put
341,1556098440000,40.5,40.55,37.7,37.85,4320,,29200,weekly,2019-5-2T21:00:00.000,options,put
342,1556098500000,36.8,41.55,35.8,41.55,2320,,29200,weekly,2019-5-2T21:00:00.000,options,put
343,1556098560000,41.75,45.2,41.35,44.0,3280,,29200,weekly,2019-5-2T21:00:00.000,options,put
344,1556098620000,44.0,45.0,43.5,44.8,1100,,29200,weekly,2019-5-2T21:00:00.000,options,put
345,1556098680000,44.8,45.6,44.1,44.1,480,,29200,weekly,2019-5-2T21:00:00.000,options,put
346,1556098740000,44.1,44.1,42.0,42.85,1180,,29200,weekly,2019-5-2T21:00:00.000,options,put
347,1556098800000,42.85,44.0,41.45,42.15,1520,,29200,weekly,2019-5-2T21:00:00.000,options,put
348,1556098860000,42.15,43.35,40.4,40.65,800,,29200,weekly,2019-5-2T21:00:00.000,options,put
349,1556098920000,40.65,41.7,39.0,41.7,3860,,29200,weekly,2019-5-2T21:00:00.000,options,put
350,1556098980000,41.7,45.0,41.7,45.0,2520,,29200,weekly,2019-5-2T21:00:00.000,options,put
351,1556099040000,45.0,46.8,44.9,46.15,2840,,29200,weekly,2019-5-2T21:00:00.000,options,put
352,1556099100000,46.6,47.0,44.0,44.7,1640,,29200,weekly,2019-5-2T21:00:00.000,options,put
353,1556099160000,44.9,46.1,43.95,45.25,1620,,29200,weekly,2019-5-2T21:00:00.000,options,put
354,1556099220000,45.25,45.25,43.15,43.35,2000,,29200,weekly,2019-5-2T21:00:00.000,options,put
355,1556099280000,43.35,44.65,43.25,43.4,1180,,29200,weekly,2019-5-2T21:00:00.000,options,put
356,1556099340000,43.4,44.1,42.75,42.75,340,,29200,weekly,2019-5-2T21:00:00.000,options,put
357,1556099400000,42.75,43.75,42.2,43.5,760,,29200,weekly,2019-5-2T21:00:00.000,options,put
358,1556099460000,43.5,43.55,42.1,42.7,1500,,29200,weekly,2019-5-2T21:00:00.000,options,put
359,1556099520000,42.7,42.7,41.7,42.4,320,,29200,weekly,2019-5-2T21:00:00.000,options,put
360,1556099580000,42.4,44.0,42.35,43.4,1400,,29200,weekly,2019-5-2T21:00:00.000,options,put
361,1556099640000,43.4,44.15,42.6,43.55,1520,,29200,weekly,2019-5-2T21:00:00.000,options,put
362,1556099700000,43.55,44.15,41.05,41.85,1000,,29200,weekly,2019-5-2T21:00:00.000,options,put
363,1556099760000,41.9,42.15,40.65,41.0,1040,,29200,weekly,2019-5-2T21:00:00.000,options,put
364,1556099820000,41.0,42.0,41.0,41.0,2080,,29200,weekly,2019-5-2T21:00:00.000,options,put
365,1556099880000,41.05,41.55,39.6,40.8,1000,,29200,weekly,2019-5-2T21:00:00.000,options,put
