,timestamp,open,high,low,close,volume,open_interest,strike,expiry_type,expiry,instrument,contract_type
0,1600679700000,232.1,232.1,151.2,176.65,1800,,21000,weekly,2020-10-1T21:00:00.000,options,put
1,1600679760000,176.65,185.8,173.15,177.15,650,,21000,weekly,2020-10-1T21:00:00.000,options,put
2,1600679820000,177.15,189.0,177.15,183.0,750,,21000,weekly,2020-10-1T21:00:00.000,options,put
3,1600679880000,182.0,184.85,177.2,182.95,1275,,21000,weekly,2020-10-1T21:00:00.000,options,put
4,1600679940000,182.9,187.15,180.0,186.9,975,,21000,weekly,2020-10-1T21:00:00.000,options,put
5,1600680000000,189.55,199.15,186.9,193.2,2625,,21000,weekly,2020-10-1T21:00:00.000,options,put
6,1600680060000,193.2,193.35,186.0,191.0,2600,,21000,weekly,2020-10-1T21:00:00.000,options,put
7,1600680120000,191.0,191.15,186.0,187.65,2850,,21000,weekly,2020-10-1T21:00:00.000,options,put
8,1600680180000,186.0,187.65,182.0,182.7,1050,,21000,weekly,2020-10-1T21:00:00.000,options,put
9,1600680240000,182.7,183.55,174.8,176.75,5700,,21000,weekly,2020-10-1T21:00:00.000,options,put
10,1600680300000,176.95,177.15,172.0,175.2,3075,,21000,weekly,2020-10-1T21:00:00.000,options,put
11,1600680360000,174.5,175.85,170.3,172.6,6575,,21000,weekly,2020-10-1T21:00:00.000,options,put
12,1600680420000,172.35,173.8,166.65,169.3,11625,,21000,weekly,2020-10-1T21:00:00.000,options,put
13,1600680480000,169.3,172.2,168.0,170.5,9475,,21000,weekly,2020-10-1T21:00:00.000,options,put
14,1600680540000,170.6,170.65,166.95,169.15,6825,,21000,weekly,2020-10-1T21:00:00.000,options,put
15,1600680600000,169.1,169.15,165.4,169.15,1150,,21000,weekly,2020-10-1T21:00:00.000,options,put
16,1600680660000,169.15,171.85,166.25,166.95,5975,,21000,weekly,2020-10-1T21:00:00.000,options,put
17,1600680720000,166.95,168.8,164.75,168.8,1175,,21000,weekly,2020-10-1T21:00:00.000,options,put
18,1600680780000,168.35,170.55,167.85,170.55,725,,21000,weekly,2020-10-1T21:00:00.000,options,put
19,1600680840000,170.55,171.25,169.25,171.15,625,,21000,weekly,2020-10-1T21:00:00.000,options,put
20,1600680900000,171.15,171.6,169.15,169.35,600,,21000,weekly,2020-10-1T21:00:00.000,options,put
21,1600680960000,169.35,169.85,168.4,169.4,400,,21000,weekly,2020-10-1T21:00:00.000,options,put
22,1600681020000,169.4,171.8,168.9,171.15,950,,21000,weekly,2020-10-1T21:00:00.000,options,put
23,1600681080000,171.15,174.4,165.35,169.65,23725,,21000,weekly,2020-10-1T21:00:00.000,options,put
24,1600681140000,168.8,171.6,168.35,171.0,16000,,21000,weekly,2020-10-1T21:00:00.000,options,put
25,1600681200000,170.65,185.85,170.3,178.45,16650,,21000,weekly,2020-10-1T21:00:00.000,options,put
26,1600681260000,178.45,181.7,176.7,176.95,10350,,21000,weekly,2020-10-1T21:00:00.000,options,put
27,1600681320000,177.0,182.85,175.25,182.6,10125,,21000,weekly,2020-10-1T21:00:00.000,options,put
28,1600681380000,182.6,186.85,180.65,181.55,11300,,21000,weekly,2020-10-1T21:00:00.000,options,put
29,1600681440000,180.4,184.25,179.65,182.1,6150,,21000,weekly,2020-10-1T21:00:00.000,options,put
30,1600681500000,182.65,186.9,182.1,184.0,1250,,21000,weekly,2020-10-1T21:00:00.000,options,put
31,1600681560000,184.0,184.0,179.5,180.85,1250,,21000,weekly,2020-10-1T21:00:00.000,options,put
32,1600681620000,182.2,188.15,181.6,187.8,1600,,21000,weekly,2020-10-1T21:00:00.000,options,put
33,1600681680000,187.8,197.5,185.75,193.5,2625,,21000,weekly,2020-10-1T21:00:00.000,options,put
34,1600681740000,194.05,194.2,192.05,193.5,1775,,21000,weekly,2020-10-1T21:00:00.000,options,put
35,1600681800000,193.5,193.7,187.65,187.9,675,,21000,weekly,2020-10-1T21:00:00.000,options,put
36,1600681860000,187.55,187.9,179.95,180.0,1600,,21000,weekly,2020-10-1T21:00:00.000,options,put
37,1600681920000,179.65,183.6,178.25,180.0,1600,,21000,weekly,2020-10-1T21:00:00.000,options,put
38,1600681980000,180.0,182.0,178.55,180.95,1825,,21000,weekly,2020-10-1T21:00:00.000,options,put
39,1600682040000,180.95,183.9,180.95,183.0,2000,,21000,weekly,2020-10-1T21:00:00.000,options,put
40,1600682100000,183.0,185.0,181.35,184.0,1600,,21000,weekly,2020-10-1T21:00:00.000,options,put
41,1600682160000,184.0,187.4,184.0,185.75,725,,21000,weekly,2020-10-1T21:00:00.000,options,put
42,1600682220000,185.75,189.1,184.15,188.8,1800,,21000,weekly,2020-10-1T21:00:00.000,options,put
43,1600682280000,187.9,188.45,185.3,185.55,1850,,21000,weekly,2020-10-1T21:00:00.000,options,put
44,1600682340000,186.25,190.0,185.25,188.45,3350,,21000,weekly,2020-10-1T21:00:00.000,options,put
45,1600682400000,188.45,192.8,188.45,190.1,1825,,21000,weekly,2020-10-1T21:00:00.000,options,put
46,1600682460000,189.7,190.1,184.55,187.45,2450,,21000,weekly,2020-10-1T21:00:00.000,options,put
47,1600682520000,187.4,187.6,178.5,178.6,4250,,21000,weekly,2020-10-1T21:00:00.000,options,put
48,1600682580000,178.7,182.4,177.75,177.95,2225,,21000,weekly,2020-10-1T21:00:00.000,options,put
49,1600682640000,178.8,181.45,176.1,176.1,2250,,21000,weekly,2020-10-1T21:00:00.000,options,put
50,1600682700000,175.9,180.7,175.25,176.35,3200,,21000,weekly,2020-10-1T21:00:00.000,options,put
51,1600682760000,177.3,179.0,175.4,179.0,2150,,21000,weekly,2020-10-1T21:00:00.000,options,put
52,1600682820000,179.0,180.05,175.65,178.95,1225,,21000,weekly,2020-10-1T21:00:00.000,options,put
53,1600682880000,178.95,179.9,178.45,179.65,300,,21000,weekly,2020-10-1T21:00:00.000,options,put
54,1600682940000,178.55,184.0,177.4,184.0,1925,,21000,weekly,2020-10-1T21:00:00.000,options,put
55,1600683000000,182.7,193.55,181.3,189.75,4050,,21000,weekly,2020-10-1T21:00:00.000,options,put
56,1600683060000,189.0,190.7,187.25,189.2,1200,,21000,weekly,2020-10-1T21:00:00.000,options,put
57,1600683120000,189.45,191.65,189.15,191.65,1250,,21000,weekly,2020-10-1T21:00:00.000,options,put
58,1600683180000,191.65,191.7,184.1,185.05,3575,,21000,weekly,2020-10-1T21:00:00.000,options,put
59,1600683240000,185.05,186.55,180.35,181.3,3750,,21000,weekly,2020-10-1T21:00:00.000,options,put
60,1600683300000,181.6,186.9,181.6,186.45,700,,21000,weekly,2020-10-1T21:00:00.000,options,put
61,1600683360000,186.55,189.3,181.55,181.6,1475,,21000,weekly,2020-10-1T21:00:00.000,options,put
62,1600683420000,181.25,181.6,176.35,178.5,3750,,21000,weekly,2020-10-1T21:00:00.000,options,put
63,1600683480000,179.05,182.5,178.5,181.6,1275,,21000,weekly,2020-10-1T21:00:00.000,options,put
64,1600683540000,181.6,181.7,176.85,181.05,2450,,21000,weekly,2020-10-1T21:00:00.000,options,put
65,1600683600000,180.85,181.1,176.0,178.05,2725,,21000,weekly,2020-10-1T21:00:00.000,options,put
66,1600683660000,177.55,178.05,158.25,163.25,6750,,21000,weekly,2020-10-1T21:00:00.000,options,put
67,1600683720000,163.25,163.25,159.0,162.6,9675,,21000,weekly,2020-10-1T21:00:00.000,options,put
68,1600683780000,163.55,163.55,150.55,155.05,5075,,21000,weekly,2020-10-1T21:00:00.000,options,put
69,1600683840000,155.05,160.4,155.0,156.95,1875,,21000,weekly,2020-10-1T21:00:00.000,options,put
70,1600683900000,157.35,157.35,137.85,147.75,5775,,21000,weekly,2020-10-1T21:00:00.000,options,put
71,1600683960000,147.75,149.8,146.05,147.75,1300,,21000,weekly,2020-10-1T21:00:00.000,options,put
72,1600684020000,147.75,152.0,147.35,151.55,1000,,21000,weekly,2020-10-1T21:00:00.000,options,put
73,1600684080000,151.55,154.05,150.0,152.65,950,,21000,weekly,2020-10-1T21:00:00.000,options,put
74,1600684140000,152.65,152.95,150.85,152.05,850,,21000,weekly,2020-10-1T21:00:00.000,options,put
75,1600684200000,152.05,156.15,149.3,156.15,1300,,21000,weekly,2020-10-1T21:00:00.000,options,put
76,1600684260000,155.95,158.6,155.45,157.0,1175,,21000,weekly,2020-10-1T21:00:00.000,options,put
77,1600684320000,157.0,157.0,153.2,153.75,875,,21000,weekly,2020-10-1T21:00:00.000,options,put
78,1600684380000,153.75,154.7,150.7,154.7,400,,21000,weekly,2020-10-1T21:00:00.000,options,put
79,1600684440000,155.0,155.0,150.05,150.05,1400,,21000,weekly,2020-10-1T21:00:00.000,options,put
80,1600684500000,150.05,153.0,150.05,151.85,675,,21000,weekly,2020-10-1T21:00:00.000,options,put
81,1600684560000,151.15,151.75,148.0,149.95,500,,21000,weekly,2020-10-1T21:00:00.000,options,put
82,1600684620000,149.95,154.3,149.95,153.7,2875,,21000,weekly,2020-10-1T21:00:00.000,options,put
83,1600684680000,153.65,155.2,153.0,154.25,2375,,21000,weekly,2020-10-1T21:00:00.000,options,put
84,1600684740000,154.25,155.85,153.35,155.35,400,,21000,weekly,2020-10-1T21:00:00.000,options,put
85,1600684800000,155.35,159.1,155.35,158.1,975,,21000,weekly,2020-10-1T21:00:00.000,options,put
86,1600684860000,159.0,159.1,155.3,156.0,700,,21000,weekly,2020-10-1T21:00:00.000,options,put
87,1600684920000,156.0,156.3,153.95,156.2,525,,21000,weekly,2020-10-1T21:00:00.000,options,put
88,1600684980000,156.2,159.25,156.2,157.75,250,,21000,weekly,2020-10-1T21:00:00.000,options,put
89,1600685040000,157.75,160.95,156.3,160.95,225,,21000,weekly,2020-10-1T21:00:00.000,options,put
90,1600685100000,160.95,160.95,155.8,158.85,700,,21000,weekly,2020-10-1T21:00:00.000,options,put
91,1600685160000,158.85,158.85,157.85,158.8,200,,21000,weekly,2020-10-1T21:00:00.000,options,put
92,1600685220000,159.2,160.25,158.8,159.2,225,,21000,weekly,2020-10-1T21:00:00.000,options,put
93,1600685280000,159.2,161.0,158.3,158.8,450,,21000,weekly,2020-10-1T21:00:00.000,options,put
94,1600685340000,158.8,159.65,157.2,157.45,400,,21000,weekly,2020-10-1T21:00:00.000,options,put
95,1600685400000,157.45,158.1,155.3,155.3,275,,21000,weekly,2020-10-1T21:00:00.000,options,put
96,1600685460000,155.0,158.4,152.65,158.4,1100,,21000,weekly,2020-10-1T21:00:00.000,options,put
97,1600685520000,158.85,160.65,158.0,160.0,725,,21000,weekly,2020-10-1T21:00:00.000,options,put
98,1600685580000,160.0,169.65,159.1,167.0,2225,,21000,weekly,2020-10-1T21:00:00.000,options,put
99,1600685640000,166.35,168.05,162.65,163.75,2000,,21000,weekly,2020-10-1T21:00:00.000,options,put
100,1600685700000,165.25,168.05,164.1,165.75,950,,21000,weekly,2020-10-1T21:00:00.000,options,put
101,1600685760000,165.75,167.3,165.15,166.25,600,,21000,weekly,2020-10-1T21:00:00.000,options,put
102,1600685820000,167.15,171.35,166.25,168.0,1375,,21000,weekly,2020-10-1T21:00:00.000,options,put
103,1600685880000,168.0,169.6,168.0,169.25,550,,21000,weekly,2020-10-1T21:00:00.000,options,put
104,1600685940000,169.2,172.85,168.05,172.85,2450,,21000,weekly,2020-10-1T21:00:00.000,options,put
105,1600686000000,173.65,174.8,168.25,170.7,1150,,21000,weekly,2020-10-1T21:00:00.000,options,put
106,1600686060000,170.7,173.45,170.7,172.9,625,,21000,weekly,2020-10-1T21:00:00.000,options,put
107,1600686120000,172.9,175.95,171.2,174.15,1300,,21000,weekly,2020-10-1T21:00:00.000,options,put
108,1600686180000,174.15,176.3,172.75,173.1,225,,21000,weekly,2020-10-1T21:00:00.000,options,put
109,1600686240000,173.1,181.75,173.1,177.8,1375,,21000,weekly,2020-10-1T21:00:00.000,options,put
110,1600686300000,177.2,177.2,173.85,175.0,500,,21000,weekly,2020-10-1T21:00:00.000,options,put
111,1600686360000,175.0,176.05,173.05,173.05,200,,21000,weekly,2020-10-1T21:00:00.000,options,put
112,1600686420000,172.55,174.2,172.35,174.2,250,,21000,weekly,2020-10-1T21:00:00.000,options,put
113,1600686480000,174.2,175.6,173.0,173.3,175,,21000,weekly,2020-10-1T21:00:00.000,options,put
114,1600686540000,173.3,173.3,165.6,170.7,1025,,21000,weekly,2020-10-1T21:00:00.000,options,put
115,1600686600000,170.7,171.05,169.75,169.95,175,,21000,weekly,2020-10-1T21:00:00.000,options,put
116,1600686660000,169.95,173.4,169.95,170.35,725,,21000,weekly,2020-10-1T21:00:00.000,options,put
117,1600686720000,170.35,173.05,170.1,173.05,550,,21000,weekly,2020-10-1T21:00:00.000,options,put
118,1600686780000,173.05,174.25,171.8,173.4,275,,21000,weekly,2020-10-1T21:00:00.000,options,put
119,1600686840000,173.4,176.2,172.35,175.7,550,,21000,weekly,2020-10-1T21:00:00.000,options,put
120,1600686900000,175.7,176.3,173.1,175.5,1325,,21000,weekly,2020-10-1T21:00:00.000,options,put
121,1600686960000,176.4,177.9,174.6,176.0,400,,21000,weekly,2020-10-1T21:00:00.000,options,put
122,1600687020000,176.0,177.9,174.65,177.9,725,,21000,weekly,2020-10-1T21:00:00.000,options,put
123,1600687080000,177.9,177.9,174.85,174.85,325,,21000,weekly,2020-10-1T21:00:00.000,options,put
124,1600687140000,174.85,175.25,172.45,173.2,550,,21000,weekly,2020-10-1T21:00:00.000,options,put
125,1600687200000,173.2,174.2,170.95,172.95,525,,21000,weekly,2020-10-1T21:00:00.000,options,put
126,1600687260000,172.95,172.95,168.2,169.95,350,,21000,weekly,2020-10-1T21:00:00.000,options,put
127,1600687320000,169.95,169.95,168.0,168.0,325,,21000,weekly,2020-10-1T21:00:00.000,options,put
128,1600687380000,168.0,168.0,165.0,166.8,300,,21000,weekly,2020-10-1T21:00:00.000,options,put
129,1600687440000,167.25,169.9,167.25,169.9,250,,21000,weekly,2020-10-1T21:00:00.000,options,put
130,1600687500000,169.9,170.1,169.0,169.0,200,,21000,weekly,2020-10-1T21:00:00.000,options,put
131,1600687560000,169.0,170.9,168.0,170.9,575,,21000,weekly,2020-10-1T21:00:00.000,options,put
132,1600687620000,170.9,173.5,170.9,173.5,300,,21000,weekly,2020-10-1T21:00:00.000,options,put
133,1600687680000,172.75,173.1,171.85,172.85,675,,21000,weekly,2020-10-1T21:00:00.000,options,put
134,1600687740000,172.85,173.35,171.35,171.35,225,,21000,weekly,2020-10-1T21:00:00.000,options,put
135,1600687800000,171.35,172.05,169.05,171.4,275,,21000,weekly,2020-10-1T21:00:00.000,options,put
136,1600687860000,171.1,171.4,168.4,168.4,1000,,21000,weekly,2020-10-1T21:00:00.000,options,put
137,1600687920000,168.4,169.15,166.5,169.15,950,,21000,weekly,2020-10-1T21:00:00.000,options,put
138,1600687980000,169.15,170.75,169.15,170.75,100,,21000,weekly,2020-10-1T21:00:00.000,options,put
139,1600688040000,170.75,171.7,170.1,170.1,200,,21000,weekly,2020-10-1T21:00:00.000,options,put
140,1600688100000,170.1,170.35,168.45,169.55,325,,21000,weekly,2020-10-1T21:00:00.000,options,put
141,1600688160000,169.55,176.3,168.45,173.0,925,,21000,weekly,2020-10-1T21:00:00.000,options,put
142,1600688220000,173.0,173.35,169.65,169.85,300,,21000,weekly,2020-10-1T21:00:00.000,options,put
143,1600688280000,169.85,173.55,169.85,173.25,175,,21000,weekly,2020-10-1T21:00:00.000,options,put
144,1600688340000,173.25,173.25,165.0,165.9,1000,,21000,weekly,2020-10-1T21:00:00.000,options,put
145,1600688400000,165.9,166.25,164.8,164.8,300,,21000,weekly,2020-10-1T21:00:00.000,options,put
146,1600688460000,164.8,165.25,161.1,161.65,1200,,21000,weekly,2020-10-1T21:00:00.000,options,put
147,1600688520000,161.65,164.2,161.65,164.2,100,,21000,weekly,2020-10-1T21:00:00.000,options,put
148,1600688580000,164.2,165.65,164.2,165.65,375,,21000,weekly,2020-10-1T21:00:00.000,options,put
149,1600688640000,165.65,165.65,164.0,164.0,25,,21000,weekly,2020-10-1T21:00:00.000,options,put
150,1600688700000,164.0,168.75,163.25,166.45,650,,21000,weekly,2020-10-1T21:00:00.000,options,put
151,1600688760000,166.45,167.3,166.05,166.05,125,,21000,weekly,2020-10-1T21:00:00.000,options,put
152,1600688820000,166.05,167.75,165.0,165.5,450,,21000,weekly,2020-10-1T21:00:00.000,options,put
153,1600688880000,165.5,166.0,165.0,165.0,125,,21000,weekly,2020-10-1T21:00:00.000,options,put
154,1600688940000,165.0,165.0,161.45,162.6,175,,21000,weekly,2020-10-1T21:00:00.000,options,put
155,1600689000000,162.6,164.85,162.6,164.85,125,,21000,weekly,2020-10-1T21:00:00.000,options,put
156,1600689060000,164.85,167.4,164.85,166.3,175,,21000,weekly,2020-10-1T21:00:00.000,options,put
157,1600689120000,166.3,167.8,165.35,165.35,150,,21000,weekly,2020-10-1T21:00:00.000,options,put
158,1600689180000,166.15,166.15,165.0,165.0,450,,21000,weekly,2020-10-1T21:00:00.000,options,put
159,1600689240000,165.0,170.75,165.0,169.95,850,,21000,weekly,2020-10-1T21:00:00.000,options,put
160,1600689300000,169.95,173.75,168.7,171.35,575,,21000,weekly,2020-10-1T21:00:00.000,options,put
161,1600689360000,173.4,174.15,171.35,172.15,425,,21000,weekly,2020-10-1T21:00:00.000,options,put
162,1600689420000,172.15,173.95,171.9,173.05,625,,21000,weekly,2020-10-1T21:00:00.000,options,put
163,1600689480000,173.05,175.0,171.75,171.9,1175,,21000,weekly,2020-10-1T21:00:00.000,options,put
164,1600689540000,171.9,173.15,171.9,172.75,175,,21000,weekly,2020-10-1T21:00:00.000,options,put
165,1600689600000,172.75,187.65,172.75,180.65,2625,,21000,weekly,2020-10-1T21:00:00.000,options,put
166,1600689660000,180.65,181.75,178.55,180.1,825,,21000,weekly,2020-10-1T21:00:00.000,options,put
167,1600689720000,180.1,181.0,177.35,177.35,1175,,21000,weekly,2020-10-1T21:00:00.000,options,put
168,1600689780000,177.35,179.35,174.6,175.85,300,,21000,weekly,2020-10-1T21:00:00.000,options,put
169,1600689840000,175.85,177.95,175.4,176.05,225,,21000,weekly,2020-10-1T21:00:00.000,options,put
170,1600689900000,176.05,178.3,176.0,177.1,400,,21000,weekly,2020-10-1T21:00:00.000,options,put
171,1600689960000,177.1,178.1,176.2,176.2,125,,21000,weekly,2020-10-1T21:00:00.000,options,put
172,1600690020000,176.2,176.2,173.15,173.75,325,,21000,weekly,2020-10-1T21:00:00.000,options,put
173,1600690080000,173.75,173.9,173.0,173.0,100,,21000,weekly,2020-10-1T21:00:00.000,options,put
174,1600690140000,173.0,175.95,173.0,173.95,300,,21000,weekly,2020-10-1T21:00:00.000,options,put
175,1600690260000,173.95,173.95,166.4,168.75,475,,21000,weekly,2020-10-1T21:00:00.000,options,put
176,1600690320000,168.75,170.85,168.75,170.5,100,,21000,weekly,2020-10-1T21:00:00.000,options,put
177,1600690380000,170.5,170.9,168.25,168.25,625,,21000,weekly,2020-10-1T21:00:00.000,options,put
178,1600690440000,168.25,168.25,165.0,166.2,800,,21000,weekly,2020-10-1T21:00:00.000,options,put
179,1600690500000,164.85,168.5,164.85,168.5,550,,21000,weekly,2020-10-1T21:00:00.000,options,put
180,1600690560000,168.5,169.75,168.5,169.25,200,,21000,weekly,2020-10-1T21:00:00.000,options,put
181,1600690620000,169.25,170.0,169.1,170.0,225,,21000,weekly,2020-10-1T21:00:00.000,options,put
182,1600690680000,170.0,172.15,170.0,171.8,750,,21000,weekly,2020-10-1T21:00:00.000,options,put
183,1600690740000,171.8,172.1,171.7,171.9,250,,21000,weekly,2020-10-1T21:00:00.000,options,put
184,1600690800000,171.9,173.15,171.9,173.15,125,,21000,weekly,2020-10-1T21:00:00.000,options,put
185,1600690860000,173.15,173.15,169.85,169.85,75,,21000,weekly,2020-10-1T21:00:00.000,options,put
186,1600690920000,169.85,170.0,167.4,167.4,275,,21000,weekly,2020-10-1T21:00:00.000,options,put
187,1600690980000,167.4,167.4,164.0,165.7,625,,21000,weekly,2020-10-1T21:00:00.000,options,put
188,1600691040000,165.7,165.7,155.2,160.65,2150,,21000,weekly,2020-10-1T21:00:00.000,options,put
189,1600691100000,160.65,160.65,153.65,159.65,1350,,21000,weekly,2020-10-1T21:00:00.000,options,put
190,1600691160000,159.4,161.95,158.05,161.15,1925,,21000,weekly,2020-10-1T21:00:00.000,options,put
191,1600691220000,161.15,162.3,161.0,161.8,600,,21000,weekly,2020-10-1T21:00:00.000,options,put
192,1600691280000,161.8,165.05,161.8,164.1,175,,21000,weekly,2020-10-1T21:00:00.000,options,put
193,1600691340000,164.1,164.1,163.95,163.95,50,,21000,weekly,2020-10-1T21:00:00.000,options,put
194,1600691400000,163.95,165.8,163.95,165.8,150,,21000,weekly,2020-10-1T21:00:00.000,options,put
195,1600691460000,165.95,170.0,162.5,169.0,1275,,21000,weekly,2020-10-1T21:00:00.000,options,put
196,1600691520000,169.0,172.8,167.0,168.6,1125,,21000,weekly,2020-10-1T21:00:00.000,options,put
197,1600691580000,168.6,172.0,168.6,169.3,325,,21000,weekly,2020-10-1T21:00:00.000,options,put
198,1600691640000,169.3,172.5,169.3,171.05,200,,21000,weekly,2020-10-1T21:00:00.000,options,put
199,1600691700000,171.05,177.1,171.05,174.3,350,,21000,weekly,2020-10-1T21:00:00.000,options,put
200,1600691760000,174.3,176.3,173.6,175.0,700,,21000,weekly,2020-10-1T21:00:00.000,options,put
201,1600691820000,175.0,175.9,172.8,175.55,1425,,21000,weekly,2020-10-1T21:00:00.000,options,put
202,1600691880000,175.55,182.0,174.0,178.9,3075,,21000,weekly,2020-10-1T21:00:00.000,options,put
203,1600691940000,180.25,182.35,177.3,179.35,1650,,21000,weekly,2020-10-1T21:00:00.000,options,put
204,1600692000000,179.35,195.0,179.35,185.7,6800,,21000,weekly,2020-10-1T21:00:00.000,options,put
205,1600692060000,185.7,189.05,185.15,185.45,2800,,21000,weekly,2020-10-1T21:00:00.000,options,put
206,1600692120000,185.5,187.1,182.75,183.8,1675,,21000,weekly,2020-10-1T21:00:00.000,options,put
207,1600692180000,182.2,183.9,181.9,183.45,700,,21000,weekly,2020-10-1T21:00:00.000,options,put
208,1600692240000,183.45,188.0,183.45,183.7,1800,,21000,weekly,2020-10-1T21:00:00.000,options,put
209,1600692300000,183.7,190.55,183.7,189.0,525,,21000,weekly,2020-10-1T21:00:00.000,options,put
210,1600692360000,189.0,191.35,175.9,178.15,2000,,21000,weekly,2020-10-1T21:00:00.000,options,put
211,1600692420000,178.15,180.75,177.0,179.7,950,,21000,weekly,2020-10-1T21:00:00.000,options,put
212,1600692480000,179.7,179.7,175.6,177.0,500,,21000,weekly,2020-10-1T21:00:00.000,options,put
213,1600692540000,177.0,179.05,176.5,177.4,250,,21000,weekly,2020-10-1T21:00:00.000,options,put
214,1600692600000,177.4,183.5,177.05,183.5,1700,,21000,weekly,2020-10-1T21:00:00.000,options,put
215,1600692660000,185.2,187.35,183.5,184.4,450,,21000,weekly,2020-10-1T21:00:00.000,options,put
216,1600692720000,184.4,186.4,183.7,184.05,500,,21000,weekly,2020-10-1T21:00:00.000,options,put
217,1600692780000,184.95,184.95,182.3,183.3,150,,21000,weekly,2020-10-1T21:00:00.000,options,put
218,1600692840000,183.3,189.95,183.3,187.8,325,,21000,weekly,2020-10-1T21:00:00.000,options,put
219,1600692900000,188.65,190.95,184.35,184.35,675,,21000,weekly,2020-10-1T21:00:00.000,options,put
220,1600692960000,184.35,185.0,182.45,183.0,750,,21000,weekly,2020-10-1T21:00:00.000,options,put
221,1600693020000,184.2,184.2,181.5,181.65,250,,21000,weekly,2020-10-1T21:00:00.000,options,put
222,1600693080000,181.65,184.85,181.65,183.3,575,,21000,weekly,2020-10-1T21:00:00.000,options,put
223,1600693140000,183.3,186.75,183.3,183.6,875,,21000,weekly,2020-10-1T21:00:00.000,options,put
224,1600693200000,183.6,189.2,183.6,188.05,300,,21000,weekly,2020-10-1T21:00:00.000,options,put
225,1600693260000,188.05,188.05,178.75,178.75,550,,21000,weekly,2020-10-1T21:00:00.000,options,put
226,1600693320000,176.95,181.65,176.9,181.6,750,,21000,weekly,2020-10-1T21:00:00.000,options,put
227,1600693380000,181.6,200.0,181.55,200.0,2175,,21000,weekly,2020-10-1T21:00:00.000,options,put
228,1600693440000,200.0,203.7,195.2,195.6,3425,,21000,weekly,2020-10-1T21:00:00.000,options,put
229,1600693500000,195.0,203.2,192.25,200.25,2925,,21000,weekly,2020-10-1T21:00:00.000,options,put
230,1600693560000,200.0,204.7,195.3,196.3,2200,,21000,weekly,2020-10-1T21:00:00.000,options,put
231,1600693620000,196.3,202.65,196.3,199.9,975,,21000,weekly,2020-10-1T21:00:00.000,options,put
232,1600693680000,199.9,204.0,197.7,197.7,1800,,21000,weekly,2020-10-1T21:00:00.000,options,put
233,1600693740000,197.7,200.45,196.05,198.5,3100,,21000,weekly,2020-10-1T21:00:00.000,options,put
234,1600693800000,198.5,199.0,187.5,190.7,1900,,21000,weekly,2020-10-1T21:00:00.000,options,put
235,1600693860000,189.75,190.7,185.65,185.65,625,,21000,weekly,2020-10-1T21:00:00.000,options,put
236,1600693920000,185.65,188.5,185.65,187.8,575,,21000,weekly,2020-10-1T21:00:00.000,options,put
237,1600693980000,187.8,191.8,187.8,191.8,325,,21000,weekly,2020-10-1T21:00:00.000,options,put
238,1600694040000,191.8,195.5,191.8,194.9,425,,21000,weekly,2020-10-1T21:00:00.000,options,put
239,1600694100000,194.9,209.9,193.55,193.55,3500,,21000,weekly,2020-10-1T21:00:00.000,options,put
240,1600694160000,193.85,196.15,191.4,194.95,2375,,21000,weekly,2020-10-1T21:00:00.000,options,put
241,1600694220000,194.95,196.5,190.8,190.8,3500,,21000,weekly,2020-10-1T21:00:00.000,options,put
242,1600694280000,190.1,194.05,183.25,192.15,4375,,21000,weekly,2020-10-1T21:00:00.000,options,put
243,1600694340000,192.15,194.05,188.55,193.35,3975,,21000,weekly,2020-10-1T21:00:00.000,options,put
244,1600694400000,193.25,198.0,193.25,195.0,3825,,21000,weekly,2020-10-1T21:00:00.000,options,put
245,1600694460000,195.05,208.15,191.8,200.65,7475,,21000,weekly,2020-10-1T21:00:00.000,options,put
246,1600694520000,200.65,201.3,194.0,198.35,3550,,21000,weekly,2020-10-1T21:00:00.000,options,put
247,1600694580000,196.0,201.25,191.8,193.35,5150,,21000,weekly,2020-10-1T21:00:00.000,options,put
248,1600694640000,193.35,197.95,191.75,195.0,2800,,21000,weekly,2020-10-1T21:00:00.000,options,put
249,1600694700000,195.0,195.5,183.0,189.85,8550,,21000,weekly,2020-10-1T21:00:00.000,options,put
250,1600694760000,189.85,190.2,183.15,184.55,6225,,21000,weekly,2020-10-1T21:00:00.000,options,put
251,1600694820000,185.6,190.05,183.7,187.6,2275,,21000,weekly,2020-10-1T21:00:00.000,options,put
252,1600694880000,187.4,192.0,185.75,187.15,3350,,21000,weekly,2020-10-1T21:00:00.000,options,put
253,1600694940000,187.8,191.15,186.55,186.65,1475,,21000,weekly,2020-10-1T21:00:00.000,options,put
254,1600695000000,186.65,195.45,185.8,185.8,2125,,21000,weekly,2020-10-1T21:00:00.000,options,put
255,1600695060000,185.8,188.95,183.9,186.85,2475,,21000,weekly,2020-10-1T21:00:00.000,options,put
256,1600695120000,186.85,189.95,179.5,187.3,5700,,21000,weekly,2020-10-1T21:00:00.000,options,put
257,1600695180000,187.3,191.0,187.0,190.05,1625,,21000,weekly,2020-10-1T21:00:00.000,options,put
258,1600695240000,190.05,190.75,188.45,190.75,650,,21000,weekly,2020-10-1T21:00:00.000,options,put
259,1600695300000,190.75,190.75,182.1,184.1,1325,,21000,weekly,2020-10-1T21:00:00.000,options,put
260,1600695360000,184.55,189.0,184.55,187.8,500,,21000,weekly,2020-10-1T21:00:00.000,options,put
261,1600695420000,188.15,197.0,187.8,194.3,1625,,21000,weekly,2020-10-1T21:00:00.000,options,put
262,1600695480000,194.0,198.55,193.75,198.0,600,,21000,weekly,2020-10-1T21:00:00.000,options,put
263,1600695540000,212.0,219.1,198.0,212.45,7625,,21000,weekly,2020-10-1T21:00:00.000,options,put
264,1600695600000,211.2,224.95,211.2,220.0,7150,,21000,weekly,2020-10-1T21:00:00.000,options,put
265,1600695660000,220.0,221.8,210.35,210.8,3225,,21000,weekly,2020-10-1T21:00:00.000,options,put
266,1600695720000,210.8,214.7,206.95,213.55,4950,,21000,weekly,2020-10-1T21:00:00.000,options,put
267,1600695780000,213.55,217.15,201.65,201.7,5300,,21000,weekly,2020-10-1T21:00:00.000,options,put
268,1600695840000,202.2,210.5,202.15,210.4,2100,,21000,weekly,2020-10-1T21:00:00.000,options,put
269,1600695900000,209.5,215.45,207.5,208.35,3725,,21000,weekly,2020-10-1T21:00:00.000,options,put
270,1600695960000,208.35,218.05,206.95,217.5,2550,,21000,weekly,2020-10-1T21:00:00.000,options,put
271,1600696020000,218.45,220.6,212.65,218.65,4050,,21000,weekly,2020-10-1T21:00:00.000,options,put
272,1600696080000,218.65,228.0,218.45,221.4,4950,,21000,weekly,2020-10-1T21:00:00.000,options,put
273,1600696140000,221.0,222.2,211.45,214.95,2075,,21000,weekly,2020-10-1T21:00:00.000,options,put
274,1600696200000,214.95,215.0,208.5,211.25,2025,,21000,weekly,2020-10-1T21:00:00.000,options,put
275,1600696260000,211.95,216.7,211.25,216.2,1125,,21000,weekly,2020-10-1T21:00:00.000,options,put
276,1600696320000,216.1,225.9,216.1,221.15,1850,,21000,weekly,2020-10-1T21:00:00.000,options,put
277,1600696380000,220.85,238.2,220.85,225.25,4325,,21000,weekly,2020-10-1T21:00:00.000,options,put
278,1600696440000,225.25,230.0,224.3,225.05,2100,,21000,weekly,2020-10-1T21:00:00.000,options,put
279,1600696500000,225.05,226.0,215.35,220.1,1600,,21000,weekly,2020-10-1T21:00:00.000,options,put
280,1600696560000,220.1,220.1,214.0,218.1,1300,,21000,weekly,2020-10-1T21:00:00.000,options,put
281,1600696620000,218.5,224.7,215.7,223.95,1125,,21000,weekly,2020-10-1T21:00:00.000,options,put
282,1600696680000,223.95,228.95,220.4,220.65,1925,,21000,weekly,2020-10-1T21:00:00.000,options,put
283,1600696740000,221.15,224.45,218.85,223.5,925,,21000,weekly,2020-10-1T21:00:00.000,options,put
284,1600696800000,223.5,237.65,222.55,232.0,2375,,21000,weekly,2020-10-1T21:00:00.000,options,put
285,1600696860000,232.0,234.0,226.4,226.4,3775,,21000,weekly,2020-10-1T21:00:00.000,options,put
286,1600696920000,226.4,231.9,223.4,228.35,15050,,21000,weekly,2020-10-1T21:00:00.000,options,put
287,1600696980000,228.35,241.2,224.6,231.5,14475,,21000,weekly,2020-10-1T21:00:00.000,options,put
288,1600697040000,232.4,232.65,222.3,227.0,9425,,21000,weekly,2020-10-1T21:00:00.000,options,put
289,1600697100000,227.0,228.0,220.05,228.0,7450,,21000,weekly,2020-10-1T21:00:00.000,options,put
290,1600697160000,228.5,242.0,226.2,237.55,8125,,21000,weekly,2020-10-1T21:00:00.000,options,put
291,1600697220000,237.4,243.45,231.65,235.65,13750,,21000,weekly,2020-10-1T21:00:00.000,options,put
292,1600697280000,234.2,250.0,234.2,250.0,12125,,21000,weekly,2020-10-1T21:00:00.000,options,put
293,1600697340000,253.35,262.25,247.25,255.95,19750,,21000,weekly,2020-10-1T21:00:00.000,options,put
294,1600697400000,257.3,261.4,252.85,258.35,10750,,21000,weekly,2020-10-1T21:00:00.000,options,put
295,1600697460000,257.4,263.7,252.6,258.5,10475,,21000,weekly,2020-10-1T21:00:00.000,options,put
296,1600697520000,258.2,270.6,253.55,265.15,13075,,21000,weekly,2020-10-1T21:00:00.000,options,put
297,1600697580000,265.15,275.55,264.85,271.75,6800,,21000,weekly,2020-10-1T21:00:00.000,options,put
298,1600697640000,270.85,271.75,265.1,268.3,3750,,21000,weekly,2020-10-1T21:00:00.000,options,put
299,1600697700000,268.3,291.4,265.15,284.6,8125,,21000,weekly,2020-10-1T21:00:00.000,options,put
300,1600697760000,284.7,315.0,284.6,310.05,10775,,21000,weekly,2020-10-1T21:00:00.000,options,put
301,1600697820000,312.7,337.7,310.05,330.8,9100,,21000,weekly,2020-10-1T21:00:00.000,options,put
302,1600697880000,334.35,343.85,327.25,336.15,6650,,21000,weekly,2020-10-1T21:00:00.000,options,put
303,1600697940000,334.55,336.7,286.4,296.9,5975,,21000,weekly,2020-10-1T21:00:00.000,options,put
304,1600698000000,297.35,308.1,291.35,301.0,4675,,21000,weekly,2020-10-1T21:00:00.000,options,put
305,1600698060000,302.25,319.05,301.0,311.35,5000,,21000,weekly,2020-10-1T21:00:00.000,options,put
306,1600698120000,311.55,311.55,293.0,299.65,5900,,21000,weekly,2020-10-1T21:00:00.000,options,put
307,1600698180000,299.55,305.0,293.45,303.3,3000,,21000,weekly,2020-10-1T21:00:00.000,options,put
308,1600698240000,308.4,308.4,295.0,295.0,2025,,21000,weekly,2020-10-1T21:00:00.000,options,put
309,1600698300000,294.5,305.45,290.0,296.4,2650,,21000,weekly,2020-10-1T21:00:00.000,options,put
310,1600698360000,296.4,303.9,292.8,295.1,1275,,21000,weekly,2020-10-1T21:00:00.000,options,put
311,1600698420000,295.1,304.85,291.0,303.2,2900,,21000,weekly,2020-10-1T21:00:00.000,options,put
312,1600698480000,303.2,303.4,280.2,284.5,3825,,21000,weekly,2020-10-1T21:00:00.000,options,put
313,1600698540000,280.05,292.8,280.05,286.95,1475,,21000,weekly,2020-10-1T21:00:00.000,options,put
314,1600698600000,286.95,294.1,282.15,292.2,2050,,21000,weekly,2020-10-1T21:00:00.000,options,put
315,1600698660000,292.0,314.8,290.75,309.8,4125,,21000,weekly,2020-10-1T21:00:00.000,options,put
316,1600698720000,310.6,331.7,310.6,331.7,4600,,21000,weekly,2020-10-1T21:00:00.000,options,put
317,1600698780000,332.3,337.55,320.0,320.0,2850,,21000,weekly,2020-10-1T21:00:00.000,options,put
318,1600698840000,321.85,323.85,315.6,323.7,1500,,21000,weekly,2020-10-1T21:00:00.000,options,put
319,1600698900000,323.75,324.1,305.85,310.4,2600,,21000,weekly,2020-10-1T21:00:00.000,options,put
320,1600698960000,311.2,321.85,307.0,316.55,5275,,21000,weekly,2020-10-1T21:00:00.000,options,put
321,1600699020000,316.8,322.15,312.55,314.05,2350,,21000,weekly,2020-10-1T21:00:00.000,options,put
322,1600699080000,314.05,320.0,305.9,308.2,2675,,21000,weekly,2020-10-1T21:00:00.000,options,put
323,1600699140000,308.2,310.65,291.45,291.45,2925,,21000,weekly,2020-10-1T21:00:00.000,options,put
324,1600699200000,290.5,295.2,283.8,293.85,2825,,21000,weekly,2020-10-1T21:00:00.000,options,put
325,1600699260000,293.85,294.5,277.0,284.1,3975,,21000,weekly,2020-10-1T21:00:00.000,options,put
326,1600699320000,283.45,290.6,281.1,285.65,2175,,21000,weekly,2020-10-1T21:00:00.000,options,put
327,1600699380000,285.65,285.65,277.15,280.15,3650,,21000,weekly,2020-10-1T21:00:00.000,options,put
328,1600699440000,280.15,280.15,261.85,269.0,2775,,21000,weekly,2020-10-1T21:00:00.000,options,put
329,1600699500000,269.0,280.75,269.0,274.6,2700,,21000,weekly,2020-10-1T21:00:00.000,options,put
330,1600699560000,274.1,275.55,262.35,262.35,4550,,21000,weekly,2020-10-1T21:00:00.000,options,put
331,1600699620000,263.2,272.0,260.0,272.0,2125,,21000,weekly,2020-10-1T21:00:00.000,options,put
332,1600699680000,270.9,280.15,269.0,280.15,4700,,21000,weekly,2020-10-1T21:00:00.000,options,put
333,1600699740000,280.15,292.55,280.15,287.55,5975,,21000,weekly,2020-10-1T21:00:00.000,options,put
334,1600699800000,287.55,293.2,282.1,293.2,3825,,21000,weekly,2020-10-1T21:00:00.000,options,put
335,1600699860000,292.2,297.8,288.05,297.35,4300,,21000,weekly,2020-10-1T21:00:00.000,options,put
336,1600699920000,297.35,298.8,293.0,296.35,5850,,21000,weekly,2020-10-1T21:00:00.000,options,put
337,1600699980000,295.65,298.55,291.45,292.4,1975,,21000,weekly,2020-10-1T21:00:00.000,options,put
338,1600700040000,291.75,291.75,279.75,287.35,1400,,21000,weekly,2020-10-1T21:00:00.000,options,put
339,1600700100000,287.35,288.1,281.25,285.0,625,,21000,weekly,2020-10-1T21:00:00.000,options,put
340,1600700160000,285.0,295.0,285.0,295.0,2300,,21000,weekly,2020-10-1T21:00:00.000,options,put
341,1600700220000,294.55,295.0,286.1,289.05,12300,,21000,weekly,2020-10-1T21:00:00.000,options,put
342,1600700280000,289.05,296.15,289.05,294.0,2375,,21000,weekly,2020-10-1T21:00:00.000,options,put
343,1600700340000,294.0,294.0,287.8,289.1,1125,,21000,weekly,2020-10-1T21:00:00.000,options,put
344,1600700400000,289.1,298.0,287.45,295.35,6000,,21000,weekly,2020-10-1T21:00:00.000,options,put
345,1600700460000,296.4,309.45,293.5,300.3,8400,,21000,weekly,2020-10-1T21:00:00.000,options,put
346,1600700520000,300.3,301.75,295.75,296.0,1400,,21000,weekly,2020-10-1T21:00:00.000,options,put
347,1600700580000,296.0,301.6,293.7,296.1,1200,,21000,weekly,2020-10-1T21:00:00.000,options,put
348,1600700640000,296.1,315.0,296.1,315.0,2850,,21000,weekly,2020-10-1T21:00:00.000,options,put
349,1600700700000,315.6,323.45,315.45,322.0,4600,,21000,weekly,2020-10-1T21:00:00.000,options,put
350,1600700760000,322.55,335.0,319.85,327.4,2775,,21000,weekly,2020-10-1T21:00:00.000,options,put
351,1600700820000,327.4,327.4,308.1,312.45,7800,,21000,weekly,2020-10-1T21:00:00.000,options,put
352,1600700880000,312.45,321.3,308.5,318.25,6325,,21000,weekly,2020-10-1T21:00:00.000,options,put
353,1600700940000,318.25,320.55,310.95,311.85,6825,,21000,weekly,2020-10-1T21:00:00.000,options,put
354,1600701000000,310.15,321.8,310.0,321.8,14400,,21000,weekly,2020-10-1T21:00:00.000,options,put
355,1600701060000,320.0,321.8,313.45,315.3,5150,,21000,weekly,2020-10-1T21:00:00.000,options,put
356,1600701120000,315.3,318.6,311.5,313.7,6200,,21000,weekly,2020-10-1T21:00:00.000,options,put
357,1600701180000,315.25,316.9,303.15,309.1,15425,,21000,weekly,2020-10-1T21:00:00.000,options,put
358,1600701240000,309.1,315.65,308.8,311.0,5575,,21000,weekly,2020-10-1T21:00:00.000,options,put
359,1600701300000,311.0,321.0,300.9,319.7,10550,,21000,weekly,2020-10-1T21:00:00.000,options,put
360,1600701360000,319.7,334.25,319.0,333.5,8075,,21000,weekly,2020-10-1T21:00:00.000,options,put
361,1600701420000,333.45,335.5,326.0,326.3,10800,,21000,weekly,2020-10-1T21:00:00.000,options,put
362,1600701480000,326.45,330.65,317.55,325.85,27125,,21000,weekly,2020-10-1T21:00:00.000,options,put
363,1600701540000,325.85,327.3,317.1,325.7,9875,,21000,weekly,2020-10-1T21:00:00.000,options,put
364,1600701600000,326.4,332.15,324.35,330.55,9600,,21000,weekly,2020-10-1T21:00:00.000,options,put
365,1600701660000,330.05,333.3,326.1,330.8,10225,,21000,weekly,2020-10-1T21:00:00.000,options,put
366,1600701720000,329.25,330.85,326.3,329.0,5850,,21000,weekly,2020-10-1T21:00:00.000,options,put
367,1600701780000,329.0,329.8,325.95,329.0,6325,,21000,weekly,2020-10-1T21:00:00.000,options,put
368,1600701840000,328.3,332.55,325.0,331.2,7425,,21000,weekly,2020-10-1T21:00:00.000,options,put
369,1600701900000,332.05,336.5,325.0,332.65,10150,,21000,weekly,2020-10-1T21:00:00.000,options,put
370,1600701960000,332.65,352.4,332.65,352.4,6100,,21000,weekly,2020-10-1T21:00:00.000,options,put
371,1600702020000,349.6,356.45,348.05,356.4,8925,,21000,weekly,2020-10-1T21:00:00.000,options,put
372,1600702080000,356.15,359.15,356.0,358.0,3075,,21000,weekly,2020-10-1T21:00:00.000,options,put
373,1600702140000,357.5,364.5,355.75,363.75,5025,,21000,weekly,2020-10-1T21:00:00.000,options,put
