,timestamp,open,high,low,close,volume,open_interest,strike,expiry_type,expiry,instrument,contract_type
0,1604979840000,900.0,1150.8,900.0,1060.15,56525,,27000,weekly,2020-11-12T21:00:00.000,options,call
1,1604979900000,1060.0,1066.45,994.65,1010.0,9875,,27000,weekly,2020-11-12T21:00:00.000,options,call
2,1604979960000,1004.85,1039.7,1003.35,1034.95,4425,,27000,weekly,2020-11-12T21:00:00.000,options,call
3,1604980020000,1029.0,1036.45,989.0,989.85,6475,,27000,weekly,2020-11-12T21:00:00.000,options,call
4,1604980080000,989.45,1019.95,986.85,1019.95,6775,,27000,weekly,2020-11-12T21:00:00.000,options,call
5,1604980140000,1020.05,1038.9,1010.75,1019.9,14650,,27000,weekly,2020-11-12T21:00:00.000,options,call
6,1604980200000,1020.3,1029.6,998.0,1007.35,5500,,27000,weekly,2020-11-12T21:00:00.000,options,call
7,1604980260000,1011.6,1011.6,951.75,958.7,6975,,27000,weekly,2020-11-12T21:00:00.000,options,call
8,1604980320000,959.0,966.65,943.5,951.8,10250,,27000,weekly,2020-11-12T21:00:00.000,options,call
9,1604980380000,943.9,952.2,931.3,949.45,4425,,27000,weekly,2020-11-12T21:00:00.000,options,call
10,1604980440000,955.15,974.9,943.4,949.1,8150,,27000,weekly,2020-11-12T21:00:00.000,options,call
11,1604980500000,945.0,953.05,921.1,946.4,4900,,27000,weekly,2020-11-12T21:00:00.000,options,call
12,1604980560000,946.4,1005.9,945.5,999.2,6275,,27000,weekly,2020-11-12T21:00:00.000,options,call
13,1604980620000,1007.35,1015.0,990.75,1005.5,3450,,27000,weekly,2020-11-12T21:00:00.000,options,call
14,1604980680000,1005.65,1008.95,995.35,1004.6,1875,,27000,weekly,2020-11-12T21:00:00.000,options,call
15,1604980740000,1001.45,1001.45,970.1,972.0,1950,,27000,weekly,2020-11-12T21:00:00.000,options,call
16,1604980800000,974.65,990.15,972.1,980.0,1200,,27000,weekly,2020-11-12T21:00:00.000,options,call
17,1604980860000,985.0,1004.0,985.0,998.45,1600,,27000,weekly,2020-11-12T21:00:00.000,options,call
18,1604980920000,992.85,992.85,966.1,974.15,2625,,27000,weekly,2020-11-12T21:00:00.000,options,call
19,1604980980000,972.55,987.1,972.55,977.95,1350,,27000,weekly,2020-11-12T21:00:00.000,options,call
20,1604981040000,977.95,995.5,971.9,986.2,2175,,27000,weekly,2020-11-12T21:00:00.000,options,call
21,1604981100000,986.2,993.6,983.7,986.05,625,,27000,weekly,2020-11-12T21:00:00.000,options,call
22,1604981160000,986.05,1001.35,983.3,997.1,3900,,27000,weekly,2020-11-12T21:00:00.000,options,call
23,1604981220000,998.0,1001.55,990.0,993.55,1900,,27000,weekly,2020-11-12T21:00:00.000,options,call
24,1604981280000,993.45,1005.55,989.0,1000.0,1375,,27000,weekly,2020-11-12T21:00:00.000,options,call
25,1604981340000,1000.0,1046.6,1000.0,1044.8,9275,,27000,weekly,2020-11-12T21:00:00.000,options,call
26,1604981400000,1049.7,1098.35,1049.7,1098.35,5050,,27000,weekly,2020-11-12T21:00:00.000,options,call
27,1604981460000,1134.0,1179.05,1125.35,1133.15,6550,,27000,weekly,2020-11-12T21:00:00.000,options,call
28,1604981520000,1133.15,1145.0,1126.9,1131.9,1375,,27000,weekly,2020-11-12T21:00:00.000,options,call
29,1604981580000,1131.9,1177.85,1131.9,1166.45,7275,,27000,weekly,2020-11-12T21:00:00.000,options,call
30,1604981640000,1166.0,1227.25,1166.0,1182.35,9500,,27000,weekly,2020-11-12T21:00:00.000,options,call
31,1604981700000,1182.0,1182.0,1144.85,1157.2,12075,,27000,weekly,2020-11-12T21:00:00.000,options,call
32,1604981760000,1158.35,1166.45,1148.5,1158.65,5425,,27000,weekly,2020-11-12T21:00:00.000,options,call
33,1604981820000,1158.65,1179.7,1156.0,1177.2,1550,,27000,weekly,2020-11-12T21:00:00.000,options,call
34,1604981880000,1181.4,1184.05,1170.1,1177.45,950,,27000,weekly,2020-11-12T21:00:00.000,options,call
35,1604981940000,1177.45,1234.45,1177.45,1215.0,4725,,27000,weekly,2020-11-12T21:00:00.000,options,call
36,1604982000000,1218.65,1220.0,1194.5,1212.25,2650,,27000,weekly,2020-11-12T21:00:00.000,options,call
37,1604982060000,1205.0,1224.8,1202.05,1216.5,1725,,27000,weekly,2020-11-12T21:00:00.000,options,call
38,1604982120000,1215.1,1224.35,1200.0,1201.85,2650,,27000,weekly,2020-11-12T21:00:00.000,options,call
39,1604982180000,1205.6,1205.6,1190.0,1198.0,2025,,27000,weekly,2020-11-12T21:00:00.000,options,call
40,1604982240000,1190.7,1194.1,1172.7,1172.7,1775,,27000,weekly,2020-11-12T21:00:00.000,options,call
41,1604982300000,1170.0,1188.15,1168.55,1176.25,500,,27000,weekly,2020-11-12T21:00:00.000,options,call
42,1604982360000,1176.0,1213.35,1176.0,1213.35,2925,,27000,weekly,2020-11-12T21:00:00.000,options,call
43,1604982420000,1213.35,1215.0,1200.0,1205.15,925,,27000,weekly,2020-11-12T21:00:00.000,options,call
44,1604982480000,1203.2,1209.95,1197.55,1204.1,3025,,27000,weekly,2020-11-12T21:00:00.000,options,call
45,1604982540000,1201.15,1212.05,1187.4,1187.8,1975,,27000,weekly,2020-11-12T21:00:00.000,options,call
46,1604982600000,1197.0,1209.2,1196.8,1198.5,725,,27000,weekly,2020-11-12T21:00:00.000,options,call
47,1604982660000,1198.5,1207.5,1198.2,1207.5,3200,,27000,weekly,2020-11-12T21:00:00.000,options,call
48,1604982720000,1207.0,1215.65,1196.3,1196.3,2275,,27000,weekly,2020-11-12T21:00:00.000,options,call
49,1604982780000,1196.55,1196.55,1180.15,1183.55,850,,27000,weekly,2020-11-12T21:00:00.000,options,call
50,1604982840000,1186.25,1200.0,1182.75,1190.0,1350,,27000,weekly,2020-11-12T21:00:00.000,options,call
51,1604982900000,1187.4,1191.0,1185.9,1185.9,475,,27000,weekly,2020-11-12T21:00:00.000,options,call
52,1604982960000,1193.85,1204.0,1187.9,1187.9,3050,,27000,weekly,2020-11-12T21:00:00.000,options,call
53,1604983020000,1186.0,1204.95,1186.0,1194.7,1150,,27000,weekly,2020-11-12T21:00:00.000,options,call
54,1604983080000,1203.7,1208.0,1199.2,1208.0,925,,27000,weekly,2020-11-12T21:00:00.000,options,call
55,1604983140000,1208.0,1275.0,1208.0,1275.0,7475,,27000,weekly,2020-11-12T21:00:00.000,options,call
56,1604983200000,1275.0,1275.45,1247.5,1255.4,1125,,27000,weekly,2020-11-12T21:00:00.000,options,call
57,1604983260000,1256.45,1266.0,1256.45,1265.0,2325,,27000,weekly,2020-11-12T21:00:00.000,options,call
58,1604983320000,1265.0,1307.9,1260.0,1295.0,4425,,27000,weekly,2020-11-12T21:00:00.000,options,call
59,1604983380000,1295.0,1299.95,1275.35,1275.35,3525,,27000,weekly,2020-11-12T21:00:00.000,options,call
60,1604983440000,1278.3,1293.4,1278.3,1283.55,1125,,27000,weekly,2020-11-12T21:00:00.000,options,call
61,1604983500000,1286.4,1290.45,1275.0,1287.25,3500,,27000,weekly,2020-11-12T21:00:00.000,options,call
62,1604983560000,1287.25,1287.25,1259.7,1260.0,2325,,27000,weekly,2020-11-12T21:00:00.000,options,call
63,1604983620000,1254.7,1258.15,1227.15,1241.1,5900,,27000,weekly,2020-11-12T21:00:00.000,options,call
64,1604983680000,1247.05,1255.3,1242.25,1249.0,2050,,27000,weekly,2020-11-12T21:00:00.000,options,call
65,1604983740000,1244.75,1248.6,1232.5,1233.25,1250,,27000,weekly,2020-11-12T21:00:00.000,options,call
66,1604983800000,1231.3,1231.3,1210.1,1210.1,1200,,27000,weekly,2020-11-12T21:00:00.000,options,call
67,1604983860000,1210.1,1227.4,1201.0,1227.4,4350,,27000,weekly,2020-11-12T21:00:00.000,options,call
68,1604983920000,1222.35,1247.95,1222.35,1233.15,1900,,27000,weekly,2020-11-12T21:00:00.000,options,call
69,1604983980000,1233.15,1235.0,1226.4,1231.0,1175,,27000,weekly,2020-11-12T21:00:00.000,options,call
70,1604984040000,1237.9,1245.0,1237.0,1237.75,1150,,27000,weekly,2020-11-12T21:00:00.000,options,call
71,1604984100000,1237.75,1237.75,1219.95,1219.95,2025,,27000,weekly,2020-11-12T21:00:00.000,options,call
72,1604984160000,1219.95,1231.45,1204.15,1230.0,1375,,27000,weekly,2020-11-12T21:00:00.000,options,call
73,1604984220000,1230.0,1235.0,1227.35,1230.25,275,,27000,weekly,2020-11-12T21:00:00.000,options,call
74,1604984280000,1232.0,1235.4,1232.0,1234.3,350,,27000,weekly,2020-11-12T21:00:00.000,options,call
75,1604984340000,1233.7,1250.0,1233.7,1245.0,2275,,27000,weekly,2020-11-12T21:00:00.000,options,call
76,1604984400000,1245.0,1246.35,1238.0,1240.65,425,,27000,weekly,2020-11-12T21:00:00.000,options,call
77,1604984460000,1241.65,1264.95,1241.65,1261.8,1350,,27000,weekly,2020-11-12T21:00:00.000,options,call
78,1604984520000,1250.1,1260.0,1250.1,1260.0,225,,27000,weekly,2020-11-12T21:00:00.000,options,call
79,1604984580000,1265.0,1325.0,1265.0,1290.0,3750,,27000,weekly,2020-11-12T21:00:00.000,options,call
80,1604984640000,1290.65,1290.65,1275.75,1276.35,2000,,27000,weekly,2020-11-12T21:00:00.000,options,call
81,1604984700000,1283.1,1291.0,1283.0,1289.8,550,,27000,weekly,2020-11-12T21:00:00.000,options,call
82,1604984760000,1289.8,1289.8,1279.6,1280.0,150,,27000,weekly,2020-11-12T21:00:00.000,options,call
83,1604984820000,1280.0,1287.85,1278.0,1287.85,1525,,27000,weekly,2020-11-12T21:00:00.000,options,call
84,1604984880000,1292.8,1322.5,1287.35,1311.25,2400,,27000,weekly,2020-11-12T21:00:00.000,options,call
85,1604984940000,1325.0,1333.7,1323.3,1324.5,1100,,27000,weekly,2020-11-12T21:00:00.000,options,call
86,1604985000000,1321.65,1326.0,1316.85,1317.05,1000,,27000,weekly,2020-11-12T21:00:00.000,options,call
87,1604985060000,1315.0,1315.0,1298.35,1300.75,500,,27000,weekly,2020-11-12T21:00:00.000,options,call
88,1604985120000,1300.0,1308.35,1300.0,1308.35,225,,27000,weekly,2020-11-12T21:00:00.000,options,call
89,1604985180000,1310.85,1320.0,1310.85,1317.95,350,,27000,weekly,2020-11-12T21:00:00.000,options,call
90,1604985240000,1323.55,1323.55,1308.4,1308.4,325,,27000,weekly,2020-11-12T21:00:00.000,options,call
91,1604985300000,1309.2,1310.0,1300.65,1300.65,1225,,27000,weekly,2020-11-12T21:00:00.000,options,call
92,1604985360000,1295.3,1308.6,1295.3,1304.25,800,,27000,weekly,2020-11-12T21:00:00.000,options,call
93,1604985420000,1304.25,1341.0,1303.05,1341.0,1350,,27000,weekly,2020-11-12T21:00:00.000,options,call
94,1604985480000,1341.0,1365.0,1338.05,1343.05,4375,,27000,weekly,2020-11-12T21:00:00.000,options,call
95,1604985540000,1343.55,1354.25,1341.9,1347.1,575,,27000,weekly,2020-11-12T21:00:00.000,options,call
96,1604985600000,1355.5,1384.75,1355.5,1380.9,1925,,27000,weekly,2020-11-12T21:00:00.000,options,call
97,1604985660000,1380.9,1383.1,1375.2,1380.0,2550,,27000,weekly,2020-11-12T21:00:00.000,options,call
98,1604985720000,1365.4,1376.0,1363.6,1371.8,950,,27000,weekly,2020-11-12T21:00:00.000,options,call
99,1604985780000,1369.2,1374.95,1369.2,1374.95,600,,27000,weekly,2020-11-12T21:00:00.000,options,call
100,1604985840000,1374.95,1381.35,1371.45,1381.35,950,,27000,weekly,2020-11-12T21:00:00.000,options,call
101,1604985900000,1379.85,1379.85,1360.35,1360.35,950,,27000,weekly,2020-11-12T21:00:00.000,options,call
102,1604985960000,1360.35,1360.35,1352.35,1358.0,1525,,27000,weekly,2020-11-12T21:00:00.000,options,call
103,1604986020000,1359.55,1413.05,1359.55,1408.85,4200,,27000,weekly,2020-11-12T21:00:00.000,options,call
104,1604986080000,1400.0,1418.5,1399.55,1409.9,1600,,27000,weekly,2020-11-12T21:00:00.000,options,call
105,1604986140000,1414.25,1414.25,1391.1,1394.6,2900,,27000,weekly,2020-11-12T21:00:00.000,options,call
106,1604986200000,1394.6,1412.9,1394.25,1412.9,1625,,27000,weekly,2020-11-12T21:00:00.000,options,call
107,1604986260000,1412.9,1477.0,1412.9,1455.7,4150,,27000,weekly,2020-11-12T21:00:00.000,options,call
108,1604986320000,1454.5,1461.75,1431.7,1440.95,1650,,27000,weekly,2020-11-12T21:00:00.000,options,call
109,1604986380000,1436.5,1449.2,1430.5,1440.25,450,,27000,weekly,2020-11-12T21:00:00.000,options,call
110,1604986440000,1447.35,1476.0,1447.35,1463.0,2825,,27000,weekly,2020-11-12T21:00:00.000,options,call
111,1604986500000,1453.05,1455.35,1441.1,1449.8,650,,27000,weekly,2020-11-12T21:00:00.000,options,call
112,1604986560000,1441.1,1462.25,1439.75,1462.15,2175,,27000,weekly,2020-11-12T21:00:00.000,options,call
113,1604986620000,1479.95,1479.95,1461.1,1466.75,925,,27000,weekly,2020-11-12T21:00:00.000,options,call
114,1604986680000,1462.15,1462.15,1442.7,1446.0,1425,,27000,weekly,2020-11-12T21:00:00.000,options,call
115,1604986740000,1453.25,1459.95,1444.0,1459.95,1500,,27000,weekly,2020-11-12T21:00:00.000,options,call
116,1604986800000,1457.7,1457.7,1433.7,1433.7,1375,,27000,weekly,2020-11-12T21:00:00.000,options,call
117,1604986860000,1432.0,1437.2,1422.85,1437.2,1025,,27000,weekly,2020-11-12T21:00:00.000,options,call
118,1604986920000,1440.0,1452.9,1440.0,1444.0,900,,27000,weekly,2020-11-12T21:00:00.000,options,call
119,1604986980000,1434.1,1436.55,1425.0,1425.0,1950,,27000,weekly,2020-11-12T21:00:00.000,options,call
120,1604987040000,1425.0,1441.1,1415.75,1434.4,1600,,27000,weekly,2020-11-12T21:00:00.000,options,call
121,1604987100000,1434.35,1467.55,1434.35,1466.15,1725,,27000,weekly,2020-11-12T21:00:00.000,options,call
122,1604987160000,1467.7,1479.95,1450.0,1452.2,2475,,27000,weekly,2020-11-12T21:00:00.000,options,call
123,1604987220000,1452.2,1453.5,1444.3,1453.35,525,,27000,weekly,2020-11-12T21:00:00.000,options,call
124,1604987280000,1443.45,1447.95,1443.45,1447.95,625,,27000,weekly,2020-11-12T21:00:00.000,options,call
125,1604987340000,1449.5,1465.4,1449.5,1465.4,1000,,27000,weekly,2020-11-12T21:00:00.000,options,call
126,1604987400000,1462.7,1470.0,1460.2,1470.0,225,,27000,weekly,2020-11-12T21:00:00.000,options,call
127,1604987460000,1460.15,1460.15,1454.3,1454.3,525,,27000,weekly,2020-11-12T21:00:00.000,options,call
128,1604987520000,1444.5,1446.35,1426.2,1426.2,1250,,27000,weekly,2020-11-12T21:00:00.000,options,call
129,1604987580000,1425.0,1425.3,1369.75,1378.3,3275,,27000,weekly,2020-11-12T21:00:00.000,options,call
130,1604987640000,1375.0,1379.05,1339.7,1370.0,2850,,27000,weekly,2020-11-12T21:00:00.000,options,call
131,1604987700000,1370.3,1412.15,1367.3,1412.15,3125,,27000,weekly,2020-11-12T21:00:00.000,options,call
132,1604987760000,1399.9,1411.4,1386.15,1400.85,1000,,27000,weekly,2020-11-12T21:00:00.000,options,call
133,1604987820000,1395.75,1395.9,1371.2,1372.45,3050,,27000,weekly,2020-11-12T21:00:00.000,options,call
134,1604987880000,1379.5,1403.7,1379.1,1393.0,1625,,27000,weekly,2020-11-12T21:00:00.000,options,call
135,1604987940000,1398.7,1415.8,1398.7,1415.8,875,,27000,weekly,2020-11-12T21:00:00.000,options,call
136,1604988000000,1415.85,1424.05,1409.7,1412.2,950,,27000,weekly,2020-11-12T21:00:00.000,options,call
137,1604988060000,1406.95,1414.85,1401.05,1414.85,1150,,27000,weekly,2020-11-12T21:00:00.000,options,call
138,1604988120000,1412.75,1412.75,1399.8,1401.95,800,,27000,weekly,2020-11-12T21:00:00.000,options,call
139,1604988180000,1401.95,1406.6,1400.0,1406.6,600,,27000,weekly,2020-11-12T21:00:00.000,options,call
140,1604988240000,1410.0,1410.0,1383.85,1389.05,1250,,27000,weekly,2020-11-12T21:00:00.000,options,call
141,1604988300000,1385.45,1407.7,1385.45,1404.0,1225,,27000,weekly,2020-11-12T21:00:00.000,options,call
142,1604988360000,1404.0,1409.5,1401.5,1404.7,775,,27000,weekly,2020-11-12T21:00:00.000,options,call
143,1604988420000,1410.0,1420.05,1405.65,1406.8,900,,27000,weekly,2020-11-12T21:00:00.000,options,call
144,1604988480000,1400.7,1406.9,1397.85,1397.85,600,,27000,weekly,2020-11-12T21:00:00.000,options,call
145,1604988540000,1397.85,1397.85,1388.5,1390.4,425,,27000,weekly,2020-11-12T21:00:00.000,options,call
146,1604988600000,1392.15,1392.15,1380.0,1380.0,450,,27000,weekly,2020-11-12T21:00:00.000,options,call
147,1604988660000,1379.05,1379.4,1370.0,1378.75,675,,27000,weekly,2020-11-12T21:00:00.000,options,call
148,1604988720000,1379.05,1422.7,1379.05,1412.35,1850,,27000,weekly,2020-11-12T21:00:00.000,options,call
149,1604988780000,1417.9,1417.9,1400.0,1400.95,650,,27000,weekly,2020-11-12T21:00:00.000,options,call
150,1604988840000,1400.95,1415.05,1399.0,1407.25,375,,27000,weekly,2020-11-12T21:00:00.000,options,call
151,1604988900000,1407.25,1407.25,1385.3,1385.3,1025,,27000,weekly,2020-11-12T21:00:00.000,options,call
152,1604988960000,1398.3,1399.4,1380.85,1380.85,975,,27000,weekly,2020-11-12T21:00:00.000,options,call
153,1604989020000,1380.0,1383.6,1380.0,1381.95,125,,27000,weekly,2020-11-12T21:00:00.000,options,call
154,1604989080000,1393.15,1395.0,1371.15,1371.15,1125,,27000,weekly,2020-11-12T21:00:00.000,options,call
155,1604989140000,1370.3,1383.25,1358.25,1381.75,1450,,27000,weekly,2020-11-12T21:00:00.000,options,call
156,1604989200000,1381.6,1398.5,1373.0,1398.5,1125,,27000,weekly,2020-11-12T21:00:00.000,options,call
157,1604989260000,1395.25,1395.25,1388.3,1388.3,375,,27000,weekly,2020-11-12T21:00:00.000,options,call
158,1604989320000,1391.75,1391.75,1360.0,1370.8,1300,,27000,weekly,2020-11-12T21:00:00.000,options,call
159,1604989380000,1370.65,1381.1,1370.0,1375.0,775,,27000,weekly,2020-11-12T21:00:00.000,options,call
160,1604989440000,1365.0,1373.3,1337.05,1373.3,2200,,27000,weekly,2020-11-12T21:00:00.000,options,call
161,1604989500000,1380.55,1406.95,1375.45,1400.0,1850,,27000,weekly,2020-11-12T21:00:00.000,options,call
162,1604989560000,1400.05,1400.05,1390.35,1395.35,200,,27000,weekly,2020-11-12T21:00:00.000,options,call
163,1604989620000,1400.0,1405.5,1389.55,1390.0,525,,27000,weekly,2020-11-12T21:00:00.000,options,call
164,1604989680000,1398.7,1409.25,1398.7,1409.25,400,,27000,weekly,2020-11-12T21:00:00.000,options,call
165,1604989740000,1409.25,1448.95,1409.25,1448.95,1525,,27000,weekly,2020-11-12T21:00:00.000,options,call
166,1604989800000,1448.95,1460.0,1440.6,1449.1,1200,,27000,weekly,2020-11-12T21:00:00.000,options,call
167,1604989860000,1446.3,1446.3,1433.7,1444.0,775,,27000,weekly,2020-11-12T21:00:00.000,options,call
168,1604989920000,1440.0,1445.0,1440.0,1445.0,525,,27000,weekly,2020-11-12T21:00:00.000,options,call
169,1604989980000,1444.85,1445.05,1439.75,1444.75,175,,27000,weekly,2020-11-12T21:00:00.000,options,call
170,1604990040000,1444.75,1451.95,1444.5,1451.95,150,,27000,weekly,2020-11-12T21:00:00.000,options,call
171,1604990100000,1452.25,1452.25,1423.1,1436.5,2225,,27000,weekly,2020-11-12T21:00:00.000,options,call
172,1604990160000,1426.45,1427.65,1418.85,1418.85,300,,27000,weekly,2020-11-12T21:00:00.000,options,call
173,1604990220000,1422.9,1422.9,1422.9,1422.9,150,,27000,weekly,2020-11-12T21:00:00.000,options,call
174,1604990280000,1434.3,1489.9,1434.3,1466.5,2725,,27000,weekly,2020-11-12T21:00:00.000,options,call
175,1604990340000,1462.5,1465.65,1450.0,1451.9,875,,27000,weekly,2020-11-12T21:00:00.000,options,call
176,1604990400000,1451.9,1451.9,1440.4,1440.4,475,,27000,weekly,2020-11-12T21:00:00.000,options,call
177,1604990460000,1447.4,1447.4,1432.55,1442.6,500,,27000,weekly,2020-11-12T21:00:00.000,options,call
178,1604990520000,1433.65,1436.85,1431.6,1436.85,375,,27000,weekly,2020-11-12T21:00:00.000,options,call
179,1604990580000,1435.0,1439.25,1435.0,1439.25,225,,27000,weekly,2020-11-12T21:00:00.000,options,call
180,1604990640000,1432.05,1434.0,1418.85,1433.0,750,,27000,weekly,2020-11-12T21:00:00.000,options,call
181,1604990700000,1433.0,1433.0,1425.8,1425.8,125,,27000,weekly,2020-11-12T21:00:00.000,options,call
182,1604990760000,1425.8,1427.65,1421.5,1424.7,475,,27000,weekly,2020-11-12T21:00:00.000,options,call
183,1604990820000,1424.7,1431.85,1420.15,1429.0,750,,27000,weekly,2020-11-12T21:00:00.000,options,call
184,1604990880000,1429.0,1429.0,1418.75,1425.65,500,,27000,weekly,2020-11-12T21:00:00.000,options,call
185,1604990940000,1432.35,1453.0,1432.35,1448.9,950,,27000,weekly,2020-11-12T21:00:00.000,options,call
186,1604991000000,1451.0,1461.2,1450.85,1456.3,750,,27000,weekly,2020-11-12T21:00:00.000,options,call
187,1604991060000,1459.75,1459.75,1443.0,1443.0,400,,27000,weekly,2020-11-12T21:00:00.000,options,call
188,1604991180000,1441.3,1450.6,1441.3,1450.6,450,,27000,weekly,2020-11-12T21:00:00.000,options,call
189,1604991240000,1450.6,1457.0,1448.15,1448.15,300,,27000,weekly,2020-11-12T21:00:00.000,options,call
190,1604991300000,1458.55,1474.8,1458.4,1458.6,975,,27000,weekly,2020-11-12T21:00:00.000,options,call
191,1604991360000,1455.0,1455.0,1440.5,1440.5,625,,27000,weekly,2020-11-12T21:00:00.000,options,call
192,1604991420000,1451.7,1451.7,1437.15,1437.15,400,,27000,weekly,2020-11-12T21:00:00.000,options,call
193,1604991480000,1437.15,1470.85,1437.15,1470.85,900,,27000,weekly,2020-11-12T21:00:00.000,options,call
194,1604991540000,1473.05,1500.0,1473.05,1482.0,2750,,27000,weekly,2020-11-12T21:00:00.000,options,call
195,1604991600000,1483.0,1483.0,1473.5,1477.85,300,,27000,weekly,2020-11-12T21:00:00.000,options,call
196,1604991660000,1480.7,1485.55,1460.0,1465.0,1225,,27000,weekly,2020-11-12T21:00:00.000,options,call
197,1604991720000,1465.0,1482.25,1465.0,1472.7,550,,27000,weekly,2020-11-12T21:00:00.000,options,call
198,1604991780000,1466.45,1478.5,1466.45,1478.5,850,,27000,weekly,2020-11-12T21:00:00.000,options,call
199,1604991840000,1478.5,1486.45,1476.0,1478.75,300,,27000,weekly,2020-11-12T21:00:00.000,options,call
200,1604991960000,1487.35,1494.5,1480.0,1480.0,500,,27000,weekly,2020-11-12T21:00:00.000,options,call
201,1604992020000,1490.0,1524.0,1490.0,1519.65,1200,,27000,weekly,2020-11-12T21:00:00.000,options,call
202,1604992080000,1517.8,1517.8,1503.5,1508.1,250,,27000,weekly,2020-11-12T21:00:00.000,options,call
203,1604992140000,1510.0,1510.85,1490.0,1491.0,525,,27000,weekly,2020-11-12T21:00:00.000,options,call
204,1604992200000,1491.0,1501.1,1491.0,1500.15,250,,27000,weekly,2020-11-12T21:00:00.000,options,call
205,1604992260000,1502.0,1502.0,1500.3,1500.95,150,,27000,weekly,2020-11-12T21:00:00.000,options,call
206,1604992320000,1500.15,1500.15,1495.6,1495.6,125,,27000,weekly,2020-11-12T21:00:00.000,options,call
207,1604992380000,1495.6,1496.2,1495.6,1496.2,75,,27000,weekly,2020-11-12T21:00:00.000,options,call
208,1604992440000,1512.0,1512.0,1497.75,1497.75,200,,27000,weekly,2020-11-12T21:00:00.000,options,call
209,1604992500000,1489.85,1501.0,1480.0,1497.5,1875,,27000,weekly,2020-11-12T21:00:00.000,options,call
210,1604992560000,1494.35,1504.95,1492.35,1504.95,125,,27000,weekly,2020-11-12T21:00:00.000,options,call
211,1604992620000,1504.5,1509.75,1500.0,1509.75,250,,27000,weekly,2020-11-12T21:00:00.000,options,call
212,1604992680000,1517.85,1532.9,1517.85,1530.35,675,,27000,weekly,2020-11-12T21:00:00.000,options,call
213,1604992740000,1567.0,1567.0,1523.5,1523.5,950,,27000,weekly,2020-11-12T21:00:00.000,options,call
214,1604992800000,1523.5,1528.3,1521.4,1528.3,350,,27000,weekly,2020-11-12T21:00:00.000,options,call
215,1604992860000,1528.1,1540.25,1528.1,1540.05,275,,27000,weekly,2020-11-12T21:00:00.000,options,call
216,1604992920000,1547.65,1555.0,1542.0,1554.25,400,,27000,weekly,2020-11-12T21:00:00.000,options,call
217,1604992980000,1554.25,1591.85,1554.25,1561.05,750,,27000,weekly,2020-11-12T21:00:00.000,options,call
218,1604993040000,1561.05,1562.05,1560.0,1561.95,725,,27000,weekly,2020-11-12T21:00:00.000,options,call
219,1604993100000,1561.0,1566.05,1561.0,1566.05,375,,27000,weekly,2020-11-12T21:00:00.000,options,call
220,1604993160000,1566.05,1593.5,1566.05,1593.15,600,,27000,weekly,2020-11-12T21:00:00.000,options,call
221,1604993220000,1591.05,1619.55,1591.05,1619.55,925,,27000,weekly,2020-11-12T21:00:00.000,options,call
222,1604993280000,1610.0,1658.1,1606.5,1652.65,900,,27000,weekly,2020-11-12T21:00:00.000,options,call
223,1604993340000,1699.95,1731.45,1696.0,1709.05,2500,,27000,weekly,2020-11-12T21:00:00.000,options,call
224,1604993400000,1709.4,1739.3,1709.4,1739.3,850,,27000,weekly,2020-11-12T21:00:00.000,options,call
225,1604993460000,1730.0,1731.1,1691.3,1700.0,1650,,27000,weekly,2020-11-12T21:00:00.000,options,call
226,1604993520000,1700.0,1700.0,1675.05,1690.0,675,,27000,weekly,2020-11-12T21:00:00.000,options,call
227,1604993580000,1690.0,1690.0,1659.05,1665.3,6050,,27000,weekly,2020-11-12T21:00:00.000,options,call
228,1604993640000,1665.55,1665.55,1629.5,1655.1,1450,,27000,weekly,2020-11-12T21:00:00.000,options,call
229,1604993700000,1648.25,1679.55,1639.0,1679.55,1225,,27000,weekly,2020-11-12T21:00:00.000,options,call
230,1604993760000,1679.25,1686.35,1676.1,1686.35,725,,27000,weekly,2020-11-12T21:00:00.000,options,call
231,1604993820000,1686.35,1700.0,1686.35,1692.3,1300,,27000,weekly,2020-11-12T21:00:00.000,options,call
232,1604993880000,1692.3,1693.45,1682.85,1693.45,300,,27000,weekly,2020-11-12T21:00:00.000,options,call
233,1604993940000,1703.0,1743.05,1703.0,1736.0,900,,27000,weekly,2020-11-12T21:00:00.000,options,call
234,1604994000000,1740.65,1740.65,1707.45,1710.7,575,,27000,weekly,2020-11-12T21:00:00.000,options,call
235,1604994060000,1695.2,1699.75,1673.3,1685.4,1300,,27000,weekly,2020-11-12T21:00:00.000,options,call
236,1604994120000,1685.4,1710.7,1685.0,1710.7,550,,27000,weekly,2020-11-12T21:00:00.000,options,call
237,1604994180000,1705.2,1737.05,1700.0,1726.05,725,,27000,weekly,2020-11-12T21:00:00.000,options,call
238,1604994240000,1721.0,1721.0,1700.0,1704.35,700,,27000,weekly,2020-11-12T21:00:00.000,options,call
239,1604994300000,1691.7,1700.0,1691.7,1700.0,175,,27000,weekly,2020-11-12T21:00:00.000,options,call
240,1604994360000,1692.0,1692.0,1680.0,1689.95,1500,,27000,weekly,2020-11-12T21:00:00.000,options,call
241,1604994420000,1698.35,1720.0,1698.35,1720.0,1175,,27000,weekly,2020-11-12T21:00:00.000,options,call
242,1604994480000,1710.05,1710.05,1686.3,1686.3,575,,27000,weekly,2020-11-12T21:00:00.000,options,call
243,1604994540000,1686.3,1690.0,1677.9,1680.0,775,,27000,weekly,2020-11-12T21:00:00.000,options,call
244,1604994600000,1680.0,1700.0,1680.0,1695.6,3200,,27000,weekly,2020-11-12T21:00:00.000,options,call
245,1604994660000,1695.95,1697.4,1695.95,1697.4,350,,27000,weekly,2020-11-12T21:00:00.000,options,call
246,1604994720000,1686.05,1690.0,1686.05,1690.0,150,,27000,weekly,2020-11-12T21:00:00.000,options,call
247,1604994780000,1700.0,1700.0,1700.0,1700.0,25,,27000,weekly,2020-11-12T21:00:00.000,options,call
248,1604994840000,1690.0,1696.8,1686.0,1696.8,825,,27000,weekly,2020-11-12T21:00:00.000,options,call
249,1604994900000,1687.5,1687.5,1670.0,1671.9,850,,27000,weekly,2020-11-12T21:00:00.000,options,call
250,1604994960000,1669.05,1687.15,1669.05,1677.6,875,,27000,weekly,2020-11-12T21:00:00.000,options,call
251,1604995020000,1687.35,1687.35,1670.0,1670.0,525,,27000,weekly,2020-11-12T21:00:00.000,options,call
252,1604995080000,1680.0,1692.4,1679.9,1687.05,400,,27000,weekly,2020-11-12T21:00:00.000,options,call
253,1604995140000,1697.65,1717.05,1684.85,1717.05,1650,,27000,weekly,2020-11-12T21:00:00.000,options,call
254,1604995200000,1706.9,1728.75,1706.9,1710.2,800,,27000,weekly,2020-11-12T21:00:00.000,options,call
255,1604995260000,1707.15,1707.15,1696.35,1705.85,525,,27000,weekly,2020-11-12T21:00:00.000,options,call
256,1604995320000,1707.3,1707.3,1691.4,1697.2,700,,27000,weekly,2020-11-12T21:00:00.000,options,call
257,1604995380000,1706.0,1706.0,1700.15,1701.0,125,,27000,weekly,2020-11-12T21:00:00.000,options,call
258,1604995440000,1707.85,1708.7,1697.1,1704.8,825,,27000,weekly,2020-11-12T21:00:00.000,options,call
259,1604995500000,1707.3,1739.8,1697.55,1739.8,2000,,27000,weekly,2020-11-12T21:00:00.000,options,call
260,1604995560000,1725.35,1725.55,1695.65,1695.65,900,,27000,weekly,2020-11-12T21:00:00.000,options,call
261,1604995620000,1696.65,1707.8,1691.0,1707.35,475,,27000,weekly,2020-11-12T21:00:00.000,options,call
262,1604995680000,1696.5,1715.05,1695.0,1715.05,625,,27000,weekly,2020-11-12T21:00:00.000,options,call
263,1604995740000,1696.75,1697.0,1696.75,1697.0,50,,27000,weekly,2020-11-12T21:00:00.000,options,call
264,1604995800000,1697.0,1697.0,1685.5,1695.7,1025,,27000,weekly,2020-11-12T21:00:00.000,options,call
265,1604995860000,1700.0,1707.0,1700.0,1706.0,1275,,27000,weekly,2020-11-12T21:00:00.000,options,call
266,1604995920000,1694.25,1706.0,1694.25,1700.0,675,,27000,weekly,2020-11-12T21:00:00.000,options,call
267,1604995980000,1701.7,1711.85,1701.7,1711.55,1675,,27000,weekly,2020-11-12T21:00:00.000,options,call
268,1604996040000,1717.7,1777.65,1717.7,1746.8,2500,,27000,weekly,2020-11-12T21:00:00.000,options,call
269,1604996100000,1759.95,1789.9,1759.65,1781.25,925,,27000,weekly,2020-11-12T21:00:00.000,options,call
270,1604996160000,1773.5,1774.8,1770.0,1770.7,1575,,27000,weekly,2020-11-12T21:00:00.000,options,call
271,1604996220000,1778.0,1790.85,1774.75,1783.1,1450,,27000,weekly,2020-11-12T21:00:00.000,options,call
272,1604996280000,1785.45,1808.4,1785.0,1800.0,2200,,27000,weekly,2020-11-12T21:00:00.000,options,call
273,1604996340000,1809.8,1825.35,1800.0,1800.05,3050,,27000,weekly,2020-11-12T21:00:00.000,options,call
274,1604996400000,1800.0,1803.85,1789.05,1789.05,4050,,27000,weekly,2020-11-12T21:00:00.000,options,call
275,1604996460000,1800.55,1802.2,1795.0,1795.0,700,,27000,weekly,2020-11-12T21:00:00.000,options,call
276,1604996520000,1796.0,1800.45,1792.05,1800.45,675,,27000,weekly,2020-11-12T21:00:00.000,options,call
277,1604996580000,1794.4,1801.9,1791.0,1800.0,2275,,27000,weekly,2020-11-12T21:00:00.000,options,call
278,1604996640000,1790.9,1790.9,1755.5,1755.5,1750,,27000,weekly,2020-11-12T21:00:00.000,options,call
279,1604996700000,1760.0,1771.65,1757.0,1765.0,3375,,27000,weekly,2020-11-12T21:00:00.000,options,call
280,1604996760000,1765.0,1783.9,1765.0,1783.15,2725,,27000,weekly,2020-11-12T21:00:00.000,options,call
281,1604996820000,1785.0,1785.05,1778.35,1782.0,500,,27000,weekly,2020-11-12T21:00:00.000,options,call
282,1604996880000,1785.35,1790.0,1774.95,1774.95,5450,,27000,weekly,2020-11-12T21:00:00.000,options,call
283,1604996940000,1774.0,1783.1,1733.5,1733.5,5800,,27000,weekly,2020-11-12T21:00:00.000,options,call
284,1604997000000,1735.0,1740.0,1674.3,1698.95,2850,,27000,weekly,2020-11-12T21:00:00.000,options,call
285,1604997060000,1690.0,1722.65,1690.0,1705.1,3175,,27000,weekly,2020-11-12T21:00:00.000,options,call
286,1604997120000,1699.1,1714.55,1656.35,1656.35,3125,,27000,weekly,2020-11-12T21:00:00.000,options,call
287,1604997180000,1660.0,1710.0,1655.75,1694.4,3100,,27000,weekly,2020-11-12T21:00:00.000,options,call
288,1604997240000,1700.0,1700.0,1607.1,1617.8,4050,,27000,weekly,2020-11-12T21:00:00.000,options,call
289,1604997300000,1617.8,1647.75,1614.6,1616.2,2150,,27000,weekly,2020-11-12T21:00:00.000,options,call
290,1604997360000,1606.95,1606.95,1553.0,1568.0,4075,,27000,weekly,2020-11-12T21:00:00.000,options,call
291,1604997420000,1561.3,1561.3,1512.0,1522.9,4875,,27000,weekly,2020-11-12T21:00:00.000,options,call
292,1604997480000,1524.1,1566.25,1511.9,1531.35,4350,,27000,weekly,2020-11-12T21:00:00.000,options,call
293,1604997540000,1521.85,1521.85,1445.1,1460.0,5450,,27000,weekly,2020-11-12T21:00:00.000,options,call
294,1604997600000,1467.25,1471.5,1419.55,1471.5,1250,,27000,weekly,2020-11-12T21:00:00.000,options,call
295,1604997660000,1478.65,1522.95,1478.65,1478.65,3850,,27000,weekly,2020-11-12T21:00:00.000,options,call
296,1604997720000,1464.0,1475.1,1411.0,1421.75,5825,,27000,weekly,2020-11-12T21:00:00.000,options,call
297,1604997780000,1435.25,1460.45,1380.0,1380.0,1075,,27000,weekly,2020-11-12T21:00:00.000,options,call
298,1604997840000,1393.35,1447.3,1374.85,1428.7,925,,27000,weekly,2020-11-12T21:00:00.000,options,call
299,1604997900000,1432.0,1491.05,1428.9,1458.15,5150,,27000,weekly,2020-11-12T21:00:00.000,options,call
300,1604997960000,1458.15,1460.0,1417.15,1417.15,2950,,27000,weekly,2020-11-12T21:00:00.000,options,call
301,1604998020000,1436.65,1455.35,1424.35,1442.4,225,,27000,weekly,2020-11-12T21:00:00.000,options,call
302,1604998080000,1443.4,1481.8,1442.4,1446.55,1325,,27000,weekly,2020-11-12T21:00:00.000,options,call
303,1604998140000,1452.85,1474.0,1447.85,1474.0,350,,27000,weekly,2020-11-12T21:00:00.000,options,call
304,1604998200000,1464.3,1550.55,1464.3,1535.8,1125,,27000,weekly,2020-11-12T21:00:00.000,options,call
305,1604998260000,1528.4,1538.7,1497.5,1504.75,3100,,27000,weekly,2020-11-12T21:00:00.000,options,call
306,1604998320000,1501.85,1505.45,1491.45,1491.45,250,,27000,weekly,2020-11-12T21:00:00.000,options,call
307,1604998380000,1484.35,1486.25,1445.3,1447.05,1425,,27000,weekly,2020-11-12T21:00:00.000,options,call
308,1604998440000,1447.05,1447.05,1391.65,1412.3,3275,,27000,weekly,2020-11-12T21:00:00.000,options,call
309,1604998500000,1421.25,1421.25,1390.55,1412.3,1650,,27000,weekly,2020-11-12T21:00:00.000,options,call
310,1604998560000,1413.65,1456.55,1399.8,1446.5,2850,,27000,weekly,2020-11-12T21:00:00.000,options,call
311,1604998620000,1437.4,1437.4,1390.55,1391.3,2025,,27000,weekly,2020-11-12T21:00:00.000,options,call
312,1604998680000,1401.7,1427.75,1400.0,1407.8,1500,,27000,weekly,2020-11-12T21:00:00.000,options,call
313,1604998740000,1400.15,1469.0,1398.7,1434.75,2275,,27000,weekly,2020-11-12T21:00:00.000,options,call
314,1604998800000,1434.75,1448.15,1425.75,1446.85,1550,,27000,weekly,2020-11-12T21:00:00.000,options,call
315,1604998860000,1456.8,1474.5,1452.15,1453.5,2025,,27000,weekly,2020-11-12T21:00:00.000,options,call
316,1604998920000,1443.85,1473.2,1435.25,1473.2,1650,,27000,weekly,2020-11-12T21:00:00.000,options,call
317,1604998980000,1460.55,1504.0,1460.55,1500.0,3600,,27000,weekly,2020-11-12T21:00:00.000,options,call
318,1604999040000,1488.6,1489.45,1460.4,1460.4,1050,,27000,weekly,2020-11-12T21:00:00.000,options,call
319,1604999100000,1470.6,1486.0,1469.8,1486.0,1325,,27000,weekly,2020-11-12T21:00:00.000,options,call
320,1604999160000,1480.75,1480.75,1451.1,1464.7,1375,,27000,weekly,2020-11-12T21:00:00.000,options,call
321,1604999220000,1451.25,1451.35,1431.5,1451.35,1250,,27000,weekly,2020-11-12T21:00:00.000,options,call
322,1604999280000,1451.25,1460.0,1451.25,1460.0,525,,27000,weekly,2020-11-12T21:00:00.000,options,call
323,1604999340000,1465.45,1488.0,1458.3,1462.0,2050,,27000,weekly,2020-11-12T21:00:00.000,options,call
324,1604999400000,1468.7,1468.7,1468.7,1468.7,300,,27000,weekly,2020-11-12T21:00:00.000,options,call
325,1604999460000,1476.2,1532.85,1475.85,1511.85,3225,,27000,weekly,2020-11-12T21:00:00.000,options,call
326,1604999520000,1511.85,1523.0,1499.8,1500.0,1850,,27000,weekly,2020-11-12T21:00:00.000,options,call
327,1604999580000,1492.45,1507.0,1490.8,1507.0,2750,,27000,weekly,2020-11-12T21:00:00.000,options,call
328,1604999640000,1511.45,1530.65,1511.45,1530.65,850,,27000,weekly,2020-11-12T21:00:00.000,options,call
329,1604999700000,1521.7,1521.7,1500.0,1500.65,950,,27000,weekly,2020-11-12T21:00:00.000,options,call
330,1604999760000,1511.95,1542.3,1511.95,1536.95,1250,,27000,weekly,2020-11-12T21:00:00.000,options,call
331,1604999820000,1536.95,1550.0,1530.0,1539.0,675,,27000,weekly,2020-11-12T21:00:00.000,options,call
332,1604999880000,1542.05,1550.3,1530.1,1534.6,525,,27000,weekly,2020-11-12T21:00:00.000,options,call
333,1604999940000,1534.6,1534.6,1502.75,1513.15,850,,27000,weekly,2020-11-12T21:00:00.000,options,call
334,1605000000000,1521.75,1550.6,1521.75,1549.65,1625,,27000,weekly,2020-11-12T21:00:00.000,options,call
335,1605000060000,1557.75,1575.25,1557.75,1575.25,925,,27000,weekly,2020-11-12T21:00:00.000,options,call
336,1605000120000,1561.2,1586.1,1561.2,1586.1,1300,,27000,weekly,2020-11-12T21:00:00.000,options,call
337,1605000180000,1587.6,1623.0,1587.6,1623.0,1675,,27000,weekly,2020-11-12T21:00:00.000,options,call
338,1605000240000,1636.7,1639.75,1605.75,1619.6,3975,,27000,weekly,2020-11-12T21:00:00.000,options,call
339,1605000300000,1619.6,1648.55,1615.0,1648.55,1450,,27000,weekly,2020-11-12T21:00:00.000,options,call
340,1605000360000,1648.5,1667.35,1642.95,1667.35,925,,27000,weekly,2020-11-12T21:00:00.000,options,call
341,1605000420000,1664.5,1678.0,1664.5,1665.2,2850,,27000,weekly,2020-11-12T21:00:00.000,options,call
342,1605000480000,1665.2,1675.0,1648.3,1675.0,1925,,27000,weekly,2020-11-12T21:00:00.000,options,call
343,1605000540000,1670.45,1692.65,1666.15,1692.15,1225,,27000,weekly,2020-11-12T21:00:00.000,options,call
344,1605000600000,1704.3,1707.75,1693.3,1693.45,775,,27000,weekly,2020-11-12T21:00:00.000,options,call
345,1605000660000,1690.0,1691.45,1681.2,1681.2,675,,27000,weekly,2020-11-12T21:00:00.000,options,call
346,1605000720000,1679.55,1679.55,1595.45,1595.45,3100,,27000,weekly,2020-11-12T21:00:00.000,options,call
347,1605000780000,1585.75,1622.55,1576.65,1622.55,2350,,27000,weekly,2020-11-12T21:00:00.000,options,call
348,1605000840000,1622.0,1650.0,1622.0,1650.0,1025,,27000,weekly,2020-11-12T21:00:00.000,options,call
349,1605000900000,1652.95,1674.0,1652.95,1665.8,1125,,27000,weekly,2020-11-12T21:00:00.000,options,call
350,1605000960000,1662.85,1662.85,1645.0,1655.3,1100,,27000,weekly,2020-11-12T21:00:00.000,options,call
351,1605001020000,1654.5,1664.3,1648.0,1664.3,350,,27000,weekly,2020-11-12T21:00:00.000,options,call
352,1605001080000,1665.8,1666.4,1654.95,1660.0,425,,27000,weekly,2020-11-12T21:00:00.000,options,call
353,1605001140000,1652.1,1660.0,1650.0,1650.5,350,,27000,weekly,2020-11-12T21:00:00.000,options,call
354,1605001200000,1655.0,1656.2,1642.95,1654.5,1575,,27000,weekly,2020-11-12T21:00:00.000,options,call
355,1605001260000,1654.5,1657.9,1631.3,1632.9,3475,,27000,weekly,2020-11-12T21:00:00.000,options,call
356,1605001320000,1632.05,1638.0,1624.55,1635.35,7175,,27000,weekly,2020-11-12T21:00:00.000,options,call
357,1605001380000,1636.1,1637.6,1620.6,1622.05,4625,,27000,weekly,2020-11-12T21:00:00.000,options,call
358,1605001440000,1616.8,1616.8,1603.35,1612.45,1875,,27000,weekly,2020-11-12T21:00:00.000,options,call
359,1605001500000,1611.05,1632.65,1608.85,1627.35,2825,,27000,weekly,2020-11-12T21:00:00.000,options,call
360,1605001560000,1628.65,1650.9,1625.25,1650.9,1850,,27000,weekly,2020-11-12T21:00:00.000,options,call
361,1605001620000,1650.65,1656.65,1645.3,1648.6,2000,,27000,weekly,2020-11-12T21:00:00.000,options,call
362,1605001680000,1647.25,1651.4,1640.0,1646.15,2525,,27000,weekly,2020-11-12T21:00:00.000,options,call
363,1605001740000,1649.5,1662.55,1647.05,1660.0,2750,,27000,weekly,2020-11-12T21:00:00.000,options,call
364,1605001800000,1658.55,1665.5,1652.65,1656.45,1975,,27000,weekly,2020-11-12T21:00:00.000,options,call
365,1605001860000,1658.35,1670.55,1658.35,1667.25,2775,,27000,weekly,2020-11-12T21:00:00.000,options,call
366,1605001920000,1667.45,1670.0,1664.15,1666.0,6850,,27000,weekly,2020-11-12T21:00:00.000,options,call
367,1605001980000,1666.0,1668.45,1662.05,1668.45,5300,,27000,weekly,2020-11-12T21:00:00.000,options,call
368,1605002040000,1667.5,1673.0,1664.65,1668.6,6675,,27000,weekly,2020-11-12T21:00:00.000,options,call
369,1605002100000,1668.6,1668.6,1662.65,1665.9,2250,,27000,weekly,2020-11-12T21:00:00.000,options,call
370,1605002160000,1665.9,1665.9,1659.25,1659.35,4250,,27000,weekly,2020-11-12T21:00:00.000,options,call
371,1605002220000,1661.1,1662.55,1652.7,1655.55,8550,,27000,weekly,2020-11-12T21:00:00.000,options,call
372,1605002280000,1651.75,1659.05,1650.0,1654.95,5575,,27000,weekly,2020-11-12T21:00:00.000,options,call
