,timestamp,open,high,low,close,volume,open_interest,strike,expiry_type,expiry,instrument,contract_type
0,1638522900000,250.0,299.25,223.1,294.6,340625,714075,37000,weekly,2021-12-9T21:00:00.000,options,call
1,1638522960000,288.2,306.9,288.2,302.3,307175,714075,37000,weekly,2021-12-9T21:00:00.000,options,call
2,1638523020000,301.45,301.5,276.05,276.05,235250,835250,37000,weekly,2021-12-9T21:00:00.000,options,call
3,1638523080000,278.9,309.85,272.0,308.5,298625,835250,37000,weekly,2021-12-9T21:00:00.000,options,call
4,1638523140000,308.1,322.75,307.35,318.95,296000,835250,37000,weekly,2021-12-9T21:00:00.000,options,call
5,1638523200000,319.7,329.65,312.0,314.6,266600,959925,37000,weekly,2021-12-9T21:00:00.000,options,call
6,1638523260000,313.95,342.7,308.4,338.25,429725,959925,37000,weekly,2021-12-9T21:00:00.000,options,call
7,1638523320000,340.45,344.6,323.65,338.05,299975,959925,37000,weekly,2021-12-9T21:00:00.000,options,call
8,1638523380000,338.6,343.9,329.4,335.35,206175,1009125,37000,weekly,2021-12-9T21:00:00.000,options,call
9,1638523440000,335.4,335.75,322.35,326.05,175700,1009125,37000,weekly,2021-12-9T21:00:00.000,options,call
10,1638523500000,324.1,337.65,314.05,337.65,244400,1009125,37000,weekly,2021-12-9T21:00:00.000,options,call
11,1638523560000,339.45,355.0,333.4,347.25,387300,1088975,37000,weekly,2021-12-9T21:00:00.000,options,call
12,1638523620000,345.7,350.25,336.2,348.9,233025,1088975,37000,weekly,2021-12-9T21:00:00.000,options,call
13,1638523680000,347.55,355.0,345.15,350.0,198850,1088975,37000,weekly,2021-12-9T21:00:00.000,options,call
14,1638523740000,349.65,350.0,336.05,336.1,168850,1146475,37000,weekly,2021-12-9T21:00:00.000,options,call
15,1638523800000,336.35,343.3,323.05,330.75,215675,1146475,37000,weekly,2021-12-9T21:00:00.000,options,call
16,1638523860000,332.1,335.75,326.1,328.6,122600,1146475,37000,weekly,2021-12-9T21:00:00.000,options,call
17,1638523920000,328.05,337.9,318.0,337.9,181325,1234925,37000,weekly,2021-12-9T21:00:00.000,options,call
18,1638523980000,339.1,364.8,339.1,357.85,448475,1234925,37000,weekly,2021-12-9T21:00:00.000,options,call
19,1638524040000,352.3,361.2,348.3,352.25,190775,1234925,37000,weekly,2021-12-9T21:00:00.000,options,call
20,1638524100000,353.2,361.6,349.5,351.3,200400,1230375,37000,weekly,2021-12-9T21:00:00.000,options,call
21,1638524160000,352.2,352.95,334.1,341.9,183250,1230375,37000,weekly,2021-12-9T21:00:00.000,options,call
22,1638524220000,340.15,342.7,334.7,335.05,88600,1230375,37000,weekly,2021-12-9T21:00:00.000,options,call
23,1638524280000,334.1,336.55,324.45,334.1,124700,1263825,37000,weekly,2021-12-9T21:00:00.000,options,call
24,1638524340000,334.6,343.1,329.85,333.45,112350,1263825,37000,weekly,2021-12-9T21:00:00.000,options,call
25,1638524400000,332.4,334.85,323.05,324.4,102475,1263825,37000,weekly,2021-12-9T21:00:00.000,options,call
26,1638524460000,323.7,330.25,314.55,321.7,147025,1270575,37000,weekly,2021-12-9T21:00:00.000,options,call
27,1638524520000,319.25,319.25,287.5,289.45,293800,1270575,37000,weekly,2021-12-9T21:00:00.000,options,call
28,1638524580000,289.25,300.8,288.65,292.4,185775,1270575,37000,weekly,2021-12-9T21:00:00.000,options,call
29,1638524640000,293.95,309.75,291.65,305.45,158575,1289825,37000,weekly,2021-12-9T21:00:00.000,options,call
30,1638524700000,303.95,305.3,290.35,299.25,147600,1289825,37000,weekly,2021-12-9T21:00:00.000,options,call
31,1638524760000,299.6,302.25,290.85,292.75,110150,1289825,37000,weekly,2021-12-9T21:00:00.000,options,call
32,1638524820000,292.05,300.35,289.6,299.05,112750,1356150,37000,weekly,2021-12-9T21:00:00.000,options,call
33,1638524880000,300.45,313.5,296.45,313.5,126350,1356150,37000,weekly,2021-12-9T21:00:00.000,options,call
34,1638524940000,313.5,315.0,301.35,301.9,139750,1356150,37000,weekly,2021-12-9T21:00:00.000,options,call
35,1638525000000,301.6,312.0,301.0,305.85,97500,1369825,37000,weekly,2021-12-9T21:00:00.000,options,call
36,1638525060000,303.25,307.95,292.35,293.45,100575,1369825,37000,weekly,2021-12-9T21:00:00.000,options,call
37,1638525120000,294.8,294.8,277.8,281.1,179225,1369825,37000,weekly,2021-12-9T21:00:00.000,options,call
38,1638525180000,281.2,284.15,271.2,272.05,138675,1366025,37000,weekly,2021-12-9T21:00:00.000,options,call
39,1638525240000,271.35,271.35,256.0,257.8,225575,1366025,37000,weekly,2021-12-9T21:00:00.000,options,call
40,1638525300000,258.35,272.8,254.15,270.5,195950,1366025,37000,weekly,2021-12-9T21:00:00.000,options,call
41,1638525360000,271.3,279.25,260.6,261.95,138250,1361750,37000,weekly,2021-12-9T21:00:00.000,options,call
42,1638525420000,258.75,270.25,258.0,258.0,113300,1361750,37000,weekly,2021-12-9T21:00:00.000,options,call
43,1638525480000,257.05,264.7,255.1,256.9,125725,1361750,37000,weekly,2021-12-9T21:00:00.000,options,call
44,1638525540000,257.4,260.5,250.2,259.6,107475,1368150,37000,weekly,2021-12-9T21:00:00.000,options,call
45,1638525600000,259.1,259.1,243.75,252.6,144075,1368150,37000,weekly,2021-12-9T21:00:00.000,options,call
46,1638525660000,250.05,266.95,248.75,265.0,123200,1368150,37000,weekly,2021-12-9T21:00:00.000,options,call
47,1638525720000,264.3,272.0,260.5,265.7,98425,1365650,37000,weekly,2021-12-9T21:00:00.000,options,call
48,1638525780000,264.6,265.35,251.4,251.5,91425,1365650,37000,weekly,2021-12-9T21:00:00.000,options,call
49,1638525840000,250.55,256.35,250.55,254.2,50100,1365650,37000,weekly,2021-12-9T21:00:00.000,options,call
50,1638525900000,253.55,266.5,251.25,266.35,81875,1390400,37000,weekly,2021-12-9T21:00:00.000,options,call
51,1638525960000,266.4,273.8,265.6,272.1,90175,1390400,37000,weekly,2021-12-9T21:00:00.000,options,call
52,1638526020000,272.8,273.0,267.35,268.0,76575,1390400,37000,weekly,2021-12-9T21:00:00.000,options,call
53,1638526080000,268.8,272.4,260.0,260.45,89675,1416575,37000,weekly,2021-12-9T21:00:00.000,options,call
54,1638526140000,260.15,261.7,243.35,245.1,134650,1416575,37000,weekly,2021-12-9T21:00:00.000,options,call
55,1638526200000,246.55,249.0,238.2,242.8,141300,1416575,37000,weekly,2021-12-9T21:00:00.000,options,call
56,1638526260000,240.7,244.15,239.05,242.05,89175,1416850,37000,weekly,2021-12-9T21:00:00.000,options,call
57,1638526320000,242.8,243.9,231.7,236.2,99475,1416850,37000,weekly,2021-12-9T21:00:00.000,options,call
58,1638526380000,236.55,257.0,236.55,253.0,136550,1416850,37000,weekly,2021-12-9T21:00:00.000,options,call
59,1638526440000,253.6,260.7,248.6,250.85,102225,1427100,37000,weekly,2021-12-9T21:00:00.000,options,call
60,1638526500000,251.85,252.0,240.75,245.95,87325,1427100,37000,weekly,2021-12-9T21:00:00.000,options,call
61,1638526560000,246.0,247.05,239.3,240.75,74175,1427100,37000,weekly,2021-12-9T21:00:00.000,options,call
62,1638526620000,238.95,246.4,238.95,240.95,40950,1451700,37000,weekly,2021-12-9T21:00:00.000,options,call
63,1638526680000,240.25,241.7,228.05,231.0,107125,1451700,37000,weekly,2021-12-9T21:00:00.000,options,call
64,1638526740000,231.0,235.15,217.35,220.0,151200,1451700,37000,weekly,2021-12-9T21:00:00.000,options,call
65,1638526800000,221.05,232.75,218.95,226.3,123675,1452100,37000,weekly,2021-12-9T21:00:00.000,options,call
66,1638526860000,225.85,236.55,225.85,231.85,83200,1452100,37000,weekly,2021-12-9T21:00:00.000,options,call
67,1638526920000,231.4,235.55,225.7,234.8,80675,1452100,37000,weekly,2021-12-9T21:00:00.000,options,call
68,1638526980000,234.6,236.35,231.45,234.45,45125,1455125,37000,weekly,2021-12-9T21:00:00.000,options,call
69,1638527040000,233.55,238.6,231.25,231.25,57475,1455125,37000,weekly,2021-12-9T21:00:00.000,options,call
70,1638527100000,232.35,234.0,226.8,228.95,67900,1455125,37000,weekly,2021-12-9T21:00:00.000,options,call
71,1638527160000,228.3,245.1,226.8,243.55,89900,1457050,37000,weekly,2021-12-9T21:00:00.000,options,call
72,1638527220000,244.25,253.15,242.9,251.8,97300,1457050,37000,weekly,2021-12-9T21:00:00.000,options,call
73,1638527280000,252.0,252.0,246.55,249.0,61475,1457050,37000,weekly,2021-12-9T21:00:00.000,options,call
74,1638527340000,250.2,251.3,246.75,246.75,50550,1470050,37000,weekly,2021-12-9T21:00:00.000,options,call
75,1638527400000,246.75,261.0,245.9,260.25,119650,1470050,37000,weekly,2021-12-9T21:00:00.000,options,call
76,1638527460000,260.8,261.0,254.0,255.05,82375,1470050,37000,weekly,2021-12-9T21:00:00.000,options,call
77,1638527520000,256.0,259.8,251.7,251.7,60150,1504900,37000,weekly,2021-12-9T21:00:00.000,options,call
78,1638527580000,251.65,257.35,248.0,248.85,80725,1504900,37000,weekly,2021-12-9T21:00:00.000,options,call
79,1638527640000,246.9,249.3,242.4,247.1,68950,1504900,37000,weekly,2021-12-9T21:00:00.000,options,call
80,1638527700000,246.0,246.65,240.0,243.65,60100,1523325,37000,weekly,2021-12-9T21:00:00.000,options,call
81,1638527760000,243.3,244.4,238.85,240.95,43300,1523325,37000,weekly,2021-12-9T21:00:00.000,options,call
82,1638527820000,241.85,243.5,232.65,237.2,45725,1523325,37000,weekly,2021-12-9T21:00:00.000,options,call
83,1638527880000,239.05,250.35,238.25,249.3,57725,1523275,37000,weekly,2021-12-9T21:00:00.000,options,call
84,1638527940000,250.9,256.8,249.85,255.05,76275,1523275,37000,weekly,2021-12-9T21:00:00.000,options,call
85,1638528000000,255.1,256.95,249.55,256.95,55700,1523275,37000,weekly,2021-12-9T21:00:00.000,options,call
86,1638528060000,256.3,259.55,249.4,253.45,62750,1527575,37000,weekly,2021-12-9T21:00:00.000,options,call
87,1638528120000,253.35,256.7,250.4,256.0,41200,1527575,37000,weekly,2021-12-9T21:00:00.000,options,call
88,1638528180000,258.25,259.5,254.1,258.0,51875,1527575,37000,weekly,2021-12-9T21:00:00.000,options,call
89,1638528240000,258.0,258.45,249.85,250.0,51125,1535550,37000,weekly,2021-12-9T21:00:00.000,options,call
90,1638528300000,252.0,256.95,249.15,256.95,44850,1535550,37000,weekly,2021-12-9T21:00:00.000,options,call
91,1638528360000,257.3,263.7,256.4,256.45,96925,1535550,37000,weekly,2021-12-9T21:00:00.000,options,call
92,1638528420000,257.6,267.4,257.6,263.0,114350,1538175,37000,weekly,2021-12-9T21:00:00.000,options,call
93,1638528480000,262.75,266.4,259.4,261.35,69550,1538175,37000,weekly,2021-12-9T21:00:00.000,options,call
94,1638528540000,261.2,262.75,254.6,258.75,72225,1538175,37000,weekly,2021-12-9T21:00:00.000,options,call
95,1638528600000,258.9,271.3,258.75,268.75,110700,1548450,37000,weekly,2021-12-9T21:00:00.000,options,call
96,1638528660000,267.35,273.85,267.35,267.7,122025,1548450,37000,weekly,2021-12-9T21:00:00.000,options,call
97,1638528720000,267.15,269.85,263.3,266.0,65075,1548450,37000,weekly,2021-12-9T21:00:00.000,options,call
98,1638528780000,265.95,267.15,255.4,256.05,67700,1552875,37000,weekly,2021-12-9T21:00:00.000,options,call
99,1638528840000,255.0,264.25,254.6,263.7,52850,1552875,37000,weekly,2021-12-9T21:00:00.000,options,call
100,1638528900000,262.85,264.7,259.0,261.4,38425,1552875,37000,weekly,2021-12-9T21:00:00.000,options,call
101,1638528960000,261.9,263.05,253.0,253.0,51975,1566075,37000,weekly,2021-12-9T21:00:00.000,options,call
102,1638529020000,255.35,263.0,255.35,259.65,52275,1566075,37000,weekly,2021-12-9T21:00:00.000,options,call
103,1638529080000,259.2,263.25,255.05,261.75,35250,1566075,37000,weekly,2021-12-9T21:00:00.000,options,call
104,1638529140000,261.95,263.9,257.5,262.45,37300,1574275,37000,weekly,2021-12-9T21:00:00.000,options,call
105,1638529200000,263.0,267.35,259.25,259.45,71675,1574275,37000,weekly,2021-12-9T21:00:00.000,options,call
106,1638529260000,260.9,261.15,256.25,257.9,33300,1574275,37000,weekly,2021-12-9T21:00:00.000,options,call
107,1638529320000,261.5,261.8,252.0,253.0,66125,1571050,37000,weekly,2021-12-9T21:00:00.000,options,call
108,1638529380000,255.45,259.75,254.4,255.5,38150,1571050,37000,weekly,2021-12-9T21:00:00.000,options,call
109,1638529440000,254.4,258.75,252.25,253.8,35325,1571050,37000,weekly,2021-12-9T21:00:00.000,options,call
110,1638529500000,252.0,254.6,249.2,251.4,42325,1579400,37000,weekly,2021-12-9T21:00:00.000,options,call
111,1638529560000,249.25,254.15,243.7,253.7,85875,1579400,37000,weekly,2021-12-9T21:00:00.000,options,call
112,1638529620000,253.6,262.0,250.7,262.0,54075,1579400,37000,weekly,2021-12-9T21:00:00.000,options,call
113,1638529680000,262.6,266.0,261.8,265.0,97200,1580125,37000,weekly,2021-12-9T21:00:00.000,options,call
114,1638529740000,265.0,274.45,265.0,272.95,100250,1580125,37000,weekly,2021-12-9T21:00:00.000,options,call
115,1638529800000,272.9,279.2,269.9,277.1,121175,1580125,37000,weekly,2021-12-9T21:00:00.000,options,call
116,1638529860000,278.7,279.0,270.0,271.45,95400,1573975,37000,weekly,2021-12-9T21:00:00.000,options,call
117,1638529920000,273.35,274.95,267.7,270.55,64050,1573975,37000,weekly,2021-12-9T21:00:00.000,options,call
118,1638529980000,271.75,280.65,271.5,278.8,103300,1573975,37000,weekly,2021-12-9T21:00:00.000,options,call
119,1638530040000,278.9,281.75,273.7,276.6,111975,1575325,37000,weekly,2021-12-9T21:00:00.000,options,call
120,1638530100000,275.2,287.45,275.2,277.0,126150,1575325,37000,weekly,2021-12-9T21:00:00.000,options,call
121,1638530160000,275.6,280.0,272.85,273.55,67000,1575325,37000,weekly,2021-12-9T21:00:00.000,options,call
122,1638530220000,276.25,279.85,273.75,277.65,40875,1581650,37000,weekly,2021-12-9T21:00:00.000,options,call
123,1638530280000,279.45,282.5,275.85,278.35,85600,1581650,37000,weekly,2021-12-9T21:00:00.000,options,call
124,1638530340000,276.7,279.55,269.6,271.1,86350,1581650,37000,weekly,2021-12-9T21:00:00.000,options,call
125,1638530400000,270.95,270.95,256.45,256.45,109825,1603800,37000,weekly,2021-12-9T21:00:00.000,options,call
126,1638530460000,257.4,260.95,256.75,257.65,73075,1603800,37000,weekly,2021-12-9T21:00:00.000,options,call
127,1638530520000,258.35,267.0,257.3,267.0,90100,1603800,37000,weekly,2021-12-9T21:00:00.000,options,call
128,1638530580000,267.0,274.0,266.05,268.75,67025,1618325,37000,weekly,2021-12-9T21:00:00.000,options,call
129,1638530640000,266.65,270.5,264.5,266.85,36100,1618325,37000,weekly,2021-12-9T21:00:00.000,options,call
130,1638530700000,265.0,270.0,260.25,263.05,29000,1618325,37000,weekly,2021-12-9T21:00:00.000,options,call
131,1638530760000,262.75,263.6,257.05,258.45,59900,1618725,37000,weekly,2021-12-9T21:00:00.000,options,call
132,1638530820000,257.8,260.0,252.0,254.5,68150,1618725,37000,weekly,2021-12-9T21:00:00.000,options,call
133,1638530880000,255.45,263.8,252.0,262.35,73175,1618725,37000,weekly,2021-12-9T21:00:00.000,options,call
134,1638530940000,262.45,267.8,260.8,261.8,45325,1616375,37000,weekly,2021-12-9T21:00:00.000,options,call
135,1638531000000,261.4,262.95,253.25,258.45,45675,1616375,37000,weekly,2021-12-9T21:00:00.000,options,call
136,1638531060000,258.0,263.0,258.0,262.75,26650,1616375,37000,weekly,2021-12-9T21:00:00.000,options,call
137,1638531120000,262.35,263.6,257.95,259.8,26100,1619050,37000,weekly,2021-12-9T21:00:00.000,options,call
138,1638531180000,258.95,259.7,252.8,256.0,34950,1619050,37000,weekly,2021-12-9T21:00:00.000,options,call
139,1638531240000,256.1,257.0,251.0,254.35,34350,1619050,37000,weekly,2021-12-9T21:00:00.000,options,call
140,1638531300000,254.2,263.75,253.2,263.55,47650,1612750,37000,weekly,2021-12-9T21:00:00.000,options,call
141,1638531360000,264.25,264.55,259.25,260.0,35350,1612750,37000,weekly,2021-12-9T21:00:00.000,options,call
142,1638531420000,259.8,262.55,258.2,262.05,19125,1612750,37000,weekly,2021-12-9T21:00:00.000,options,call
143,1638531480000,262.05,266.0,260.85,264.35,48175,1610725,37000,weekly,2021-12-9T21:00:00.000,options,call
144,1638531540000,265.0,267.8,264.4,265.75,33900,1610725,37000,weekly,2021-12-9T21:00:00.000,options,call
145,1638531600000,265.75,265.75,261.25,263.4,34075,1610725,37000,weekly,2021-12-9T21:00:00.000,options,call
146,1638531660000,264.4,268.8,262.9,266.15,38275,1621300,37000,weekly,2021-12-9T21:00:00.000,options,call
147,1638531720000,266.95,268.0,263.5,265.8,22525,1621300,37000,weekly,2021-12-9T21:00:00.000,options,call
148,1638531780000,266.2,270.85,265.15,267.45,53825,1621300,37000,weekly,2021-12-9T21:00:00.000,options,call
149,1638531840000,266.95,273.95,266.95,271.95,36775,1624450,37000,weekly,2021-12-9T21:00:00.000,options,call
150,1638531900000,272.1,277.0,266.6,268.0,77025,1624450,37000,weekly,2021-12-9T21:00:00.000,options,call
151,1638531960000,269.0,269.5,264.5,265.9,34650,1624450,37000,weekly,2021-12-9T21:00:00.000,options,call
152,1638532020000,265.2,267.65,260.45,263.9,36900,1637150,37000,weekly,2021-12-9T21:00:00.000,options,call
153,1638532080000,262.5,265.85,259.05,264.55,46700,1637150,37000,weekly,2021-12-9T21:00:00.000,options,call
154,1638532140000,264.5,267.0,260.8,260.8,28175,1637150,37000,weekly,2021-12-9T21:00:00.000,options,call
155,1638532200000,260.2,261.75,254.0,254.0,48975,1641675,37000,weekly,2021-12-9T21:00:00.000,options,call
156,1638532260000,254.0,256.5,252.05,256.5,36125,1641675,37000,weekly,2021-12-9T21:00:00.000,options,call
157,1638532320000,256.65,258.75,253.4,257.5,23850,1641675,37000,weekly,2021-12-9T21:00:00.000,options,call
158,1638532380000,256.75,262.55,255.9,262.0,34850,1651475,37000,weekly,2021-12-9T21:00:00.000,options,call
159,1638532440000,262.0,262.7,258.0,258.85,25125,1651475,37000,weekly,2021-12-9T21:00:00.000,options,call
160,1638532500000,258.95,262.55,256.25,261.15,21325,1651475,37000,weekly,2021-12-9T21:00:00.000,options,call
161,1638532560000,261.75,263.5,258.3,259.0,26575,1658825,37000,weekly,2021-12-9T21:00:00.000,options,call
162,1638532620000,258.45,258.65,242.4,246.7,127250,1658825,37000,weekly,2021-12-9T21:00:00.000,options,call
163,1638532680000,246.85,250.55,245.5,245.5,39825,1658825,37000,weekly,2021-12-9T21:00:00.000,options,call
164,1638532740000,245.8,247.65,240.9,245.0,81925,1661875,37000,weekly,2021-12-9T21:00:00.000,options,call
165,1638532800000,244.8,249.95,236.15,240.1,76550,1661875,37000,weekly,2021-12-9T21:00:00.000,options,call
166,1638532860000,239.25,244.25,238.05,241.45,47100,1661875,37000,weekly,2021-12-9T21:00:00.000,options,call
167,1638532920000,241.4,243.7,236.1,242.8,45525,1662400,37000,weekly,2021-12-9T21:00:00.000,options,call
168,1638532980000,243.0,243.55,240.15,242.25,24000,1662400,37000,weekly,2021-12-9T21:00:00.000,options,call
169,1638533040000,241.45,245.0,239.2,241.4,45125,1662400,37000,weekly,2021-12-9T21:00:00.000,options,call
170,1638533100000,241.5,243.75,239.0,239.55,30150,1658800,37000,weekly,2021-12-9T21:00:00.000,options,call
171,1638533160000,239.0,239.0,235.7,237.95,51600,1658800,37000,weekly,2021-12-9T21:00:00.000,options,call
172,1638533220000,238.0,240.3,234.8,238.1,79550,1658800,37000,weekly,2021-12-9T21:00:00.000,options,call
173,1638533280000,238.1,238.7,231.7,232.75,46625,1665950,37000,weekly,2021-12-9T21:00:00.000,options,call
174,1638533340000,232.35,232.35,225.5,228.0,100450,1665950,37000,weekly,2021-12-9T21:00:00.000,options,call
175,1638533400000,229.35,233.75,225.0,225.4,65825,1665950,37000,weekly,2021-12-9T21:00:00.000,options,call
176,1638533460000,225.15,233.0,225.0,231.55,42300,1657875,37000,weekly,2021-12-9T21:00:00.000,options,call
177,1638533520000,229.55,231.35,227.45,229.85,41500,1657875,37000,weekly,2021-12-9T21:00:00.000,options,call
178,1638533580000,232.25,237.3,230.6,236.65,56850,1657875,37000,weekly,2021-12-9T21:00:00.000,options,call
179,1638533640000,237.55,238.0,234.1,237.3,31750,1663775,37000,weekly,2021-12-9T21:00:00.000,options,call
180,1638533700000,236.7,236.7,229.05,229.8,46125,1663775,37000,weekly,2021-12-9T21:00:00.000,options,call
181,1638533760000,230.8,233.3,228.5,233.3,21775,1663775,37000,weekly,2021-12-9T21:00:00.000,options,call
182,1638533820000,234.0,240.9,232.05,240.9,40825,1663775,37000,weekly,2021-12-9T21:00:00.000,options,call
183,1638533880000,241.4,245.75,236.85,237.0,76125,1665125,37000,weekly,2021-12-9T21:00:00.000,options,call
184,1638533940000,236.55,239.3,234.6,238.5,30025,1665125,37000,weekly,2021-12-9T21:00:00.000,options,call
185,1638534000000,238.5,238.5,233.0,234.25,21750,1665125,37000,weekly,2021-12-9T21:00:00.000,options,call
186,1638534060000,234.8,235.0,228.0,228.0,33325,1672125,37000,weekly,2021-12-9T21:00:00.000,options,call
187,1638534120000,228.0,236.8,228.0,229.45,32850,1672125,37000,weekly,2021-12-9T21:00:00.000,options,call
188,1638534180000,230.0,232.5,226.5,230.95,27475,1672125,37000,weekly,2021-12-9T21:00:00.000,options,call
189,1638534240000,231.55,232.75,226.6,228.75,23875,1675675,37000,weekly,2021-12-9T21:00:00.000,options,call
190,1638534300000,228.45,228.45,212.45,213.95,140900,1675675,37000,weekly,2021-12-9T21:00:00.000,options,call
191,1638534360000,213.7,219.8,213.6,215.0,65025,1675675,37000,weekly,2021-12-9T21:00:00.000,options,call
192,1638534420000,214.75,216.0,208.0,214.35,99750,1675075,37000,weekly,2021-12-9T21:00:00.000,options,call
193,1638534480000,214.45,218.0,211.8,214.1,45500,1675075,37000,weekly,2021-12-9T21:00:00.000,options,call
194,1638534540000,214.05,218.0,213.35,216.55,36950,1675075,37000,weekly,2021-12-9T21:00:00.000,options,call
195,1638534600000,214.35,215.05,204.6,205.4,80725,1670650,37000,weekly,2021-12-9T21:00:00.000,options,call
196,1638534660000,203.15,209.65,200.0,206.65,124200,1670650,37000,weekly,2021-12-9T21:00:00.000,options,call
197,1638534720000,207.0,207.8,193.35,195.0,132925,1670650,37000,weekly,2021-12-9T21:00:00.000,options,call
198,1638534780000,192.75,199.2,191.15,194.6,141950,1670475,37000,weekly,2021-12-9T21:00:00.000,options,call
199,1638534840000,195.0,198.3,192.3,198.1,87175,1670475,37000,weekly,2021-12-9T21:00:00.000,options,call
200,1638534900000,198.05,199.9,192.45,195.0,76975,1670475,37000,weekly,2021-12-9T21:00:00.000,options,call
201,1638534960000,194.95,201.3,194.9,197.45,72425,1673275,37000,weekly,2021-12-9T21:00:00.000,options,call
202,1638535020000,196.05,197.85,192.05,193.75,67250,1673275,37000,weekly,2021-12-9T21:00:00.000,options,call
203,1638535080000,193.1,198.0,190.8,195.15,62250,1673275,37000,weekly,2021-12-9T21:00:00.000,options,call
204,1638535140000,195.65,203.25,192.15,199.5,76650,1678425,37000,weekly,2021-12-9T21:00:00.000,options,call
205,1638535200000,200.8,203.85,198.1,202.25,79800,1678425,37000,weekly,2021-12-9T21:00:00.000,options,call
206,1638535260000,203.55,203.55,186.1,186.7,93075,1678425,37000,weekly,2021-12-9T21:00:00.000,options,call
207,1638535320000,186.55,187.1,176.55,180.0,168925,1710400,37000,weekly,2021-12-9T21:00:00.000,options,call
208,1638535380000,179.15,182.45,176.45,178.7,80125,1710400,37000,weekly,2021-12-9T21:00:00.000,options,call
209,1638535440000,179.0,181.45,165.3,165.3,139700,1710400,37000,weekly,2021-12-9T21:00:00.000,options,call
210,1638535500000,164.25,171.45,161.55,171.2,185550,1713350,37000,weekly,2021-12-9T21:00:00.000,options,call
211,1638535560000,170.15,175.2,167.8,174.0,113500,1713350,37000,weekly,2021-12-9T21:00:00.000,options,call
212,1638535620000,171.35,174.0,169.6,171.5,78200,1713350,37000,weekly,2021-12-9T21:00:00.000,options,call
213,1638535680000,170.5,173.9,162.5,162.5,91825,1727075,37000,weekly,2021-12-9T21:00:00.000,options,call
214,1638535740000,160.25,169.15,157.4,167.6,150225,1727075,37000,weekly,2021-12-9T21:00:00.000,options,call
215,1638535800000,166.9,171.55,164.55,168.0,58050,1727075,37000,weekly,2021-12-9T21:00:00.000,options,call
216,1638535860000,168.0,168.35,162.05,167.5,75400,1745800,37000,weekly,2021-12-9T21:00:00.000,options,call
217,1638535920000,168.15,170.0,165.6,167.8,78300,1745800,37000,weekly,2021-12-9T21:00:00.000,options,call
218,1638535980000,168.3,169.95,160.55,161.75,65950,1745800,37000,weekly,2021-12-9T21:00:00.000,options,call
219,1638536040000,161.7,166.6,158.35,164.65,80550,1772400,37000,weekly,2021-12-9T21:00:00.000,options,call
220,1638536100000,164.9,175.2,164.85,174.0,121150,1772400,37000,weekly,2021-12-9T21:00:00.000,options,call
221,1638536160000,174.5,175.95,170.0,171.6,58650,1772400,37000,weekly,2021-12-9T21:00:00.000,options,call
222,1638536220000,171.0,173.0,164.5,165.25,35925,1777125,37000,weekly,2021-12-9T21:00:00.000,options,call
223,1638536280000,165.15,166.25,159.95,164.8,58975,1777125,37000,weekly,2021-12-9T21:00:00.000,options,call
224,1638536340000,164.85,173.0,163.65,170.6,43550,1777125,37000,weekly,2021-12-9T21:00:00.000,options,call
225,1638536400000,170.2,172.0,165.95,172.0,29850,1779250,37000,weekly,2021-12-9T21:00:00.000,options,call
226,1638536460000,171.3,175.0,170.25,174.05,56100,1779250,37000,weekly,2021-12-9T21:00:00.000,options,call
227,1638536520000,174.4,178.05,174.0,175.9,61300,1779250,37000,weekly,2021-12-9T21:00:00.000,options,call
228,1638536580000,176.0,176.6,170.2,172.55,35825,1786900,37000,weekly,2021-12-9T21:00:00.000,options,call
229,1638536640000,173.4,173.8,167.7,170.0,43100,1786900,37000,weekly,2021-12-9T21:00:00.000,options,call
230,1638536700000,170.15,175.3,168.95,174.85,32100,1786900,37000,weekly,2021-12-9T21:00:00.000,options,call
231,1638536760000,175.55,175.55,172.6,174.45,23450,1785725,37000,weekly,2021-12-9T21:00:00.000,options,call
232,1638536820000,175.0,176.4,172.9,174.7,28950,1785725,37000,weekly,2021-12-9T21:00:00.000,options,call
233,1638536880000,174.7,176.25,171.3,171.8,27200,1785725,37000,weekly,2021-12-9T21:00:00.000,options,call
234,1638536940000,171.45,172.05,162.2,164.0,70050,1786325,37000,weekly,2021-12-9T21:00:00.000,options,call
235,1638537000000,163.35,167.1,162.15,163.15,54700,1786325,37000,weekly,2021-12-9T21:00:00.000,options,call
236,1638537060000,163.0,165.7,161.85,164.1,28700,1786325,37000,weekly,2021-12-9T21:00:00.000,options,call
237,1638537120000,164.0,169.2,162.35,167.0,37775,1784300,37000,weekly,2021-12-9T21:00:00.000,options,call
238,1638537180000,166.9,167.3,155.55,160.45,113075,1784300,37000,weekly,2021-12-9T21:00:00.000,options,call
239,1638537240000,160.55,163.25,159.0,162.0,72825,1784300,37000,weekly,2021-12-9T21:00:00.000,options,call
240,1638537300000,161.4,164.85,158.4,163.25,44475,1782575,37000,weekly,2021-12-9T21:00:00.000,options,call
241,1638537360000,162.35,167.35,162.35,165.05,72450,1782575,37000,weekly,2021-12-9T21:00:00.000,options,call
242,1638537420000,164.05,166.9,163.35,166.4,40325,1782575,37000,weekly,2021-12-9T21:00:00.000,options,call
243,1638537480000,166.4,166.6,160.9,162.5,32650,1783225,37000,weekly,2021-12-9T21:00:00.000,options,call
244,1638537540000,161.75,165.85,161.15,164.25,24225,1783225,37000,weekly,2021-12-9T21:00:00.000,options,call
245,1638537600000,163.9,167.25,163.9,166.0,36675,1783225,37000,weekly,2021-12-9T21:00:00.000,options,call
246,1638537660000,166.45,167.0,164.25,165.25,24800,1784700,37000,weekly,2021-12-9T21:00:00.000,options,call
247,1638537720000,165.15,168.95,164.2,165.65,29475,1784700,37000,weekly,2021-12-9T21:00:00.000,options,call
248,1638537780000,163.6,168.7,161.05,167.95,41650,1784700,37000,weekly,2021-12-9T21:00:00.000,options,call
249,1638537840000,168.4,168.85,162.35,162.35,27000,1778375,37000,weekly,2021-12-9T21:00:00.000,options,call
250,1638537900000,161.3,164.15,158.65,163.45,45900,1778375,37000,weekly,2021-12-9T21:00:00.000,options,call
251,1638537960000,163.55,165.0,160.25,160.5,27650,1778375,37000,weekly,2021-12-9T21:00:00.000,options,call
252,1638538020000,160.0,160.65,148.2,151.45,145200,1794450,37000,weekly,2021-12-9T21:00:00.000,options,call
253,1638538080000,151.3,152.7,148.95,150.75,76325,1794450,37000,weekly,2021-12-9T21:00:00.000,options,call
254,1638538140000,151.95,153.35,149.05,149.05,68250,1794450,37000,weekly,2021-12-9T21:00:00.000,options,call
255,1638538200000,149.25,154.5,144.65,154.5,116650,1794275,37000,weekly,2021-12-9T21:00:00.000,options,call
256,1638538260000,154.45,155.0,150.45,152.8,53275,1794275,37000,weekly,2021-12-9T21:00:00.000,options,call
257,1638538320000,152.95,153.3,147.45,148.45,62275,1794275,37000,weekly,2021-12-9T21:00:00.000,options,call
258,1638538380000,149.7,152.0,148.25,149.85,47150,1801200,37000,weekly,2021-12-9T21:00:00.000,options,call
259,1638538440000,148.75,149.75,140.0,141.55,106525,1801200,37000,weekly,2021-12-9T21:00:00.000,options,call
260,1638538500000,141.6,144.15,140.45,143.25,66150,1801200,37000,weekly,2021-12-9T21:00:00.000,options,call
261,1638538560000,142.0,146.55,140.65,144.75,82325,1817100,37000,weekly,2021-12-9T21:00:00.000,options,call
262,1638538620000,143.75,148.5,143.0,146.6,64200,1817100,37000,weekly,2021-12-9T21:00:00.000,options,call
263,1638538680000,146.75,146.75,141.85,142.5,44475,1817100,37000,weekly,2021-12-9T21:00:00.000,options,call
264,1638538740000,141.95,147.8,141.55,147.0,48850,1807850,37000,weekly,2021-12-9T21:00:00.000,options,call
265,1638538800000,148.0,152.9,147.0,150.85,64125,1807850,37000,weekly,2021-12-9T21:00:00.000,options,call
266,1638538860000,150.5,152.35,147.75,149.15,50350,1807850,37000,weekly,2021-12-9T21:00:00.000,options,call
267,1638538920000,148.5,149.9,144.0,144.4,48500,1811375,37000,weekly,2021-12-9T21:00:00.000,options,call
268,1638538980000,143.8,145.4,134.45,135.0,119625,1811375,37000,weekly,2021-12-9T21:00:00.000,options,call
269,1638539040000,135.6,141.9,135.6,140.5,61975,1811375,37000,weekly,2021-12-9T21:00:00.000,options,call
270,1638539100000,141.0,141.15,135.3,140.3,81375,1822850,37000,weekly,2021-12-9T21:00:00.000,options,call
271,1638539160000,140.5,145.2,139.2,145.2,63950,1822850,37000,weekly,2021-12-9T21:00:00.000,options,call
272,1638539220000,144.45,147.8,143.9,145.0,37625,1822850,37000,weekly,2021-12-9T21:00:00.000,options,call
273,1638539280000,144.15,150.9,144.15,150.25,69950,1823850,37000,weekly,2021-12-9T21:00:00.000,options,call
274,1638539340000,150.55,151.05,145.6,147.0,43350,1823850,37000,weekly,2021-12-9T21:00:00.000,options,call
275,1638539400000,147.35,149.45,144.7,145.1,27450,1823850,37000,weekly,2021-12-9T21:00:00.000,options,call
276,1638539460000,144.8,147.7,142.55,147.4,42175,1813175,37000,weekly,2021-12-9T21:00:00.000,options,call
277,1638539520000,147.65,153.55,146.4,150.3,56750,1813175,37000,weekly,2021-12-9T21:00:00.000,options,call
278,1638539580000,150.3,152.8,148.75,151.75,43600,1813175,37000,weekly,2021-12-9T21:00:00.000,options,call
279,1638539640000,151.75,155.2,150.9,151.9,62300,1808625,37000,weekly,2021-12-9T21:00:00.000,options,call
280,1638539700000,152.8,156.8,152.4,154.6,50025,1808625,37000,weekly,2021-12-9T21:00:00.000,options,call
281,1638539760000,154.7,154.7,149.6,149.6,71450,1808625,37000,weekly,2021-12-9T21:00:00.000,options,call
282,1638539820000,150.0,153.35,147.45,153.35,56725,1813775,37000,weekly,2021-12-9T21:00:00.000,options,call
283,1638539880000,153.5,154.45,151.35,151.7,52125,1813775,37000,weekly,2021-12-9T21:00:00.000,options,call
284,1638539940000,152.25,154.25,143.0,143.7,63100,1813775,37000,weekly,2021-12-9T21:00:00.000,options,call
285,1638540000000,143.15,144.25,136.5,137.7,72575,1817325,37000,weekly,2021-12-9T21:00:00.000,options,call
286,1638540060000,137.65,140.65,136.3,139.1,50000,1817325,37000,weekly,2021-12-9T21:00:00.000,options,call
287,1638540120000,138.35,140.75,135.25,139.5,50375,1817325,37000,weekly,2021-12-9T21:00:00.000,options,call
288,1638540180000,140.0,143.75,139.4,141.6,41325,1815500,37000,weekly,2021-12-9T21:00:00.000,options,call
289,1638540240000,143.4,146.15,139.7,139.7,56275,1815500,37000,weekly,2021-12-9T21:00:00.000,options,call
290,1638540300000,139.85,140.9,136.55,140.3,58775,1815500,37000,weekly,2021-12-9T21:00:00.000,options,call
291,1638540360000,139.0,142.35,137.0,140.65,35200,1830950,37000,weekly,2021-12-9T21:00:00.000,options,call
292,1638540420000,140.25,141.85,139.0,140.85,26100,1830950,37000,weekly,2021-12-9T21:00:00.000,options,call
293,1638540480000,140.85,141.0,137.4,138.6,21750,1830950,37000,weekly,2021-12-9T21:00:00.000,options,call
294,1638540540000,138.5,141.4,137.8,141.4,35600,1821275,37000,weekly,2021-12-9T21:00:00.000,options,call
295,1638540600000,141.05,142.2,129.0,133.9,100350,1821275,37000,weekly,2021-12-9T21:00:00.000,options,call
296,1638540660000,132.0,138.4,131.85,134.3,57500,1821275,37000,weekly,2021-12-9T21:00:00.000,options,call
297,1638540720000,134.6,134.6,123.0,127.2,107900,1814475,37000,weekly,2021-12-9T21:00:00.000,options,call
298,1638540780000,128.0,130.85,127.35,129.55,61875,1814475,37000,weekly,2021-12-9T21:00:00.000,options,call
299,1638540840000,129.95,129.95,123.2,123.2,68875,1814475,37000,weekly,2021-12-9T21:00:00.000,options,call
300,1638540900000,122.0,127.1,120.5,126.0,115050,1798475,37000,weekly,2021-12-9T21:00:00.000,options,call
301,1638540960000,124.7,125.4,118.5,120.55,123700,1798475,37000,weekly,2021-12-9T21:00:00.000,options,call
302,1638541020000,120.4,122.5,118.2,121.35,73975,1798475,37000,weekly,2021-12-9T21:00:00.000,options,call
303,1638541080000,121.05,121.45,115.0,116.05,90850,1800025,37000,weekly,2021-12-9T21:00:00.000,options,call
304,1638541140000,116.0,116.7,112.85,115.05,78950,1800025,37000,weekly,2021-12-9T21:00:00.000,options,call
305,1638541200000,115.15,119.6,113.85,119.6,78075,1800025,37000,weekly,2021-12-9T21:00:00.000,options,call
306,1638541260000,119.0,122.25,118.45,119.8,92325,1790875,37000,weekly,2021-12-9T21:00:00.000,options,call
307,1638541320000,119.65,121.9,117.4,118.6,65575,1790875,37000,weekly,2021-12-9T21:00:00.000,options,call
308,1638541380000,118.8,119.85,116.25,118.75,50850,1790875,37000,weekly,2021-12-9T21:00:00.000,options,call
309,1638541440000,117.25,122.0,117.05,120.1,66350,1782600,37000,weekly,2021-12-9T21:00:00.000,options,call
310,1638541500000,121.05,124.85,120.55,122.3,53750,1782600,37000,weekly,2021-12-9T21:00:00.000,options,call
311,1638541560000,122.15,123.0,116.75,118.8,52175,1782600,37000,weekly,2021-12-9T21:00:00.000,options,call
312,1638541620000,118.2,118.35,115.05,115.05,55725,1784075,37000,weekly,2021-12-9T21:00:00.000,options,call
313,1638541680000,115.65,117.25,110.15,111.2,86050,1784075,37000,weekly,2021-12-9T21:00:00.000,options,call
314,1638541740000,110.05,112.45,109.25,110.4,97600,1784075,37000,weekly,2021-12-9T21:00:00.000,options,call
315,1638541800000,110.15,112.7,109.55,111.15,56875,1803975,37000,weekly,2021-12-9T21:00:00.000,options,call
316,1638541860000,110.3,110.45,102.6,103.6,142400,1803975,37000,weekly,2021-12-9T21:00:00.000,options,call
317,1638541920000,103.4,106.5,100.3,104.9,114700,1803975,37000,weekly,2021-12-9T21:00:00.000,options,call
318,1638541980000,104.05,106.25,103.1,103.95,61625,1826425,37000,weekly,2021-12-9T21:00:00.000,options,call
319,1638542040000,104.15,106.85,103.0,105.95,65500,1826425,37000,weekly,2021-12-9T21:00:00.000,options,call
320,1638542100000,106.55,106.65,102.8,103.05,69175,1826425,37000,weekly,2021-12-9T21:00:00.000,options,call
321,1638542160000,102.6,105.2,102.3,104.5,52100,1848225,37000,weekly,2021-12-9T21:00:00.000,options,call
322,1638542220000,104.6,107.75,104.0,106.8,60475,1848225,37000,weekly,2021-12-9T21:00:00.000,options,call
323,1638542280000,107.0,109.25,103.55,104.05,67175,1848225,37000,weekly,2021-12-9T21:00:00.000,options,call
324,1638542340000,103.45,103.75,97.15,99.7,151000,1874575,37000,weekly,2021-12-9T21:00:00.000,options,call
325,1638542400000,99.6,101.05,97.6,99.7,81525,1874575,37000,weekly,2021-12-9T21:00:00.000,options,call
326,1638542460000,99.25,99.85,95.05,95.8,76650,1874575,37000,weekly,2021-12-9T21:00:00.000,options,call
327,1638542520000,95.15,96.25,92.05,94.4,141050,1902375,37000,weekly,2021-12-9T21:00:00.000,options,call
328,1638542580000,94.35,98.85,93.9,98.5,95900,1902375,37000,weekly,2021-12-9T21:00:00.000,options,call
329,1638542640000,98.8,100.0,95.6,99.4,90150,1902375,37000,weekly,2021-12-9T21:00:00.000,options,call
330,1638542700000,99.9,101.25,96.85,100.85,84425,1922450,37000,weekly,2021-12-9T21:00:00.000,options,call
331,1638542760000,100.4,101.3,97.15,97.15,76200,1922450,37000,weekly,2021-12-9T21:00:00.000,options,call
332,1638542820000,97.3,97.75,94.05,95.35,90000,1922450,37000,weekly,2021-12-9T21:00:00.000,options,call
333,1638542880000,95.7,104.4,95.7,104.4,110900,1962600,37000,weekly,2021-12-9T21:00:00.000,options,call
334,1638542940000,105.0,108.55,103.35,106.55,128550,1962600,37000,weekly,2021-12-9T21:00:00.000,options,call
335,1638543000000,105.5,106.85,98.35,99.0,106250,1962600,37000,weekly,2021-12-9T21:00:00.000,options,call
336,1638543060000,99.7,103.95,98.1,102.5,60125,1972675,37000,weekly,2021-12-9T21:00:00.000,options,call
337,1638543120000,102.1,108.45,102.1,108.1,78100,1972675,37000,weekly,2021-12-9T21:00:00.000,options,call
338,1638543180000,108.25,109.15,103.6,105.75,60850,1972675,37000,weekly,2021-12-9T21:00:00.000,options,call
339,1638543240000,105.6,108.95,104.6,105.3,47500,1987575,37000,weekly,2021-12-9T21:00:00.000,options,call
340,1638543300000,106.55,107.6,102.8,104.0,40525,1987575,37000,weekly,2021-12-9T21:00:00.000,options,call
341,1638543360000,103.1,107.3,102.35,106.65,36775,1987575,37000,weekly,2021-12-9T21:00:00.000,options,call
342,1638543420000,106.95,115.0,106.55,114.35,114725,1990500,37000,weekly,2021-12-9T21:00:00.000,options,call
343,1638543480000,114.55,116.0,111.85,114.2,79425,1990500,37000,weekly,2021-12-9T21:00:00.000,options,call
344,1638543540000,113.85,119.25,113.6,116.7,97050,1990500,37000,weekly,2021-12-9T21:00:00.000,options,call
345,1638543600000,117.8,118.35,100.3,100.6,150225,1985450,37000,weekly,2021-12-9T21:00:00.000,options,call
346,1638543660000,100.5,105.95,100.05,103.9,97575,1985450,37000,weekly,2021-12-9T21:00:00.000,options,call
347,1638543720000,103.5,104.2,101.4,101.4,55050,1985450,37000,weekly,2021-12-9T21:00:00.000,options,call
348,1638543780000,101.95,105.65,101.0,103.85,56500,1966475,37000,weekly,2021-12-9T21:00:00.000,options,call
349,1638543840000,104.4,104.8,98.0,99.3,67025,1966475,37000,weekly,2021-12-9T21:00:00.000,options,call
350,1638543900000,98.1,103.25,97.85,102.0,77500,1966475,37000,weekly,2021-12-9T21:00:00.000,options,call
351,1638543960000,102.0,104.0,99.35,102.05,70500,1972775,37000,weekly,2021-12-9T21:00:00.000,options,call
352,1638544020000,101.7,106.0,100.9,105.55,62375,1972775,37000,weekly,2021-12-9T21:00:00.000,options,call
353,1638544080000,105.6,107.0,103.75,105.7,66825,1972775,37000,weekly,2021-12-9T21:00:00.000,options,call
354,1638544140000,106.25,106.3,104.0,105.0,45800,1959050,37000,weekly,2021-12-9T21:00:00.000,options,call
355,1638544200000,105.7,109.1,105.7,107.1,65700,1959050,37000,weekly,2021-12-9T21:00:00.000,options,call
356,1638544260000,107.65,110.4,107.4,110.4,70775,1959050,37000,weekly,2021-12-9T21:00:00.000,options,call
357,1638544320000,110.35,119.9,109.95,117.5,112150,1951375,37000,weekly,2021-12-9T21:00:00.000,options,call
358,1638544380000,117.45,120.0,113.95,114.2,87425,1951375,37000,weekly,2021-12-9T21:00:00.000,options,call
359,1638544440000,114.7,120.5,114.6,119.8,90725,1951375,37000,weekly,2021-12-9T21:00:00.000,options,call
360,1638544500000,120.5,129.8,120.5,123.8,150675,1907250,37000,weekly,2021-12-9T21:00:00.000,options,call
361,1638544560000,124.35,134.25,124.35,128.5,133325,1907250,37000,weekly,2021-12-9T21:00:00.000,options,call
362,1638544620000,128.25,132.45,123.25,126.0,103125,1907250,37000,weekly,2021-12-9T21:00:00.000,options,call
363,1638544680000,127.2,128.35,118.5,122.85,89375,1866200,37000,weekly,2021-12-9T21:00:00.000,options,call
364,1638544740000,123.35,123.8,114.8,116.75,82125,1866200,37000,weekly,2021-12-9T21:00:00.000,options,call
365,1638544800000,118.25,128.65,118.25,128.2,111750,1866200,37000,weekly,2021-12-9T21:00:00.000,options,call
366,1638544860000,126.7,134.55,126.35,134.4,124175,1832500,37000,weekly,2021-12-9T21:00:00.000,options,call
367,1638544920000,134.3,137.5,129.3,131.75,172275,1832500,37000,weekly,2021-12-9T21:00:00.000,options,call
368,1638544980000,134.05,134.6,130.75,133.75,77500,1832500,37000,weekly,2021-12-9T21:00:00.000,options,call
369,1638545040000,134.0,134.4,124.6,126.0,83625,1809725,37000,weekly,2021-12-9T21:00:00.000,options,call
370,1638545100000,127.75,128.9,112.0,115.95,210800,1809725,37000,weekly,2021-12-9T21:00:00.000,options,call
371,1638545160000,116.5,120.65,114.8,115.45,72225,1809725,37000,weekly,2021-12-9T21:00:00.000,options,call
372,1638545220000,115.8,118.9,115.75,116.1,64025,1769925,37000,weekly,2021-12-9T21:00:00.000,options,call
373,1638545280000,116.35,117.35,114.1,114.4,81950,1769925,37000,weekly,2021-12-9T21:00:00.000,options,call
374,1638545340000,114.95,116.0,112.7,115.6,108625,1769925,37000,weekly,2021-12-9T21:00:00.000,options,call
