,timestamp,open,high,low,close,volume,open_interest,strike,expiry_type,expiry,instrument,contract_type
0,1529984700000,228.9,246.0,228.9,245.0,22680,,26700,weekly,2018-6-28T21:00:00.000,options,put
1,1529984760000,245.0,249.65,238.6,247.55,12040,,26700,weekly,2018-6-28T21:00:00.000,options,put
2,1529984820000,247.35,262.35,246.8,262.15,15440,,26700,weekly,2018-6-28T21:00:00.000,options,put
3,1529984880000,261.2,265.25,254.1,254.1,14480,,26700,weekly,2018-6-28T21:00:00.000,options,put
4,1529984940000,253.95,258.45,252.2,256.0,10960,,26700,weekly,2018-6-28T21:00:00.000,options,put
5,1529985000000,255.05,257.85,243.9,245.75,11600,,26700,weekly,2018-6-28T21:00:00.000,options,put
6,1529985060000,244.2,255.0,239.35,252.15,15400,,26700,weekly,2018-6-28T21:00:00.000,options,put
7,1529985120000,251.7,255.0,243.45,248.4,8840,,26700,weekly,2018-6-28T21:00:00.000,options,put
8,1529985180000,247.75,256.15,246.5,255.5,10280,,26700,weekly,2018-6-28T21:00:00.000,options,put
9,1529985240000,255.5,258.7,252.0,252.0,11400,,26700,weekly,2018-6-28T21:00:00.000,options,put
10,1529985300000,252.8,263.7,252.8,262.5,7720,,26700,weekly,2018-6-28T21:00:00.000,options,put
11,1529985360000,263.15,263.15,247.05,247.95,12440,,26700,weekly,2018-6-28T21:00:00.000,options,put
12,1529985420000,247.95,250.15,245.0,246.0,3320,,26700,weekly,2018-6-28T21:00:00.000,options,put
13,1529985480000,246.0,250.0,243.35,249.95,5320,,26700,weekly,2018-6-28T21:00:00.000,options,put
14,1529985540000,249.95,253.6,249.05,250.65,7280,,26700,weekly,2018-6-28T21:00:00.000,options,put
15,1529985600000,250.65,258.8,247.9,250.6,9000,,26700,weekly,2018-6-28T21:00:00.000,options,put
16,1529985660000,250.6,256.95,249.95,254.5,6960,,26700,weekly,2018-6-28T21:00:00.000,options,put
17,1529985720000,254.5,256.25,243.5,245.35,11240,,26700,weekly,2018-6-28T21:00:00.000,options,put
18,1529985780000,245.15,249.0,242.95,245.65,4280,,26700,weekly,2018-6-28T21:00:00.000,options,put
19,1529985840000,245.5,245.5,235.7,240.05,14040,,26700,weekly,2018-6-28T21:00:00.000,options,put
20,1529985900000,240.05,240.05,222.2,232.3,16680,,26700,weekly,2018-6-28T21:00:00.000,options,put
21,1529985960000,232.5,233.15,229.0,230.0,6760,,26700,weekly,2018-6-28T21:00:00.000,options,put
22,1529986020000,229.8,237.15,229.8,233.35,5160,,26700,weekly,2018-6-28T21:00:00.000,options,put
23,1529986080000,233.4,237.0,228.0,228.95,4200,,26700,weekly,2018-6-28T21:00:00.000,options,put
24,1529986140000,228.95,228.95,221.8,227.9,11680,,26700,weekly,2018-6-28T21:00:00.000,options,put
25,1529986200000,228.0,228.6,220.5,221.25,4880,,26700,weekly,2018-6-28T21:00:00.000,options,put
26,1529986260000,221.35,231.1,221.35,228.9,7280,,26700,weekly,2018-6-28T21:00:00.000,options,put
27,1529986320000,228.9,228.9,220.0,223.0,6000,,26700,weekly,2018-6-28T21:00:00.000,options,put
28,1529986380000,223.0,223.0,213.05,222.0,6600,,26700,weekly,2018-6-28T21:00:00.000,options,put
29,1529986440000,218.55,225.0,218.55,225.0,5200,,26700,weekly,2018-6-28T21:00:00.000,options,put
30,1529986500000,225.0,231.65,224.95,230.1,3960,,26700,weekly,2018-6-28T21:00:00.000,options,put
31,1529986560000,230.1,235.65,228.0,228.2,3000,,26700,weekly,2018-6-28T21:00:00.000,options,put
32,1529986620000,228.2,231.0,226.0,230.0,2440,,26700,weekly,2018-6-28T21:00:00.000,options,put
33,1529986680000,230.0,230.0,222.55,229.75,2480,,26700,weekly,2018-6-28T21:00:00.000,options,put
34,1529986740000,229.75,230.0,225.0,225.25,1400,,26700,weekly,2018-6-28T21:00:00.000,options,put
35,1529986800000,225.25,225.25,216.0,216.5,9880,,26700,weekly,2018-6-28T21:00:00.000,options,put
36,1529986860000,217.8,221.2,216.95,220.35,2480,,26700,weekly,2018-6-28T21:00:00.000,options,put
37,1529986920000,220.3,223.1,217.85,218.05,6720,,26700,weekly,2018-6-28T21:00:00.000,options,put
38,1529986980000,218.05,220.5,208.85,212.05,11280,,26700,weekly,2018-6-28T21:00:00.000,options,put
39,1529987040000,212.05,215.8,210.1,210.1,3680,,26700,weekly,2018-6-28T21:00:00.000,options,put
40,1529987100000,210.1,217.25,206.95,213.55,10120,,26700,weekly,2018-6-28T21:00:00.000,options,put
41,1529987160000,215.1,222.35,215.1,222.0,4160,,26700,weekly,2018-6-28T21:00:00.000,options,put
42,1529987220000,222.0,227.4,219.5,226.85,4920,,26700,weekly,2018-6-28T21:00:00.000,options,put
43,1529987280000,226.85,231.6,226.85,228.75,6920,,26700,weekly,2018-6-28T21:00:00.000,options,put
44,1529987340000,227.85,228.05,219.75,219.75,6000,,26700,weekly,2018-6-28T21:00:00.000,options,put
45,1529987400000,219.75,228.5,219.75,227.8,2560,,26700,weekly,2018-6-28T21:00:00.000,options,put
46,1529987460000,227.8,231.3,227.0,230.0,4400,,26700,weekly,2018-6-28T21:00:00.000,options,put
47,1529987520000,230.0,235.0,227.3,235.0,3320,,26700,weekly,2018-6-28T21:00:00.000,options,put
48,1529987580000,235.0,235.0,231.95,232.05,3600,,26700,weekly,2018-6-28T21:00:00.000,options,put
49,1529987640000,232.05,235.0,231.95,235.0,3160,,26700,weekly,2018-6-28T21:00:00.000,options,put
50,1529987700000,233.75,239.0,233.55,236.85,7080,,26700,weekly,2018-6-28T21:00:00.000,options,put
51,1529987760000,236.85,241.0,233.0,233.0,1640,,26700,weekly,2018-6-28T21:00:00.000,options,put
52,1529987820000,233.0,236.45,232.0,234.95,1960,,26700,weekly,2018-6-28T21:00:00.000,options,put
53,1529987880000,234.95,236.25,231.05,231.55,1400,,26700,weekly,2018-6-28T21:00:00.000,options,put
54,1529987940000,231.55,234.5,230.0,234.0,5480,,26700,weekly,2018-6-28T21:00:00.000,options,put
55,1529988000000,234.0,241.7,233.35,240.95,5240,,26700,weekly,2018-6-28T21:00:00.000,options,put
56,1529988060000,240.95,243.0,237.55,237.55,4360,,26700,weekly,2018-6-28T21:00:00.000,options,put
57,1529988120000,237.55,242.4,236.75,242.0,2840,,26700,weekly,2018-6-28T21:00:00.000,options,put
58,1529988180000,241.4,247.0,241.0,243.7,7600,,26700,weekly,2018-6-28T21:00:00.000,options,put
59,1529988240000,243.7,247.05,240.6,245.0,3400,,26700,weekly,2018-6-28T21:00:00.000,options,put
60,1529988300000,245.0,249.1,242.0,248.4,2800,,26700,weekly,2018-6-28T21:00:00.000,options,put
61,1529988360000,248.4,249.9,245.25,248.65,4160,,26700,weekly,2018-6-28T21:00:00.000,options,put
62,1529988420000,248.65,248.65,245.0,246.4,4440,,26700,weekly,2018-6-28T21:00:00.000,options,put
63,1529988480000,246.4,246.4,238.05,241.6,4480,,26700,weekly,2018-6-28T21:00:00.000,options,put
64,1529988540000,241.6,242.2,240.0,242.2,1680,,26700,weekly,2018-6-28T21:00:00.000,options,put
65,1529988600000,242.2,244.95,242.2,243.0,1000,,26700,weekly,2018-6-28T21:00:00.000,options,put
66,1529988660000,243.0,243.0,234.35,238.45,1720,,26700,weekly,2018-6-28T21:00:00.000,options,put
67,1529988720000,238.45,243.55,238.45,243.0,4880,,26700,weekly,2018-6-28T21:00:00.000,options,put
68,1529988780000,243.0,243.5,237.0,237.0,1080,,26700,weekly,2018-6-28T21:00:00.000,options,put
69,1529988840000,239.0,241.55,238.65,238.65,1080,,26700,weekly,2018-6-28T21:00:00.000,options,put
70,1529988900000,238.65,239.15,232.2,232.5,1400,,26700,weekly,2018-6-28T21:00:00.000,options,put
71,1529988960000,232.5,232.5,225.75,225.75,8240,,26700,weekly,2018-6-28T21:00:00.000,options,put
72,1529989020000,229.35,229.6,221.7,223.75,5560,,26700,weekly,2018-6-28T21:00:00.000,options,put
73,1529989080000,223.75,226.6,219.35,226.6,3120,,26700,weekly,2018-6-28T21:00:00.000,options,put
74,1529989140000,226.6,229.4,224.3,226.15,1640,,26700,weekly,2018-6-28T21:00:00.000,options,put
75,1529989200000,226.15,228.15,223.3,223.65,1920,,26700,weekly,2018-6-28T21:00:00.000,options,put
76,1529989260000,223.65,224.75,220.0,224.7,3080,,26700,weekly,2018-6-28T21:00:00.000,options,put
77,1529989320000,224.7,226.15,222.6,225.85,1360,,26700,weekly,2018-6-28T21:00:00.000,options,put
78,1529989380000,225.85,226.85,224.2,225.05,560,,26700,weekly,2018-6-28T21:00:00.000,options,put
79,1529989440000,226.0,230.0,224.2,229.95,760,,26700,weekly,2018-6-28T21:00:00.000,options,put
80,1529989500000,229.95,230.45,226.55,229.8,400,,26700,weekly,2018-6-28T21:00:00.000,options,put
81,1529989560000,229.8,232.0,226.8,226.8,2320,,26700,weekly,2018-6-28T21:00:00.000,options,put
82,1529989620000,228.5,228.6,226.0,228.6,1040,,26700,weekly,2018-6-28T21:00:00.000,options,put
83,1529989680000,228.6,228.6,224.0,225.5,1480,,26700,weekly,2018-6-28T21:00:00.000,options,put
84,1529989740000,225.5,226.85,222.0,222.0,2280,,26700,weekly,2018-6-28T21:00:00.000,options,put
85,1529989800000,222.0,222.0,216.0,216.0,3800,,26700,weekly,2018-6-28T21:00:00.000,options,put
86,1529989860000,217.95,217.95,208.65,214.35,8760,,26700,weekly,2018-6-28T21:00:00.000,options,put
87,1529989920000,214.35,214.35,210.0,213.0,5080,,26700,weekly,2018-6-28T21:00:00.000,options,put
88,1529989980000,213.0,215.8,211.0,215.8,4840,,26700,weekly,2018-6-28T21:00:00.000,options,put
89,1529990040000,215.9,218.35,214.0,216.0,3000,,26700,weekly,2018-6-28T21:00:00.000,options,put
90,1529990100000,216.0,216.95,209.0,216.95,4760,,26700,weekly,2018-6-28T21:00:00.000,options,put
91,1529990160000,216.95,216.95,211.55,212.3,1200,,26700,weekly,2018-6-28T21:00:00.000,options,put
92,1529990220000,212.3,215.75,210.45,212.8,3280,,26700,weekly,2018-6-28T21:00:00.000,options,put
93,1529990280000,212.8,213.95,209.3,212.5,760,,26700,weekly,2018-6-28T21:00:00.000,options,put
94,1529990340000,212.5,222.65,210.5,222.65,2120,,26700,weekly,2018-6-28T21:00:00.000,options,put
95,1529990400000,219.8,223.0,215.6,216.95,2600,,26700,weekly,2018-6-28T21:00:00.000,options,put
96,1529990460000,216.95,216.95,212.5,212.5,1520,,26700,weekly,2018-6-28T21:00:00.000,options,put
97,1529990520000,212.5,213.5,192.5,196.05,17440,,26700,weekly,2018-6-28T21:00:00.000,options,put
98,1529990580000,196.05,199.25,189.05,196.05,12080,,26700,weekly,2018-6-28T21:00:00.000,options,put
99,1529990640000,196.05,197.35,194.1,197.35,3920,,26700,weekly,2018-6-28T21:00:00.000,options,put
100,1529990700000,197.35,197.35,185.05,185.05,8520,,26700,weekly,2018-6-28T21:00:00.000,options,put
101,1529990760000,185.05,194.0,183.55,189.3,7400,,26700,weekly,2018-6-28T21:00:00.000,options,put
102,1529990820000,190.3,194.1,186.55,189.8,9040,,26700,weekly,2018-6-28T21:00:00.000,options,put
103,1529990880000,189.8,194.9,185.15,194.9,12600,,26700,weekly,2018-6-28T21:00:00.000,options,put
104,1529990940000,194.9,198.8,192.15,194.5,5600,,26700,weekly,2018-6-28T21:00:00.000,options,put
105,1529991000000,194.5,199.8,193.9,197.0,5080,,26700,weekly,2018-6-28T21:00:00.000,options,put
106,1529991060000,197.0,197.65,192.8,193.1,7040,,26700,weekly,2018-6-28T21:00:00.000,options,put
107,1529991120000,193.1,193.1,187.0,187.75,3440,,26700,weekly,2018-6-28T21:00:00.000,options,put
108,1529991180000,187.75,190.7,173.85,178.05,13760,,26700,weekly,2018-6-28T21:00:00.000,options,put
109,1529991240000,177.75,181.9,175.6,180.05,10640,,26700,weekly,2018-6-28T21:00:00.000,options,put
110,1529991300000,180.05,183.0,170.0,175.8,9240,,26700,weekly,2018-6-28T21:00:00.000,options,put
111,1529991360000,175.65,182.25,175.0,181.0,6520,,26700,weekly,2018-6-28T21:00:00.000,options,put
112,1529991420000,181.0,181.0,175.0,176.65,4720,,26700,weekly,2018-6-28T21:00:00.000,options,put
113,1529991480000,176.65,178.35,172.2,177.15,6560,,26700,weekly,2018-6-28T21:00:00.000,options,put
114,1529991540000,177.15,183.0,177.15,181.35,3600,,26700,weekly,2018-6-28T21:00:00.000,options,put
115,1529991600000,181.35,181.35,168.75,170.65,10760,,26700,weekly,2018-6-28T21:00:00.000,options,put
116,1529991660000,171.2,175.5,170.55,174.65,5480,,26700,weekly,2018-6-28T21:00:00.000,options,put
117,1529991720000,173.95,180.95,173.65,180.95,5120,,26700,weekly,2018-6-28T21:00:00.000,options,put
118,1529991780000,180.95,187.0,180.2,184.35,12640,,26700,weekly,2018-6-28T21:00:00.000,options,put
119,1529991840000,183.5,189.9,183.3,189.45,3840,,26700,weekly,2018-6-28T21:00:00.000,options,put
120,1529991900000,189.45,189.45,176.2,179.0,8000,,26700,weekly,2018-6-28T21:00:00.000,options,put
121,1529991960000,179.0,184.45,178.6,183.6,3640,,26700,weekly,2018-6-28T21:00:00.000,options,put
122,1529992020000,183.05,188.0,183.05,188.0,2120,,26700,weekly,2018-6-28T21:00:00.000,options,put
123,1529992080000,188.0,189.3,184.45,185.0,2800,,26700,weekly,2018-6-28T21:00:00.000,options,put
124,1529992140000,185.0,187.0,182.7,186.75,4240,,26700,weekly,2018-6-28T21:00:00.000,options,put
125,1529992200000,187.0,188.0,185.2,187.25,4800,,26700,weekly,2018-6-28T21:00:00.000,options,put
126,1529992260000,187.25,187.25,181.05,182.05,3520,,26700,weekly,2018-6-28T21:00:00.000,options,put
127,1529992320000,182.05,186.7,177.05,177.05,2760,,26700,weekly,2018-6-28T21:00:00.000,options,put
128,1529992380000,178.45,181.75,178.45,179.55,1520,,26700,weekly,2018-6-28T21:00:00.000,options,put
129,1529992440000,179.55,185.6,179.55,183.75,1080,,26700,weekly,2018-6-28T21:00:00.000,options,put
130,1529992500000,183.75,194.95,183.7,194.25,8480,,26700,weekly,2018-6-28T21:00:00.000,options,put
131,1529992560000,194.25,197.0,190.55,194.4,4120,,26700,weekly,2018-6-28T21:00:00.000,options,put
132,1529992620000,194.4,194.4,189.3,190.15,3080,,26700,weekly,2018-6-28T21:00:00.000,options,put
133,1529992680000,189.5,190.3,184.05,184.05,1320,,26700,weekly,2018-6-28T21:00:00.000,options,put
134,1529992740000,184.05,184.05,180.6,181.25,1680,,26700,weekly,2018-6-28T21:00:00.000,options,put
135,1529992800000,182.0,182.0,178.0,179.05,3640,,26700,weekly,2018-6-28T21:00:00.000,options,put
136,1529992860000,179.05,183.95,179.0,181.0,2960,,26700,weekly,2018-6-28T21:00:00.000,options,put
137,1529992920000,181.0,184.2,178.05,183.15,2240,,26700,weekly,2018-6-28T21:00:00.000,options,put
138,1529992980000,183.15,187.0,183.1,185.4,1640,,26700,weekly,2018-6-28T21:00:00.000,options,put
139,1529993040000,184.7,187.9,184.7,186.0,1120,,26700,weekly,2018-6-28T21:00:00.000,options,put
140,1529993100000,185.35,185.35,177.5,178.25,4240,,26700,weekly,2018-6-28T21:00:00.000,options,put
141,1529993160000,178.25,182.75,177.45,182.75,1440,,26700,weekly,2018-6-28T21:00:00.000,options,put
142,1529993220000,181.65,187.0,180.35,186.0,2200,,26700,weekly,2018-6-28T21:00:00.000,options,put
143,1529993280000,186.0,187.45,182.55,184.5,4840,,26700,weekly,2018-6-28T21:00:00.000,options,put
144,1529993340000,184.5,188.2,184.5,187.0,1640,,26700,weekly,2018-6-28T21:00:00.000,options,put
145,1529993400000,187.0,189.0,186.0,187.2,4480,,26700,weekly,2018-6-28T21:00:00.000,options,put
146,1529993460000,187.2,187.2,183.05,183.8,1480,,26700,weekly,2018-6-28T21:00:00.000,options,put
147,1529993520000,183.8,188.65,183.8,188.0,1080,,26700,weekly,2018-6-28T21:00:00.000,options,put
148,1529993580000,186.1,194.15,186.1,193.55,4600,,26700,weekly,2018-6-28T21:00:00.000,options,put
149,1529993640000,193.55,194.5,188.0,188.0,3600,,26700,weekly,2018-6-28T21:00:00.000,options,put
150,1529993700000,188.0,188.55,183.55,185.45,1640,,26700,weekly,2018-6-28T21:00:00.000,options,put
151,1529993760000,185.45,186.0,182.4,182.75,1800,,26700,weekly,2018-6-28T21:00:00.000,options,put
152,1529993820000,183.05,183.05,178.9,180.5,5440,,26700,weekly,2018-6-28T21:00:00.000,options,put
153,1529993880000,180.5,183.75,179.45,182.5,2400,,26700,weekly,2018-6-28T21:00:00.000,options,put
154,1529993940000,182.5,185.0,180.8,184.5,1240,,26700,weekly,2018-6-28T21:00:00.000,options,put
155,1529994000000,184.5,186.4,183.2,184.7,560,,26700,weekly,2018-6-28T21:00:00.000,options,put
156,1529994060000,184.7,186.95,184.0,186.55,640,,26700,weekly,2018-6-28T21:00:00.000,options,put
157,1529994120000,186.55,186.55,181.15,184.5,3200,,26700,weekly,2018-6-28T21:00:00.000,options,put
158,1529994180000,184.5,188.2,183.35,186.95,2000,,26700,weekly,2018-6-28T21:00:00.000,options,put
159,1529994240000,186.95,186.95,179.4,182.45,2200,,26700,weekly,2018-6-28T21:00:00.000,options,put
160,1529994300000,182.45,183.8,181.75,183.05,1680,,26700,weekly,2018-6-28T21:00:00.000,options,put
161,1529994360000,183.05,187.7,183.05,187.7,3920,,26700,weekly,2018-6-28T21:00:00.000,options,put
162,1529994420000,187.7,187.7,180.95,182.5,2560,,26700,weekly,2018-6-28T21:00:00.000,options,put
163,1529994480000,182.5,183.95,179.0,183.95,2400,,26700,weekly,2018-6-28T21:00:00.000,options,put
164,1529994540000,184.35,190.25,184.35,189.5,3440,,26700,weekly,2018-6-28T21:00:00.000,options,put
165,1529994600000,189.5,193.95,188.75,190.25,1760,,26700,weekly,2018-6-28T21:00:00.000,options,put
166,1529994660000,190.25,192.65,190.0,190.65,2960,,26700,weekly,2018-6-28T21:00:00.000,options,put
167,1529994720000,190.65,190.65,186.35,189.25,1280,,26700,weekly,2018-6-28T21:00:00.000,options,put
168,1529994780000,189.25,195.5,189.25,195.5,2600,,26700,weekly,2018-6-28T21:00:00.000,options,put
169,1529994840000,195.5,195.5,189.1,189.45,1720,,26700,weekly,2018-6-28T21:00:00.000,options,put
170,1529994900000,189.45,189.45,184.1,187.9,3760,,26700,weekly,2018-6-28T21:00:00.000,options,put
171,1529994960000,187.9,187.9,183.1,185.3,480,,26700,weekly,2018-6-28T21:00:00.000,options,put
172,1529995020000,185.3,189.4,185.15,187.05,1560,,26700,weekly,2018-6-28T21:00:00.000,options,put
173,1529995080000,187.05,187.05,184.3,184.95,640,,26700,weekly,2018-6-28T21:00:00.000,options,put
174,1529995140000,184.95,184.95,182.45,184.7,1040,,26700,weekly,2018-6-28T21:00:00.000,options,put
175,1529995200000,184.7,186.0,181.05,183.8,2520,,26700,weekly,2018-6-28T21:00:00.000,options,put
176,1529995260000,183.8,183.8,179.1,180.35,3080,,26700,weekly,2018-6-28T21:00:00.000,options,put
177,1529995320000,180.35,181.0,173.4,175.3,5240,,26700,weekly,2018-6-28T21:00:00.000,options,put
178,1529995380000,175.3,175.65,169.9,173.4,4480,,26700,weekly,2018-6-28T21:00:00.000,options,put
179,1529995440000,172.9,176.6,171.75,173.7,3360,,26700,weekly,2018-6-28T21:00:00.000,options,put
180,1529995500000,173.7,178.65,172.05,176.1,4640,,26700,weekly,2018-6-28T21:00:00.000,options,put
181,1529995560000,176.1,177.35,174.8,174.8,1600,,26700,weekly,2018-6-28T21:00:00.000,options,put
182,1529995620000,173.6,174.7,165.4,169.6,11760,,26700,weekly,2018-6-28T21:00:00.000,options,put
183,1529995680000,169.6,169.6,163.75,165.7,7440,,26700,weekly,2018-6-28T21:00:00.000,options,put
184,1529995740000,165.0,166.65,151.0,155.05,23640,,26700,weekly,2018-6-28T21:00:00.000,options,put
185,1529995800000,155.05,159.4,153.55,158.0,8320,,26700,weekly,2018-6-28T21:00:00.000,options,put
186,1529995860000,158.0,164.0,157.1,163.65,8200,,26700,weekly,2018-6-28T21:00:00.000,options,put
187,1529995920000,162.1,164.0,159.8,159.8,1960,,26700,weekly,2018-6-28T21:00:00.000,options,put
188,1529995980000,159.8,159.8,149.0,151.85,7960,,26700,weekly,2018-6-28T21:00:00.000,options,put
189,1529996040000,153.4,155.45,147.6,151.0,5520,,26700,weekly,2018-6-28T21:00:00.000,options,put
190,1529996100000,149.15,150.65,144.2,150.65,14840,,26700,weekly,2018-6-28T21:00:00.000,options,put
191,1529996160000,150.65,150.65,141.9,143.7,16280,,26700,weekly,2018-6-28T21:00:00.000,options,put
192,1529996220000,144.1,145.0,139.15,139.15,8560,,26700,weekly,2018-6-28T21:00:00.000,options,put
193,1529996280000,140.55,140.65,132.0,136.55,32040,,26700,weekly,2018-6-28T21:00:00.000,options,put
194,1529996340000,136.55,137.25,127.0,130.05,30200,,26700,weekly,2018-6-28T21:00:00.000,options,put
195,1529996400000,128.65,132.65,128.05,131.7,41720,,26700,weekly,2018-6-28T21:00:00.000,options,put
196,1529996460000,132.8,139.6,131.75,138.4,39320,,26700,weekly,2018-6-28T21:00:00.000,options,put
197,1529996520000,136.3,143.95,136.15,142.85,27880,,26700,weekly,2018-6-28T21:00:00.000,options,put
198,1529996580000,143.55,143.7,139.0,139.9,14120,,26700,weekly,2018-6-28T21:00:00.000,options,put
199,1529996640000,140.75,146.8,140.05,144.9,15480,,26700,weekly,2018-6-28T21:00:00.000,options,put
200,1529996700000,144.9,149.9,143.3,145.35,12960,,26700,weekly,2018-6-28T21:00:00.000,options,put
201,1529996760000,144.75,145.65,136.15,137.65,13560,,26700,weekly,2018-6-28T21:00:00.000,options,put
202,1529996820000,136.4,141.3,133.9,140.2,10280,,26700,weekly,2018-6-28T21:00:00.000,options,put
203,1529996880000,140.75,143.0,140.0,143.0,5440,,26700,weekly,2018-6-28T21:00:00.000,options,put
204,1529996940000,142.0,144.9,139.9,144.45,6720,,26700,weekly,2018-6-28T21:00:00.000,options,put
205,1529997000000,144.45,148.7,141.25,148.7,8760,,26700,weekly,2018-6-28T21:00:00.000,options,put
206,1529997060000,147.0,147.75,143.85,146.65,5360,,26700,weekly,2018-6-28T21:00:00.000,options,put
207,1529997120000,146.8,147.8,140.4,140.5,14480,,26700,weekly,2018-6-28T21:00:00.000,options,put
208,1529997180000,141.8,145.85,140.4,145.85,5400,,26700,weekly,2018-6-28T21:00:00.000,options,put
209,1529997240000,145.85,145.85,141.5,145.7,7040,,26700,weekly,2018-6-28T21:00:00.000,options,put
210,1529997300000,145.7,153.95,144.9,150.5,19040,,26700,weekly,2018-6-28T21:00:00.000,options,put
211,1529997360000,150.6,166.45,150.2,162.05,54960,,26700,weekly,2018-6-28T21:00:00.000,options,put
212,1529997420000,162.05,163.9,157.45,159.0,10480,,26700,weekly,2018-6-28T21:00:00.000,options,put
213,1529997480000,160.0,164.95,159.9,160.45,15200,,26700,weekly,2018-6-28T21:00:00.000,options,put
214,1529997540000,160.45,160.95,155.1,160.25,7160,,26700,weekly,2018-6-28T21:00:00.000,options,put
215,1529997600000,160.25,164.0,159.75,164.0,4680,,26700,weekly,2018-6-28T21:00:00.000,options,put
216,1529997660000,164.0,166.4,160.9,164.0,12040,,26700,weekly,2018-6-28T21:00:00.000,options,put
217,1529997720000,164.0,164.0,158.0,158.3,4600,,26700,weekly,2018-6-28T21:00:00.000,options,put
218,1529997780000,158.4,159.5,150.35,150.35,6320,,26700,weekly,2018-6-28T21:00:00.000,options,put
219,1529997840000,150.35,157.0,150.2,153.05,7800,,26700,weekly,2018-6-28T21:00:00.000,options,put
220,1529997900000,153.05,153.05,146.4,147.25,9480,,26700,weekly,2018-6-28T21:00:00.000,options,put
221,1529997960000,147.25,148.75,143.45,148.75,7080,,26700,weekly,2018-6-28T21:00:00.000,options,put
222,1529998020000,149.6,151.45,147.75,148.55,4320,,26700,weekly,2018-6-28T21:00:00.000,options,put
223,1529998080000,148.55,153.75,147.45,152.8,4640,,26700,weekly,2018-6-28T21:00:00.000,options,put
224,1529998140000,152.8,153.55,148.2,148.2,2640,,26700,weekly,2018-6-28T21:00:00.000,options,put
225,1529998200000,148.2,154.0,147.0,149.75,8720,,26700,weekly,2018-6-28T21:00:00.000,options,put
226,1529998260000,152.25,155.4,150.2,151.85,17160,,26700,weekly,2018-6-28T21:00:00.000,options,put
227,1529998320000,151.85,153.65,148.55,149.45,3640,,26700,weekly,2018-6-28T21:00:00.000,options,put
228,1529998380000,149.45,151.15,146.0,147.85,6640,,26700,weekly,2018-6-28T21:00:00.000,options,put
229,1529998440000,147.85,149.0,146.45,147.1,3080,,26700,weekly,2018-6-28T21:00:00.000,options,put
230,1529998500000,147.1,147.1,143.25,145.7,7280,,26700,weekly,2018-6-28T21:00:00.000,options,put
231,1529998560000,145.7,150.0,145.4,146.0,2560,,26700,weekly,2018-6-28T21:00:00.000,options,put
232,1529998620000,146.0,150.6,144.0,148.1,6000,,26700,weekly,2018-6-28T21:00:00.000,options,put
233,1529998680000,149.25,151.25,147.1,149.2,2120,,26700,weekly,2018-6-28T21:00:00.000,options,put
234,1529998740000,149.2,153.0,148.95,152.75,8600,,26700,weekly,2018-6-28T21:00:00.000,options,put
235,1529998800000,152.75,153.8,147.05,148.55,6040,,26700,weekly,2018-6-28T21:00:00.000,options,put
236,1529998860000,148.25,153.25,148.25,151.8,2800,,26700,weekly,2018-6-28T21:00:00.000,options,put
237,1529998920000,151.7,158.95,151.1,156.7,5680,,26700,weekly,2018-6-28T21:00:00.000,options,put
238,1529998980000,156.7,160.1,154.4,158.3,11440,,26700,weekly,2018-6-28T21:00:00.000,options,put
239,1529999040000,158.3,158.3,153.95,154.75,6400,,26700,weekly,2018-6-28T21:00:00.000,options,put
240,1529999100000,154.75,169.45,153.75,168.25,15000,,26700,weekly,2018-6-28T21:00:00.000,options,put
241,1529999160000,168.05,182.65,163.65,181.25,27120,,26700,weekly,2018-6-28T21:00:00.000,options,put
242,1529999220000,179.15,195.55,175.3,194.0,25680,,26700,weekly,2018-6-28T21:00:00.000,options,put
243,1529999280000,193.35,204.25,190.65,199.95,47240,,26700,weekly,2018-6-28T21:00:00.000,options,put
244,1529999340000,199.95,201.55,192.3,198.45,28760,,26700,weekly,2018-6-28T21:00:00.000,options,put
245,1529999400000,198.5,204.25,194.45,200.45,25840,,26700,weekly,2018-6-28T21:00:00.000,options,put
246,1529999460000,202.0,203.7,188.9,201.05,24200,,26700,weekly,2018-6-28T21:00:00.000,options,put
247,1529999520000,200.3,212.7,198.0,210.7,20200,,26700,weekly,2018-6-28T21:00:00.000,options,put
248,1529999580000,212.15,220.3,208.2,210.05,40280,,26700,weekly,2018-6-28T21:00:00.000,options,put
249,1529999640000,212.6,223.6,210.3,220.35,31320,,26700,weekly,2018-6-28T21:00:00.000,options,put
250,1529999700000,222.55,227.95,215.0,215.25,22160,,26700,weekly,2018-6-28T21:00:00.000,options,put
251,1529999760000,213.55,217.55,208.1,214.15,10720,,26700,weekly,2018-6-28T21:00:00.000,options,put
252,1529999820000,215.0,215.55,205.25,208.6,14000,,26700,weekly,2018-6-28T21:00:00.000,options,put
253,1529999880000,208.6,220.0,208.6,214.35,9320,,26700,weekly,2018-6-28T21:00:00.000,options,put
254,1529999940000,214.35,223.3,214.35,220.05,6640,,26700,weekly,2018-6-28T21:00:00.000,options,put
255,1530000000000,220.0,227.3,216.1,222.45,19600,,26700,weekly,2018-6-28T21:00:00.000,options,put
256,1530000060000,222.45,229.45,215.1,215.1,17760,,26700,weekly,2018-6-28T21:00:00.000,options,put
257,1530000120000,214.35,217.8,210.0,215.0,34480,,26700,weekly,2018-6-28T21:00:00.000,options,put
258,1530000180000,214.05,214.05,195.5,195.5,15440,,26700,weekly,2018-6-28T21:00:00.000,options,put
259,1530000240000,197.8,209.95,196.7,205.7,9840,,26700,weekly,2018-6-28T21:00:00.000,options,put
260,1530000300000,205.7,206.0,195.0,197.35,12960,,26700,weekly,2018-6-28T21:00:00.000,options,put
261,1530000360000,196.75,196.75,183.35,183.95,26960,,26700,weekly,2018-6-28T21:00:00.000,options,put
262,1530000420000,184.8,188.75,179.0,181.5,20360,,26700,weekly,2018-6-28T21:00:00.000,options,put
263,1530000480000,179.0,190.35,176.0,189.85,18560,,26700,weekly,2018-6-28T21:00:00.000,options,put
264,1530000540000,189.3,196.0,188.0,196.0,7160,,26700,weekly,2018-6-28T21:00:00.000,options,put
265,1530000600000,194.6,199.4,190.0,198.0,5800,,26700,weekly,2018-6-28T21:00:00.000,options,put
266,1530000660000,198.0,201.0,190.85,191.45,5640,,26700,weekly,2018-6-28T21:00:00.000,options,put
267,1530000720000,191.45,195.65,189.15,190.5,3280,,26700,weekly,2018-6-28T21:00:00.000,options,put
268,1530000780000,190.5,190.5,183.7,189.25,4920,,26700,weekly,2018-6-28T21:00:00.000,options,put
269,1530000840000,189.25,194.5,187.5,187.5,6800,,26700,weekly,2018-6-28T21:00:00.000,options,put
270,1530000900000,187.5,197.35,187.5,194.25,10640,,26700,weekly,2018-6-28T21:00:00.000,options,put
271,1530000960000,194.25,194.25,185.05,187.45,7440,,26700,weekly,2018-6-28T21:00:00.000,options,put
272,1530001020000,187.45,190.4,182.6,182.6,5040,,26700,weekly,2018-6-28T21:00:00.000,options,put
273,1530001080000,182.6,182.6,176.75,179.75,11880,,26700,weekly,2018-6-28T21:00:00.000,options,put
274,1530001140000,179.75,180.6,165.0,169.7,15880,,26700,weekly,2018-6-28T21:00:00.000,options,put
275,1530001200000,170.15,178.0,170.0,172.35,9200,,26700,weekly,2018-6-28T21:00:00.000,options,put
276,1530001260000,172.35,172.35,163.5,168.0,15120,,26700,weekly,2018-6-28T21:00:00.000,options,put
277,1530001320000,168.0,171.15,165.35,165.35,4920,,26700,weekly,2018-6-28T21:00:00.000,options,put
278,1530001380000,165.35,174.0,165.35,168.3,1760,,26700,weekly,2018-6-28T21:00:00.000,options,put
279,1530001440000,168.3,178.05,168.0,177.1,4960,,26700,weekly,2018-6-28T21:00:00.000,options,put
280,1530001500000,178.0,178.0,165.9,166.0,7680,,26700,weekly,2018-6-28T21:00:00.000,options,put
281,1530001560000,166.0,170.65,164.0,167.5,6120,,26700,weekly,2018-6-28T21:00:00.000,options,put
282,1530001620000,166.0,166.0,158.75,161.25,12760,,26700,weekly,2018-6-28T21:00:00.000,options,put
283,1530001680000,161.25,171.8,160.0,167.85,2440,,26700,weekly,2018-6-28T21:00:00.000,options,put
284,1530001740000,167.0,167.4,160.3,162.0,5960,,26700,weekly,2018-6-28T21:00:00.000,options,put
285,1530001800000,162.0,162.05,140.3,141.7,23040,,26700,weekly,2018-6-28T21:00:00.000,options,put
286,1530001860000,141.9,150.85,141.9,149.1,11840,,26700,weekly,2018-6-28T21:00:00.000,options,put
287,1530001920000,148.75,149.85,144.75,148.0,9000,,26700,weekly,2018-6-28T21:00:00.000,options,put
288,1530001980000,146.75,154.9,144.1,153.6,10880,,26700,weekly,2018-6-28T21:00:00.000,options,put
289,1530002040000,153.6,156.65,148.5,148.5,6480,,26700,weekly,2018-6-28T21:00:00.000,options,put
290,1530002100000,148.0,148.4,145.0,145.05,9520,,26700,weekly,2018-6-28T21:00:00.000,options,put
291,1530002160000,145.05,155.75,145.05,152.9,5440,,26700,weekly,2018-6-28T21:00:00.000,options,put
292,1530002220000,152.9,161.65,152.9,160.0,10880,,26700,weekly,2018-6-28T21:00:00.000,options,put
293,1530002280000,160.0,165.0,157.35,161.65,10360,,26700,weekly,2018-6-28T21:00:00.000,options,put
294,1530002340000,163.9,163.9,158.0,158.0,4360,,26700,weekly,2018-6-28T21:00:00.000,options,put
295,1530002400000,158.0,161.5,151.75,154.6,6840,,26700,weekly,2018-6-28T21:00:00.000,options,put
296,1530002460000,154.95,155.55,144.9,147.1,8080,,26700,weekly,2018-6-28T21:00:00.000,options,put
297,1530002520000,147.1,156.5,147.1,156.1,5920,,26700,weekly,2018-6-28T21:00:00.000,options,put
298,1530002580000,156.1,161.2,155.6,158.95,4360,,26700,weekly,2018-6-28T21:00:00.000,options,put
299,1530002640000,158.95,159.95,154.4,155.0,3000,,26700,weekly,2018-6-28T21:00:00.000,options,put
300,1530002700000,155.0,159.95,155.0,159.3,3800,,26700,weekly,2018-6-28T21:00:00.000,options,put
301,1530002760000,159.3,159.3,150.25,150.25,3480,,26700,weekly,2018-6-28T21:00:00.000,options,put
302,1530002820000,150.25,151.95,147.85,151.0,6520,,26700,weekly,2018-6-28T21:00:00.000,options,put
303,1530002880000,150.8,158.0,148.65,158.0,3800,,26700,weekly,2018-6-28T21:00:00.000,options,put
304,1530002940000,158.0,159.4,156.55,159.0,5280,,26700,weekly,2018-6-28T21:00:00.000,options,put
305,1530003000000,159.0,164.25,157.25,164.25,3680,,26700,weekly,2018-6-28T21:00:00.000,options,put
306,1530003060000,164.25,177.8,162.35,176.35,17080,,26700,weekly,2018-6-28T21:00:00.000,options,put
307,1530003120000,176.05,182.05,170.0,175.45,8680,,26700,weekly,2018-6-28T21:00:00.000,options,put
308,1530003180000,175.45,190.35,174.4,187.0,11880,,26700,weekly,2018-6-28T21:00:00.000,options,put
309,1530003240000,186.05,187.65,175.0,175.0,12240,,26700,weekly,2018-6-28T21:00:00.000,options,put
310,1530003300000,175.0,182.75,175.0,177.5,9920,,26700,weekly,2018-6-28T21:00:00.000,options,put
311,1530003360000,177.5,178.25,167.25,167.25,11440,,26700,weekly,2018-6-28T21:00:00.000,options,put
312,1530003420000,169.0,172.0,166.8,168.2,5240,,26700,weekly,2018-6-28T21:00:00.000,options,put
313,1530003480000,168.2,173.0,166.8,167.7,3800,,26700,weekly,2018-6-28T21:00:00.000,options,put
314,1530003540000,167.7,167.7,160.0,164.55,5360,,26700,weekly,2018-6-28T21:00:00.000,options,put
315,1530003600000,164.55,164.55,153.45,159.55,7720,,26700,weekly,2018-6-28T21:00:00.000,options,put
316,1530003660000,159.55,160.3,151.5,153.15,4720,,26700,weekly,2018-6-28T21:00:00.000,options,put
317,1530003720000,155.0,162.0,154.8,159.6,6240,,26700,weekly,2018-6-28T21:00:00.000,options,put
318,1530003780000,159.6,164.0,155.85,163.3,9240,,26700,weekly,2018-6-28T21:00:00.000,options,put
319,1530003840000,163.35,170.0,161.0,168.0,3800,,26700,weekly,2018-6-28T21:00:00.000,options,put
320,1530003900000,168.9,168.9,160.65,162.0,5040,,26700,weekly,2018-6-28T21:00:00.000,options,put
321,1530003960000,162.0,162.0,155.15,155.15,2120,,26700,weekly,2018-6-28T21:00:00.000,options,put
322,1530004020000,155.15,156.5,150.05,153.5,4800,,26700,weekly,2018-6-28T21:00:00.000,options,put
323,1530004080000,152.5,152.5,144.3,150.2,13120,,26700,weekly,2018-6-28T21:00:00.000,options,put
324,1530004140000,151.6,158.1,149.5,158.1,4840,,26700,weekly,2018-6-28T21:00:00.000,options,put
325,1530004200000,158.1,161.8,155.4,160.0,6120,,26700,weekly,2018-6-28T21:00:00.000,options,put
326,1530004260000,160.0,164.6,158.0,161.0,3560,,26700,weekly,2018-6-28T21:00:00.000,options,put
327,1530004320000,159.55,159.55,151.05,152.85,2800,,26700,weekly,2018-6-28T21:00:00.000,options,put
328,1530004380000,152.85,155.6,148.0,149.05,2800,,26700,weekly,2018-6-28T21:00:00.000,options,put
329,1530004440000,149.05,150.6,143.8,148.5,6000,,26700,weekly,2018-6-28T21:00:00.000,options,put
330,1530004500000,150.15,153.0,145.15,150.95,6480,,26700,weekly,2018-6-28T21:00:00.000,options,put
331,1530004560000,150.95,150.95,142.5,150.0,9600,,26700,weekly,2018-6-28T21:00:00.000,options,put
332,1530004620000,150.0,157.0,150.0,154.5,10400,,26700,weekly,2018-6-28T21:00:00.000,options,put
333,1530004680000,156.25,158.15,152.0,156.75,4520,,26700,weekly,2018-6-28T21:00:00.000,options,put
334,1530004740000,156.75,156.75,146.95,149.95,6360,,26700,weekly,2018-6-28T21:00:00.000,options,put
335,1530004800000,149.95,155.2,149.55,149.9,3920,,26700,weekly,2018-6-28T21:00:00.000,options,put
336,1530004860000,149.9,160.0,149.2,155.2,8720,,26700,weekly,2018-6-28T21:00:00.000,options,put
337,1530004920000,155.2,156.2,135.4,138.1,16960,,26700,weekly,2018-6-28T21:00:00.000,options,put
338,1530004980000,138.1,142.5,131.0,135.6,26400,,26700,weekly,2018-6-28T21:00:00.000,options,put
339,1530005040000,135.65,138.3,130.0,130.7,16000,,26700,weekly,2018-6-28T21:00:00.000,options,put
340,1530005100000,130.65,131.85,124.5,130.0,27080,,26700,weekly,2018-6-28T21:00:00.000,options,put
341,1530005160000,130.0,137.45,128.05,134.0,13640,,26700,weekly,2018-6-28T21:00:00.000,options,put
342,1530005220000,134.0,134.3,129.55,132.75,15080,,26700,weekly,2018-6-28T21:00:00.000,options,put
343,1530005280000,132.75,136.85,127.5,133.45,13120,,26700,weekly,2018-6-28T21:00:00.000,options,put
344,1530005340000,133.45,135.9,126.1,127.5,10800,,26700,weekly,2018-6-28T21:00:00.000,options,put
345,1530005400000,128.2,133.0,122.15,130.8,18200,,26700,weekly,2018-6-28T21:00:00.000,options,put
346,1530005460000,130.8,138.2,130.8,134.75,13160,,26700,weekly,2018-6-28T21:00:00.000,options,put
347,1530005520000,134.75,146.8,131.05,145.6,13840,,26700,weekly,2018-6-28T21:00:00.000,options,put
348,1530005580000,143.0,150.65,139.05,145.0,10040,,26700,weekly,2018-6-28T21:00:00.000,options,put
349,1530005640000,144.85,155.1,144.85,150.9,23600,,26700,weekly,2018-6-28T21:00:00.000,options,put
350,1530005700000,152.75,166.0,152.75,162.45,26720,,26700,weekly,2018-6-28T21:00:00.000,options,put
351,1530005760000,161.5,171.7,161.15,163.4,24200,,26700,weekly,2018-6-28T21:00:00.000,options,put
352,1530005820000,163.05,180.1,160.5,175.45,14440,,26700,weekly,2018-6-28T21:00:00.000,options,put
353,1530005880000,176.5,187.25,176.5,180.8,22320,,26700,weekly,2018-6-28T21:00:00.000,options,put
354,1530005940000,180.8,187.0,171.65,178.1,16400,,26700,weekly,2018-6-28T21:00:00.000,options,put
355,1530006000000,177.6,192.95,172.0,185.0,17800,,26700,weekly,2018-6-28T21:00:00.000,options,put
356,1530006060000,184.45,196.0,180.9,188.5,16800,,26700,weekly,2018-6-28T21:00:00.000,options,put
357,1530006120000,188.0,189.9,181.6,186.75,6880,,26700,weekly,2018-6-28T21:00:00.000,options,put
358,1530006180000,186.75,186.75,172.0,173.05,9680,,26700,weekly,2018-6-28T21:00:00.000,options,put
359,1530006240000,171.1,175.0,167.4,167.4,19360,,26700,weekly,2018-6-28T21:00:00.000,options,put
360,1530006300000,168.5,174.95,165.8,166.1,16960,,26700,weekly,2018-6-28T21:00:00.000,options,put
361,1530006360000,164.8,172.2,163.05,168.6,9320,,26700,weekly,2018-6-28T21:00:00.000,options,put
362,1530006420000,168.6,174.5,165.8,174.0,8160,,26700,weekly,2018-6-28T21:00:00.000,options,put
363,1530006480000,174.0,181.0,172.75,181.0,16120,,26700,weekly,2018-6-28T21:00:00.000,options,put
364,1530006540000,179.85,183.3,177.4,177.4,10000,,26700,weekly,2018-6-28T21:00:00.000,options,put
365,1530006600000,175.7,182.95,175.7,179.0,9640,,26700,weekly,2018-6-28T21:00:00.000,options,put
366,1530006660000,178.95,179.3,172.4,172.4,11880,,26700,weekly,2018-6-28T21:00:00.000,options,put
367,1530006720000,174.05,177.4,172.0,173.55,6800,,26700,weekly,2018-6-28T21:00:00.000,options,put
368,1530006780000,172.85,176.4,172.15,174.0,13520,,26700,weekly,2018-6-28T21:00:00.000,options,put
369,1530006840000,174.1,175.95,172.0,174.75,7960,,26700,weekly,2018-6-28T21:00:00.000,options,put
370,1530006900000,174.55,175.55,167.0,168.85,11040,,26700,weekly,2018-6-28T21:00:00.000,options,put
371,1530006960000,167.7,171.1,167.7,169.2,7200,,26700,weekly,2018-6-28T21:00:00.000,options,put
372,1530007020000,169.0,169.95,166.6,167.65,8960,,26700,weekly,2018-6-28T21:00:00.000,options,put
373,1530007080000,167.75,173.0,167.0,172.0,14640,,26700,weekly,2018-6-28T21:00:00.000,options,put
374,1530007140000,172.0,173.25,165.0,171.0,17840,,26700,weekly,2018-6-28T21:00:00.000,options,put
