,timestamp,open,high,low,close,volume,open_interest,strike,expiry_type,expiry,instrument,contract_type
0,1585194240000,1460.3,1600.5,1460.3,1550.1,480,,20000,weekly,2020-3-26T21:00:00.000,options,put
1,1585194300000,1550.1,1550.1,1280.0,1450.0,600,,20000,weekly,2020-3-26T21:00:00.000,options,put
2,1585194360000,1507.4,1508.7,1472.65,1508.7,460,,20000,weekly,2020-3-26T21:00:00.000,options,put
3,1585194420000,1525.0,1654.15,1524.25,1654.15,140,,20000,weekly,2020-3-26T21:00:00.000,options,put
4,1585194480000,1654.15,1660.0,1639.4,1660.0,220,,20000,weekly,2020-3-26T21:00:00.000,options,put
5,1585194540000,1711.25,1711.25,1633.35,1633.35,140,,20000,weekly,2020-3-26T21:00:00.000,options,put
6,1585194600000,1640.0,1640.0,1501.65,1550.0,500,,20000,weekly,2020-3-26T21:00:00.000,options,put
7,1585194660000,1570.7,1573.65,1536.0,1536.0,780,,20000,weekly,2020-3-26T21:00:00.000,options,put
8,1585194720000,1501.65,1501.65,1411.0,1470.0,220,,20000,weekly,2020-3-26T21:00:00.000,options,put
9,1585194780000,1470.0,1470.0,1470.0,1470.0,80,,20000,weekly,2020-3-26T21:00:00.000,options,put
10,1585194840000,1500.45,1500.45,1494.75,1494.75,420,,20000,weekly,2020-3-26T21:00:00.000,options,put
11,1585194900000,1500.0,1500.2,1417.35,1417.35,180,,20000,weekly,2020-3-26T21:00:00.000,options,put
12,1585194960000,1417.35,1425.95,1390.0,1390.0,540,,20000,weekly,2020-3-26T21:00:00.000,options,put
13,1585195020000,1390.0,1397.25,1279.0,1305.25,740,,20000,weekly,2020-3-26T21:00:00.000,options,put
14,1585195080000,1310.05,1318.7,1299.3,1299.3,1160,,20000,weekly,2020-3-26T21:00:00.000,options,put
15,1585195140000,1280.0,1280.9,1158.8,1250.0,940,,20000,weekly,2020-3-26T21:00:00.000,options,put
16,1585195200000,1250.0,1303.35,1250.0,1263.35,320,,20000,weekly,2020-3-26T21:00:00.000,options,put
17,1585195260000,1275.0,1275.0,1201.55,1240.8,340,,20000,weekly,2020-3-26T21:00:00.000,options,put
18,1585195320000,1240.8,1240.8,1210.0,1215.0,340,,20000,weekly,2020-3-26T21:00:00.000,options,put
19,1585195380000,1215.0,1247.55,1195.05,1239.65,1000,,20000,weekly,2020-3-26T21:00:00.000,options,put
20,1585195440000,1239.65,1255.35,1225.0,1225.0,300,,20000,weekly,2020-3-26T21:00:00.000,options,put
21,1585195500000,1210.0,1214.2,1164.65,1174.4,760,,20000,weekly,2020-3-26T21:00:00.000,options,put
22,1585195560000,1180.5,1201.1,1172.1,1200.0,300,,20000,weekly,2020-3-26T21:00:00.000,options,put
23,1585195620000,1204.65,1300.0,1199.0,1262.1,1140,,20000,weekly,2020-3-26T21:00:00.000,options,put
24,1585195680000,1271.8,1286.9,1253.25,1286.9,800,,20000,weekly,2020-3-26T21:00:00.000,options,put
25,1585195740000,1286.9,1350.0,1286.9,1300.0,2040,,20000,weekly,2020-3-26T21:00:00.000,options,put
26,1585195800000,1300.0,1309.0,1263.1,1309.0,520,,20000,weekly,2020-3-26T21:00:00.000,options,put
27,1585195860000,1321.8,1327.95,1266.6,1266.6,300,,20000,weekly,2020-3-26T21:00:00.000,options,put
28,1585195920000,1267.65,1267.65,1266.0,1266.0,100,,20000,weekly,2020-3-26T21:00:00.000,options,put
29,1585195980000,1266.0,1292.2,1266.0,1269.95,140,,20000,weekly,2020-3-26T21:00:00.000,options,put
30,1585196040000,1269.15,1279.5,1175.0,1175.0,260,,20000,weekly,2020-3-26T21:00:00.000,options,put
31,1585196100000,1175.0,1175.0,1111.0,1111.0,520,,20000,weekly,2020-3-26T21:00:00.000,options,put
32,1585196160000,1099.95,1126.35,1090.7,1126.35,1540,,20000,weekly,2020-3-26T21:00:00.000,options,put
33,1585196220000,1130.0,1138.3,1109.25,1113.2,280,,20000,weekly,2020-3-26T21:00:00.000,options,put
34,1585196280000,1118.5,1135.8,1118.5,1135.8,120,,20000,weekly,2020-3-26T21:00:00.000,options,put
35,1585196340000,1177.55,1177.55,1100.0,1102.25,80,,20000,weekly,2020-3-26T21:00:00.000,options,put
36,1585196400000,1041.05,1050.0,1029.7,1047.85,420,,20000,weekly,2020-3-26T21:00:00.000,options,put
37,1585196460000,1047.85,1082.7,1045.9,1080.0,120,,20000,weekly,2020-3-26T21:00:00.000,options,put
38,1585196520000,1060.8,1065.85,1040.0,1040.0,200,,20000,weekly,2020-3-26T21:00:00.000,options,put
39,1585196580000,1021.0,1021.0,1017.9,1021.0,260,,20000,weekly,2020-3-26T21:00:00.000,options,put
40,1585196640000,1020.0,1020.0,990.0,995.0,160,,20000,weekly,2020-3-26T21:00:00.000,options,put
41,1585196700000,988.35,1005.6,939.45,1002.15,1500,,20000,weekly,2020-3-26T21:00:00.000,options,put
42,1585196760000,1002.15,1002.15,956.35,956.35,920,,20000,weekly,2020-3-26T21:00:00.000,options,put
43,1585196820000,950.0,954.0,931.1,950.0,800,,20000,weekly,2020-3-26T21:00:00.000,options,put
44,1585196880000,948.85,948.85,851.45,878.15,1620,,20000,weekly,2020-3-26T21:00:00.000,options,put
45,1585196940000,872.9,872.9,820.0,859.35,1420,,20000,weekly,2020-3-26T21:00:00.000,options,put
46,1585197000000,880.15,880.15,754.65,761.25,2660,,20000,weekly,2020-3-26T21:00:00.000,options,put
47,1585197060000,753.6,767.2,699.95,721.95,3540,,20000,weekly,2020-3-26T21:00:00.000,options,put
48,1585197120000,717.5,728.8,642.6,684.7,2820,,20000,weekly,2020-3-26T21:00:00.000,options,put
49,1585197180000,682.15,719.55,662.1,706.85,5900,,20000,weekly,2020-3-26T21:00:00.000,options,put
50,1585197240000,708.75,711.25,679.55,701.05,3100,,20000,weekly,2020-3-26T21:00:00.000,options,put
51,1585197300000,705.0,785.0,705.0,772.55,2760,,20000,weekly,2020-3-26T21:00:00.000,options,put
52,1585197360000,770.4,770.4,700.0,727.25,1780,,20000,weekly,2020-3-26T21:00:00.000,options,put
53,1585197420000,722.2,732.25,703.9,732.25,1080,,20000,weekly,2020-3-26T21:00:00.000,options,put
54,1585197480000,722.5,725.6,625.15,625.15,3880,,20000,weekly,2020-3-26T21:00:00.000,options,put
55,1585197540000,630.9,630.9,562.3,572.55,5060,,20000,weekly,2020-3-26T21:00:00.000,options,put
56,1585197600000,575.3,653.6,560.6,644.05,4940,,20000,weekly,2020-3-26T21:00:00.000,options,put
57,1585197660000,637.75,641.35,579.3,615.85,2200,,20000,weekly,2020-3-26T21:00:00.000,options,put
58,1585197720000,612.0,620.35,587.95,596.65,1520,,20000,weekly,2020-3-26T21:00:00.000,options,put
59,1585197780000,596.65,598.1,507.5,524.65,4840,,20000,weekly,2020-3-26T21:00:00.000,options,put
60,1585197840000,524.35,578.05,524.35,578.05,7480,,20000,weekly,2020-3-26T21:00:00.000,options,put
61,1585197900000,588.5,595.0,550.0,550.0,4300,,20000,weekly,2020-3-26T21:00:00.000,options,put
62,1585197960000,550.0,557.15,483.05,511.8,8920,,20000,weekly,2020-3-26T21:00:00.000,options,put
63,1585198020000,504.85,508.2,452.8,454.9,11460,,20000,weekly,2020-3-26T21:00:00.000,options,put
64,1585198080000,450.15,458.3,431.05,442.95,11840,,20000,weekly,2020-3-26T21:00:00.000,options,put
65,1585198140000,445.15,445.15,376.2,405.25,30540,,20000,weekly,2020-3-26T21:00:00.000,options,put
66,1585198200000,410.0,420.55,369.5,378.35,37020,,20000,weekly,2020-3-26T21:00:00.000,options,put
67,1585198260000,381.8,410.8,360.55,388.45,32460,,20000,weekly,2020-3-26T21:00:00.000,options,put
68,1585198320000,390.0,429.0,384.2,410.0,25960,,20000,weekly,2020-3-26T21:00:00.000,options,put
69,1585198380000,409.05,426.8,403.0,403.0,13420,,20000,weekly,2020-3-26T21:00:00.000,options,put
70,1585198440000,403.45,470.85,402.95,470.85,23520,,20000,weekly,2020-3-26T21:00:00.000,options,put
71,1585198500000,469.05,523.4,451.4,523.4,25200,,20000,weekly,2020-3-26T21:00:00.000,options,put
72,1585198560000,517.95,537.9,481.2,485.8,28940,,20000,weekly,2020-3-26T21:00:00.000,options,put
73,1585198620000,486.2,486.2,454.9,480.2,12480,,20000,weekly,2020-3-26T21:00:00.000,options,put
74,1585198680000,476.25,523.45,476.25,523.0,14260,,20000,weekly,2020-3-26T21:00:00.000,options,put
75,1585198740000,525.0,525.0,499.7,523.3,12820,,20000,weekly,2020-3-26T21:00:00.000,options,put
76,1585198800000,523.3,602.2,517.5,602.2,14740,,20000,weekly,2020-3-26T21:00:00.000,options,put
77,1585198860000,607.85,620.0,564.05,605.35,23560,,20000,weekly,2020-3-26T21:00:00.000,options,put
78,1585198920000,611.0,616.5,515.4,519.6,24440,,20000,weekly,2020-3-26T21:00:00.000,options,put
79,1585198980000,502.85,521.85,425.1,436.5,18260,,20000,weekly,2020-3-26T21:00:00.000,options,put
80,1585199040000,435.05,499.75,426.9,456.05,20340,,20000,weekly,2020-3-26T21:00:00.000,options,put
81,1585199100000,455.0,505.0,445.0,480.0,13860,,20000,weekly,2020-3-26T21:00:00.000,options,put
82,1585199160000,480.0,517.1,469.4,473.85,26140,,20000,weekly,2020-3-26T21:00:00.000,options,put
83,1585199220000,478.95,493.15,450.1,459.85,8900,,20000,weekly,2020-3-26T21:00:00.000,options,put
84,1585199280000,458.2,473.45,431.85,436.3,11760,,20000,weekly,2020-3-26T21:00:00.000,options,put
85,1585199340000,432.05,451.6,430.0,430.4,11840,,20000,weekly,2020-3-26T21:00:00.000,options,put
86,1585199400000,429.65,450.6,371.75,389.8,27540,,20000,weekly,2020-3-26T21:00:00.000,options,put
87,1585199460000,384.85,423.45,378.35,392.75,24780,,20000,weekly,2020-3-26T21:00:00.000,options,put
88,1585199520000,396.85,397.3,370.65,379.0,34000,,20000,weekly,2020-3-26T21:00:00.000,options,put
89,1585199580000,384.25,398.1,378.25,394.0,17500,,20000,weekly,2020-3-26T21:00:00.000,options,put
90,1585199640000,393.95,452.35,393.95,452.35,22820,,20000,weekly,2020-3-26T21:00:00.000,options,put
91,1585199700000,454.6,454.95,410.0,425.55,15580,,20000,weekly,2020-3-26T21:00:00.000,options,put
92,1585199760000,425.4,450.0,425.0,449.85,7440,,20000,weekly,2020-3-26T21:00:00.000,options,put
93,1585199820000,445.75,454.9,431.55,451.65,12000,,20000,weekly,2020-3-26T21:00:00.000,options,put
94,1585199880000,454.65,482.05,444.0,456.0,16740,,20000,weekly,2020-3-26T21:00:00.000,options,put
95,1585199940000,447.0,467.15,431.15,461.3,14880,,20000,weekly,2020-3-26T21:00:00.000,options,put
96,1585200000000,462.85,509.95,462.85,500.5,21420,,20000,weekly,2020-3-26T21:00:00.000,options,put
97,1585200060000,500.0,504.1,453.25,492.8,12400,,20000,weekly,2020-3-26T21:00:00.000,options,put
98,1585200120000,495.65,500.0,470.6,475.0,8880,,20000,weekly,2020-3-26T21:00:00.000,options,put
99,1585200180000,477.0,499.0,473.65,499.0,7040,,20000,weekly,2020-3-26T21:00:00.000,options,put
100,1585200240000,498.0,499.0,475.0,495.0,5400,,20000,weekly,2020-3-26T21:00:00.000,options,put
101,1585200300000,497.05,519.6,492.1,508.7,8760,,20000,weekly,2020-3-26T21:00:00.000,options,put
102,1585200360000,513.85,538.55,490.5,509.7,13560,,20000,weekly,2020-3-26T21:00:00.000,options,put
103,1585200420000,494.55,525.0,490.2,490.2,10460,,20000,weekly,2020-3-26T21:00:00.000,options,put
104,1585200480000,489.8,490.0,465.55,470.0,9740,,20000,weekly,2020-3-26T21:00:00.000,options,put
105,1585200540000,470.0,472.15,444.3,455.0,12200,,20000,weekly,2020-3-26T21:00:00.000,options,put
106,1585200600000,451.0,458.0,436.1,454.4,13540,,20000,weekly,2020-3-26T21:00:00.000,options,put
107,1585200660000,449.6,488.7,445.0,483.05,14380,,20000,weekly,2020-3-26T21:00:00.000,options,put
108,1585200720000,480.35,508.95,480.35,495.0,16120,,20000,weekly,2020-3-26T21:00:00.000,options,put
109,1585200780000,496.6,499.95,471.15,493.65,7600,,20000,weekly,2020-3-26T21:00:00.000,options,put
110,1585200840000,495.0,513.0,495.0,504.95,15660,,20000,weekly,2020-3-26T21:00:00.000,options,put
111,1585200900000,502.95,533.15,502.0,519.95,12800,,20000,weekly,2020-3-26T21:00:00.000,options,put
112,1585200960000,514.85,520.0,500.05,505.6,8560,,20000,weekly,2020-3-26T21:00:00.000,options,put
113,1585201020000,510.8,548.0,510.8,548.0,11000,,20000,weekly,2020-3-26T21:00:00.000,options,put
114,1585201080000,548.0,549.55,525.85,536.75,9500,,20000,weekly,2020-3-26T21:00:00.000,options,put
115,1585201140000,539.0,539.0,498.6,511.2,9860,,20000,weekly,2020-3-26T21:00:00.000,options,put
116,1585201200000,516.25,575.0,514.4,575.0,11880,,20000,weekly,2020-3-26T21:00:00.000,options,put
117,1585201260000,575.45,579.2,540.95,551.0,9860,,20000,weekly,2020-3-26T21:00:00.000,options,put
118,1585201320000,557.6,557.85,511.0,511.0,6640,,20000,weekly,2020-3-26T21:00:00.000,options,put
119,1585201380000,511.0,529.15,490.05,503.5,11480,,20000,weekly,2020-3-26T21:00:00.000,options,put
120,1585201440000,500.0,500.0,403.35,429.95,20920,,20000,weekly,2020-3-26T21:00:00.000,options,put
121,1585201500000,429.75,449.6,406.65,442.0,13580,,20000,weekly,2020-3-26T21:00:00.000,options,put
122,1585201560000,442.3,462.45,440.0,456.65,7300,,20000,weekly,2020-3-26T21:00:00.000,options,put
123,1585201620000,461.55,461.55,430.0,442.3,8860,,20000,weekly,2020-3-26T21:00:00.000,options,put
124,1585201680000,447.3,480.0,434.15,458.95,9320,,20000,weekly,2020-3-26T21:00:00.000,options,put
125,1585201740000,455.1,476.9,441.0,470.0,7200,,20000,weekly,2020-3-26T21:00:00.000,options,put
126,1585201800000,473.05,497.0,470.15,479.15,10980,,20000,weekly,2020-3-26T21:00:00.000,options,put
127,1585201860000,475.2,520.0,475.2,517.5,12420,,20000,weekly,2020-3-26T21:00:00.000,options,put
128,1585201920000,515.8,515.8,495.9,510.0,7200,,20000,weekly,2020-3-26T21:00:00.000,options,put
129,1585201980000,507.6,553.6,506.15,553.6,14940,,20000,weekly,2020-3-26T21:00:00.000,options,put
130,1585202040000,553.15,559.5,531.7,559.5,14280,,20000,weekly,2020-3-26T21:00:00.000,options,put
131,1585202100000,559.5,627.3,551.75,619.35,18100,,20000,weekly,2020-3-26T21:00:00.000,options,put
132,1585202160000,622.55,626.95,565.1,592.55,18240,,20000,weekly,2020-3-26T21:00:00.000,options,put
133,1585202220000,592.55,592.55,522.05,544.95,13560,,20000,weekly,2020-3-26T21:00:00.000,options,put
134,1585202280000,543.7,572.5,535.05,568.5,7540,,20000,weekly,2020-3-26T21:00:00.000,options,put
135,1585202340000,557.35,591.05,553.1,587.85,11500,,20000,weekly,2020-3-26T21:00:00.000,options,put
136,1585202400000,590.6,594.0,560.0,572.85,6920,,20000,weekly,2020-3-26T21:00:00.000,options,put
137,1585202460000,573.4,613.0,573.2,610.0,10640,,20000,weekly,2020-3-26T21:00:00.000,options,put
138,1585202520000,608.6,633.6,580.0,633.6,15840,,20000,weekly,2020-3-26T21:00:00.000,options,put
139,1585202580000,634.2,669.5,619.25,668.8,15820,,20000,weekly,2020-3-26T21:00:00.000,options,put
140,1585202640000,668.85,668.85,600.0,600.0,11720,,20000,weekly,2020-3-26T21:00:00.000,options,put
141,1585202700000,599.65,613.25,553.45,596.4,13680,,20000,weekly,2020-3-26T21:00:00.000,options,put
142,1585202760000,593.6,646.0,587.6,638.9,10360,,20000,weekly,2020-3-26T21:00:00.000,options,put
143,1585202820000,638.2,646.35,598.1,625.3,7820,,20000,weekly,2020-3-26T21:00:00.000,options,put
144,1585202880000,625.3,626.5,559.3,559.3,9860,,20000,weekly,2020-3-26T21:00:00.000,options,put
145,1585202940000,553.0,564.0,478.5,480.0,19900,,20000,weekly,2020-3-26T21:00:00.000,options,put
146,1585203000000,480.0,482.75,420.35,435.8,26960,,20000,weekly,2020-3-26T21:00:00.000,options,put
147,1585203060000,435.65,455.35,385.05,407.7,20180,,20000,weekly,2020-3-26T21:00:00.000,options,put
148,1585203120000,416.8,448.35,398.0,439.25,17700,,20000,weekly,2020-3-26T21:00:00.000,options,put
149,1585203180000,439.95,480.0,431.75,434.35,13900,,20000,weekly,2020-3-26T21:00:00.000,options,put
150,1585203240000,434.35,445.5,390.0,410.6,9920,,20000,weekly,2020-3-26T21:00:00.000,options,put
151,1585203300000,407.75,435.8,395.65,435.8,11280,,20000,weekly,2020-3-26T21:00:00.000,options,put
152,1585203360000,432.75,463.95,420.0,429.35,13460,,20000,weekly,2020-3-26T21:00:00.000,options,put
153,1585203420000,436.75,445.75,422.15,445.15,4440,,20000,weekly,2020-3-26T21:00:00.000,options,put
154,1585203480000,447.5,447.5,418.6,431.0,6940,,20000,weekly,2020-3-26T21:00:00.000,options,put
155,1585203540000,434.0,434.0,388.15,417.4,14900,,20000,weekly,2020-3-26T21:00:00.000,options,put
156,1585203600000,417.4,418.2,395.2,396.5,12800,,20000,weekly,2020-3-26T21:00:00.000,options,put
157,1585203660000,395.15,426.55,395.15,410.5,11100,,20000,weekly,2020-3-26T21:00:00.000,options,put
158,1585203720000,415.35,454.6,415.15,454.6,13420,,20000,weekly,2020-3-26T21:00:00.000,options,put
159,1585203780000,460.0,478.55,438.2,444.15,17100,,20000,weekly,2020-3-26T21:00:00.000,options,put
160,1585203840000,445.6,475.0,443.0,451.0,7120,,20000,weekly,2020-3-26T21:00:00.000,options,put
161,1585203900000,461.4,470.0,428.15,437.7,6400,,20000,weekly,2020-3-26T21:00:00.000,options,put
162,1585203960000,441.85,453.25,428.9,431.05,5040,,20000,weekly,2020-3-26T21:00:00.000,options,put
163,1585204020000,427.8,444.0,425.3,425.3,2900,,20000,weekly,2020-3-26T21:00:00.000,options,put
164,1585204080000,424.55,425.95,400.0,404.15,10520,,20000,weekly,2020-3-26T21:00:00.000,options,put
165,1585204140000,400.2,417.05,348.0,371.45,22440,,20000,weekly,2020-3-26T21:00:00.000,options,put
166,1585204200000,373.15,376.2,345.3,361.95,23400,,20000,weekly,2020-3-26T21:00:00.000,options,put
167,1585204260000,358.1,361.85,316.0,346.05,42580,,20000,weekly,2020-3-26T21:00:00.000,options,put
168,1585204320000,348.0,356.5,343.9,350.25,20200,,20000,weekly,2020-3-26T21:00:00.000,options,put
169,1585204380000,348.35,365.0,337.5,365.0,16980,,20000,weekly,2020-3-26T21:00:00.000,options,put
170,1585204440000,369.0,369.0,342.4,355.25,17020,,20000,weekly,2020-3-26T21:00:00.000,options,put
171,1585204500000,356.6,361.0,338.2,338.2,17480,,20000,weekly,2020-3-26T21:00:00.000,options,put
172,1585204560000,339.55,343.9,318.9,325.75,22480,,20000,weekly,2020-3-26T21:00:00.000,options,put
173,1585204620000,323.15,323.35,294.15,309.9,34140,,20000,weekly,2020-3-26T21:00:00.000,options,put
174,1585204680000,309.9,334.95,308.15,324.9,18960,,20000,weekly,2020-3-26T21:00:00.000,options,put
175,1585204740000,325.35,348.4,325.35,336.15,14620,,20000,weekly,2020-3-26T21:00:00.000,options,put
176,1585204800000,336.0,341.4,311.85,321.75,13160,,20000,weekly,2020-3-26T21:00:00.000,options,put
177,1585204860000,321.75,346.0,319.6,335.7,17300,,20000,weekly,2020-3-26T21:00:00.000,options,put
178,1585204920000,335.15,338.75,315.15,315.15,13940,,20000,weekly,2020-3-26T21:00:00.000,options,put
179,1585204980000,314.7,321.2,302.0,308.0,29460,,20000,weekly,2020-3-26T21:00:00.000,options,put
180,1585205040000,308.0,329.75,305.15,326.55,13480,,20000,weekly,2020-3-26T21:00:00.000,options,put
181,1585205100000,329.7,361.25,327.75,358.0,27040,,20000,weekly,2020-3-26T21:00:00.000,options,put
182,1585205160000,359.85,364.95,340.25,360.45,20100,,20000,weekly,2020-3-26T21:00:00.000,options,put
183,1585205220000,362.95,384.0,353.7,376.0,18540,,20000,weekly,2020-3-26T21:00:00.000,options,put
184,1585205280000,375.45,379.95,333.0,333.55,28000,,20000,weekly,2020-3-26T21:00:00.000,options,put
185,1585205340000,340.25,350.3,328.05,335.95,19160,,20000,weekly,2020-3-26T21:00:00.000,options,put
186,1585205400000,333.2,337.3,323.05,332.75,9000,,20000,weekly,2020-3-26T21:00:00.000,options,put
187,1585205460000,335.0,353.9,334.35,344.85,11680,,20000,weekly,2020-3-26T21:00:00.000,options,put
188,1585205520000,344.1,350.0,329.4,339.55,11740,,20000,weekly,2020-3-26T21:00:00.000,options,put
189,1585205580000,344.5,344.5,324.25,335.05,10840,,20000,weekly,2020-3-26T21:00:00.000,options,put
190,1585205640000,336.0,347.7,330.05,347.35,9200,,20000,weekly,2020-3-26T21:00:00.000,options,put
191,1585205700000,347.35,355.0,342.0,350.25,12260,,20000,weekly,2020-3-26T21:00:00.000,options,put
192,1585205760000,350.25,363.95,346.55,359.05,9540,,20000,weekly,2020-3-26T21:00:00.000,options,put
193,1585205820000,362.8,376.0,337.8,337.8,17720,,20000,weekly,2020-3-26T21:00:00.000,options,put
194,1585205880000,337.9,352.3,333.75,350.45,9400,,20000,weekly,2020-3-26T21:00:00.000,options,put
195,1585205940000,346.8,359.45,345.0,359.45,7700,,20000,weekly,2020-3-26T21:00:00.000,options,put
196,1585206000000,357.55,365.0,350.0,359.1,12340,,20000,weekly,2020-3-26T21:00:00.000,options,put
197,1585206060000,357.05,361.45,341.85,343.6,9720,,20000,weekly,2020-3-26T21:00:00.000,options,put
198,1585206120000,344.0,350.0,318.4,323.45,12660,,20000,weekly,2020-3-26T21:00:00.000,options,put
199,1585206180000,322.5,343.3,322.25,338.75,7300,,20000,weekly,2020-3-26T21:00:00.000,options,put
200,1585206240000,339.3,346.4,335.0,339.95,10820,,20000,weekly,2020-3-26T21:00:00.000,options,put
201,1585206300000,338.8,343.9,328.15,331.0,9220,,20000,weekly,2020-3-26T21:00:00.000,options,put
202,1585206360000,330.8,332.95,311.0,323.35,12740,,20000,weekly,2020-3-26T21:00:00.000,options,put
203,1585206420000,325.05,334.85,323.1,331.65,8240,,20000,weekly,2020-3-26T21:00:00.000,options,put
204,1585206480000,328.9,347.0,328.0,347.0,15380,,20000,weekly,2020-3-26T21:00:00.000,options,put
205,1585206540000,347.0,350.25,331.0,335.9,14560,,20000,weekly,2020-3-26T21:00:00.000,options,put
206,1585206600000,337.0,350.0,335.25,346.55,12100,,20000,weekly,2020-3-26T21:00:00.000,options,put
207,1585206660000,346.15,355.0,337.3,337.3,11600,,20000,weekly,2020-3-26T21:00:00.000,options,put
208,1585206720000,338.95,338.95,315.0,315.0,8620,,20000,weekly,2020-3-26T21:00:00.000,options,put
209,1585206780000,315.15,319.15,275.0,293.15,45420,,20000,weekly,2020-3-26T21:00:00.000,options,put
210,1585206840000,290.05,292.4,254.2,286.95,54280,,20000,weekly,2020-3-26T21:00:00.000,options,put
211,1585206900000,290.0,295.75,280.45,284.65,20220,,20000,weekly,2020-3-26T21:00:00.000,options,put
212,1585206960000,284.25,295.35,282.6,295.0,15380,,20000,weekly,2020-3-26T21:00:00.000,options,put
213,1585207020000,296.65,300.35,290.75,296.5,17520,,20000,weekly,2020-3-26T21:00:00.000,options,put
214,1585207080000,293.3,321.55,291.05,311.4,27180,,20000,weekly,2020-3-26T21:00:00.000,options,put
215,1585207140000,310.05,340.5,301.75,326.45,26520,,20000,weekly,2020-3-26T21:00:00.000,options,put
216,1585207200000,324.75,334.95,319.5,324.6,21800,,20000,weekly,2020-3-26T21:00:00.000,options,put
217,1585207260000,322.2,328.0,294.25,301.25,17880,,20000,weekly,2020-3-26T21:00:00.000,options,put
218,1585207320000,302.45,307.95,295.5,297.65,11260,,20000,weekly,2020-3-26T21:00:00.000,options,put
219,1585207380000,298.4,317.0,297.2,312.35,18660,,20000,weekly,2020-3-26T21:00:00.000,options,put
220,1585207440000,311.2,325.0,306.45,324.55,11460,,20000,weekly,2020-3-26T21:00:00.000,options,put
221,1585207500000,324.4,325.95,315.65,325.95,16380,,20000,weekly,2020-3-26T21:00:00.000,options,put
222,1585207560000,323.9,325.95,300.0,302.45,17700,,20000,weekly,2020-3-26T21:00:00.000,options,put
223,1585207620000,302.25,313.3,302.25,313.0,16820,,20000,weekly,2020-3-26T21:00:00.000,options,put
224,1585207680000,312.95,315.3,297.7,302.55,17860,,20000,weekly,2020-3-26T21:00:00.000,options,put
225,1585207740000,305.0,323.85,305.0,323.85,14400,,20000,weekly,2020-3-26T21:00:00.000,options,put
226,1585207800000,324.05,374.95,320.8,369.45,33080,,20000,weekly,2020-3-26T21:00:00.000,options,put
227,1585207860000,368.85,447.85,363.15,375.45,80100,,20000,weekly,2020-3-26T21:00:00.000,options,put
228,1585207920000,369.2,403.0,353.15,401.1,33540,,20000,weekly,2020-3-26T21:00:00.000,options,put
229,1585207980000,402.3,403.2,362.55,366.55,23180,,20000,weekly,2020-3-26T21:00:00.000,options,put
230,1585208040000,366.4,390.85,362.25,389.8,9400,,20000,weekly,2020-3-26T21:00:00.000,options,put
231,1585208100000,389.2,399.0,370.45,392.85,19900,,20000,weekly,2020-3-26T21:00:00.000,options,put
232,1585208160000,388.35,400.0,383.9,383.9,21760,,20000,weekly,2020-3-26T21:00:00.000,options,put
233,1585208220000,383.8,383.8,305.25,320.1,45820,,20000,weekly,2020-3-26T21:00:00.000,options,put
234,1585208280000,320.1,326.7,283.55,317.55,27420,,20000,weekly,2020-3-26T21:00:00.000,options,put
235,1585208340000,314.55,326.15,303.45,323.35,16420,,20000,weekly,2020-3-26T21:00:00.000,options,put
236,1585208400000,326.35,340.0,312.0,312.0,20000,,20000,weekly,2020-3-26T21:00:00.000,options,put
237,1585208460000,312.0,324.75,309.2,324.75,9240,,20000,weekly,2020-3-26T21:00:00.000,options,put
238,1585208520000,322.05,333.45,320.6,330.1,7380,,20000,weekly,2020-3-26T21:00:00.000,options,put
239,1585208580000,329.95,334.95,320.4,326.3,11680,,20000,weekly,2020-3-26T21:00:00.000,options,put
240,1585208640000,323.25,325.55,281.5,291.15,24040,,20000,weekly,2020-3-26T21:00:00.000,options,put
241,1585208700000,285.2,308.65,285.2,303.55,19680,,20000,weekly,2020-3-26T21:00:00.000,options,put
242,1585208760000,302.85,327.15,299.55,315.25,20840,,20000,weekly,2020-3-26T21:00:00.000,options,put
243,1585208820000,319.0,320.4,300.0,311.35,10860,,20000,weekly,2020-3-26T21:00:00.000,options,put
244,1585208880000,311.05,325.0,310.2,322.8,13660,,20000,weekly,2020-3-26T21:00:00.000,options,put
245,1585208940000,321.5,336.25,315.1,334.9,13780,,20000,weekly,2020-3-26T21:00:00.000,options,put
246,1585209000000,331.8,337.2,314.25,326.0,18180,,20000,weekly,2020-3-26T21:00:00.000,options,put
247,1585209060000,326.0,329.7,318.05,321.4,5840,,20000,weekly,2020-3-26T21:00:00.000,options,put
248,1585209120000,325.15,374.85,325.15,345.65,31620,,20000,weekly,2020-3-26T21:00:00.000,options,put
249,1585209180000,352.55,440.4,351.0,435.6,49300,,20000,weekly,2020-3-26T21:00:00.000,options,put
250,1585209240000,435.55,564.9,430.7,488.95,63640,,20000,weekly,2020-3-26T21:00:00.000,options,put
251,1585209300000,492.0,499.95,409.7,421.95,36680,,20000,weekly,2020-3-26T21:00:00.000,options,put
252,1585209360000,415.8,504.35,408.25,492.8,35400,,20000,weekly,2020-3-26T21:00:00.000,options,put
253,1585209420000,489.6,548.4,485.0,509.25,34600,,20000,weekly,2020-3-26T21:00:00.000,options,put
254,1585209480000,514.9,585.85,513.5,531.05,26520,,20000,weekly,2020-3-26T21:00:00.000,options,put
255,1585209540000,535.15,561.0,450.85,465.0,26660,,20000,weekly,2020-3-26T21:00:00.000,options,put
256,1585209600000,464.5,550.0,440.6,550.0,20560,,20000,weekly,2020-3-26T21:00:00.000,options,put
257,1585209660000,549.95,576.55,533.3,560.0,17300,,20000,weekly,2020-3-26T21:00:00.000,options,put
258,1585209720000,560.0,575.0,530.75,533.5,13840,,20000,weekly,2020-3-26T21:00:00.000,options,put
259,1585209780000,541.75,600.0,532.9,600.0,15620,,20000,weekly,2020-3-26T21:00:00.000,options,put
260,1585209840000,595.5,677.2,567.0,584.5,29260,,20000,weekly,2020-3-26T21:00:00.000,options,put
261,1585209900000,589.1,668.6,589.1,661.8,12280,,20000,weekly,2020-3-26T21:00:00.000,options,put
262,1585209960000,668.15,721.55,660.0,716.0,27940,,20000,weekly,2020-3-26T21:00:00.000,options,put
263,1585210020000,720.0,731.1,655.0,693.6,24600,,20000,weekly,2020-3-26T21:00:00.000,options,put
264,1585210080000,690.1,698.0,607.95,648.4,14380,,20000,weekly,2020-3-26T21:00:00.000,options,put
265,1585210140000,654.25,663.5,551.4,570.05,15140,,20000,weekly,2020-3-26T21:00:00.000,options,put
266,1585210200000,561.4,621.6,554.65,586.95,12240,,20000,weekly,2020-3-26T21:00:00.000,options,put
267,1585210260000,576.65,611.65,556.95,562.7,5240,,20000,weekly,2020-3-26T21:00:00.000,options,put
268,1585210320000,551.7,567.5,520.65,549.1,16300,,20000,weekly,2020-3-26T21:00:00.000,options,put
269,1585210380000,542.3,598.4,542.3,589.4,6560,,20000,weekly,2020-3-26T21:00:00.000,options,put
270,1585210440000,596.2,600.0,556.0,585.0,4840,,20000,weekly,2020-3-26T21:00:00.000,options,put
271,1585210500000,585.0,678.0,585.0,640.25,12520,,20000,weekly,2020-3-26T21:00:00.000,options,put
272,1585210560000,644.2,689.35,615.7,649.25,8300,,20000,weekly,2020-3-26T21:00:00.000,options,put
273,1585210620000,640.0,690.0,637.55,677.8,7320,,20000,weekly,2020-3-26T21:00:00.000,options,put
274,1585210680000,659.7,681.9,645.9,670.65,6220,,20000,weekly,2020-3-26T21:00:00.000,options,put
275,1585210740000,683.95,758.9,671.95,720.05,15820,,20000,weekly,2020-3-26T21:00:00.000,options,put
276,1585210800000,720.05,780.1,683.0,699.8,19440,,20000,weekly,2020-3-26T21:00:00.000,options,put
277,1585210860000,683.05,723.1,653.0,653.7,20540,,20000,weekly,2020-3-26T21:00:00.000,options,put
278,1585210920000,659.95,747.25,653.05,730.0,9840,,20000,weekly,2020-3-26T21:00:00.000,options,put
279,1585210980000,735.1,798.85,726.0,760.9,12980,,20000,weekly,2020-3-26T21:00:00.000,options,put
280,1585211040000,760.9,779.45,673.9,720.0,7140,,20000,weekly,2020-3-26T21:00:00.000,options,put
281,1585211100000,727.05,727.7,687.15,710.0,3380,,20000,weekly,2020-3-26T21:00:00.000,options,put
282,1585211160000,699.05,750.0,690.45,750.0,6480,,20000,weekly,2020-3-26T21:00:00.000,options,put
283,1585211220000,750.05,770.0,725.55,734.8,7260,,20000,weekly,2020-3-26T21:00:00.000,options,put
284,1585211280000,740.0,785.0,740.0,743.6,6540,,20000,weekly,2020-3-26T21:00:00.000,options,put
285,1585211340000,749.7,790.0,743.3,785.2,5660,,20000,weekly,2020-3-26T21:00:00.000,options,put
286,1585211400000,788.0,945.0,784.65,932.7,19180,,20000,weekly,2020-3-26T21:00:00.000,options,put
287,1585211460000,946.7,1097.6,939.75,1061.95,16240,,20000,weekly,2020-3-26T21:00:00.000,options,put
288,1585211520000,1067.55,1099.0,819.4,883.95,12760,,20000,weekly,2020-3-26T21:00:00.000,options,put
289,1585211580000,876.95,998.2,806.65,969.5,7180,,20000,weekly,2020-3-26T21:00:00.000,options,put
290,1585211640000,969.5,979.65,908.15,960.0,4340,,20000,weekly,2020-3-26T21:00:00.000,options,put
291,1585211700000,964.9,999.0,937.5,994.75,4240,,20000,weekly,2020-3-26T21:00:00.000,options,put
292,1585211760000,984.35,997.1,883.1,904.15,4080,,20000,weekly,2020-3-26T21:00:00.000,options,put
293,1585211820000,910.0,980.0,880.5,965.4,5680,,20000,weekly,2020-3-26T21:00:00.000,options,put
294,1585211880000,965.65,968.25,906.15,932.9,4640,,20000,weekly,2020-3-26T21:00:00.000,options,put
295,1585211940000,931.7,964.05,834.15,834.15,6020,,20000,weekly,2020-3-26T21:00:00.000,options,put
296,1585212000000,834.2,846.75,791.75,840.0,4460,,20000,weekly,2020-3-26T21:00:00.000,options,put
297,1585212060000,840.0,851.05,618.85,654.65,8500,,20000,weekly,2020-3-26T21:00:00.000,options,put
298,1585212120000,630.5,699.0,630.5,674.7,8720,,20000,weekly,2020-3-26T21:00:00.000,options,put
299,1585212180000,663.05,775.0,638.25,775.0,7420,,20000,weekly,2020-3-26T21:00:00.000,options,put
300,1585212240000,789.0,893.75,739.1,831.85,5820,,20000,weekly,2020-3-26T21:00:00.000,options,put
301,1585212300000,841.1,849.45,750.0,849.2,5660,,20000,weekly,2020-3-26T21:00:00.000,options,put
302,1585212360000,849.2,849.2,793.25,802.0,1760,,20000,weekly,2020-3-26T21:00:00.000,options,put
303,1585212420000,800.0,827.5,774.1,825.0,8080,,20000,weekly,2020-3-26T21:00:00.000,options,put
304,1585212480000,829.5,840.0,769.05,781.9,3620,,20000,weekly,2020-3-26T21:00:00.000,options,put
305,1585212540000,776.45,776.45,700.5,745.0,4280,,20000,weekly,2020-3-26T21:00:00.000,options,put
306,1585212600000,750.0,804.6,747.85,787.15,3760,,20000,weekly,2020-3-26T21:00:00.000,options,put
307,1585212660000,784.35,871.0,784.35,850.0,3200,,20000,weekly,2020-3-26T21:00:00.000,options,put
308,1585212720000,850.0,860.05,818.55,860.05,3160,,20000,weekly,2020-3-26T21:00:00.000,options,put
309,1585212780000,855.0,883.15,849.75,882.45,2560,,20000,weekly,2020-3-26T21:00:00.000,options,put
310,1585212840000,885.95,885.95,830.0,861.75,5940,,20000,weekly,2020-3-26T21:00:00.000,options,put
311,1585212900000,870.0,870.0,831.7,841.0,2120,,20000,weekly,2020-3-26T21:00:00.000,options,put
312,1585212960000,841.0,841.0,767.3,770.0,3940,,20000,weekly,2020-3-26T21:00:00.000,options,put
313,1585213020000,759.55,770.0,699.3,761.65,5500,,20000,weekly,2020-3-26T21:00:00.000,options,put
314,1585213080000,759.0,790.05,750.7,755.05,3080,,20000,weekly,2020-3-26T21:00:00.000,options,put
315,1585213140000,753.9,754.6,640.05,650.0,7460,,20000,weekly,2020-3-26T21:00:00.000,options,put
316,1585213200000,650.0,650.0,474.15,484.25,12760,,20000,weekly,2020-3-26T21:00:00.000,options,put
317,1585213260000,480.2,600.3,477.6,589.1,12940,,20000,weekly,2020-3-26T21:00:00.000,options,put
318,1585213320000,591.6,591.6,531.9,544.0,4060,,20000,weekly,2020-3-26T21:00:00.000,options,put
319,1585213380000,545.6,596.0,540.1,558.65,7880,,20000,weekly,2020-3-26T21:00:00.000,options,put
320,1585213440000,567.2,567.25,499.25,546.85,5420,,20000,weekly,2020-3-26T21:00:00.000,options,put
321,1585213500000,546.85,586.35,515.05,541.85,3900,,20000,weekly,2020-3-26T21:00:00.000,options,put
322,1585213560000,543.45,563.45,515.0,529.35,4080,,20000,weekly,2020-3-26T21:00:00.000,options,put
323,1585213620000,529.35,557.3,524.9,550.0,1560,,20000,weekly,2020-3-26T21:00:00.000,options,put
324,1585213680000,550.0,596.45,545.75,589.0,7020,,20000,weekly,2020-3-26T21:00:00.000,options,put
325,1585213740000,587.4,631.0,587.35,590.7,8720,,20000,weekly,2020-3-26T21:00:00.000,options,put
326,1585213800000,585.45,659.4,561.65,659.4,6260,,20000,weekly,2020-3-26T21:00:00.000,options,put
327,1585213860000,666.85,666.85,550.75,550.75,3100,,20000,weekly,2020-3-26T21:00:00.000,options,put
328,1585213920000,572.0,606.0,553.55,595.25,1940,,20000,weekly,2020-3-26T21:00:00.000,options,put
329,1585213980000,597.5,603.55,543.1,571.5,5180,,20000,weekly,2020-3-26T21:00:00.000,options,put
330,1585214040000,574.85,602.95,490.25,507.0,5340,,20000,weekly,2020-3-26T21:00:00.000,options,put
331,1585214100000,507.0,587.95,507.0,585.1,3020,,20000,weekly,2020-3-26T21:00:00.000,options,put
332,1585214160000,587.8,590.85,530.0,545.65,3840,,20000,weekly,2020-3-26T21:00:00.000,options,put
333,1585214220000,545.65,549.5,459.8,471.0,4540,,20000,weekly,2020-3-26T21:00:00.000,options,put
334,1585214280000,471.45,525.0,469.45,474.45,4480,,20000,weekly,2020-3-26T21:00:00.000,options,put
335,1585214340000,478.4,509.3,430.65,440.75,5020,,20000,weekly,2020-3-26T21:00:00.000,options,put
336,1585214400000,445.6,458.0,390.25,408.2,8740,,20000,weekly,2020-3-26T21:00:00.000,options,put
337,1585214460000,401.55,447.9,393.6,426.8,9520,,20000,weekly,2020-3-26T21:00:00.000,options,put
338,1585214520000,412.9,430.75,355.0,369.3,7360,,20000,weekly,2020-3-26T21:00:00.000,options,put
339,1585214580000,366.1,382.5,352.3,376.9,4160,,20000,weekly,2020-3-26T21:00:00.000,options,put
340,1585214640000,376.9,439.0,367.2,408.35,10640,,20000,weekly,2020-3-26T21:00:00.000,options,put
341,1585214700000,412.95,430.0,376.0,376.0,7460,,20000,weekly,2020-3-26T21:00:00.000,options,put
342,1585214760000,370.1,389.05,350.55,350.55,6000,,20000,weekly,2020-3-26T21:00:00.000,options,put
343,1585214820000,352.8,366.95,320.0,330.0,7780,,20000,weekly,2020-3-26T21:00:00.000,options,put
344,1585214880000,330.25,363.25,320.1,331.55,6640,,20000,weekly,2020-3-26T21:00:00.000,options,put
345,1585214940000,331.55,442.9,331.55,373.5,12000,,20000,weekly,2020-3-26T21:00:00.000,options,put
346,1585215000000,374.35,457.45,362.7,421.85,17840,,20000,weekly,2020-3-26T21:00:00.000,options,put
347,1585215060000,431.55,490.0,421.0,433.5,11640,,20000,weekly,2020-3-26T21:00:00.000,options,put
348,1585215120000,447.2,457.15,363.55,367.8,16140,,20000,weekly,2020-3-26T21:00:00.000,options,put
349,1585215180000,376.4,422.8,372.2,394.55,12020,,20000,weekly,2020-3-26T21:00:00.000,options,put
350,1585215240000,396.85,445.0,391.45,445.0,8200,,20000,weekly,2020-3-26T21:00:00.000,options,put
351,1585215300000,443.8,466.75,434.7,434.7,12040,,20000,weekly,2020-3-26T21:00:00.000,options,put
352,1585215360000,432.9,444.0,395.05,418.15,5740,,20000,weekly,2020-3-26T21:00:00.000,options,put
353,1585215420000,407.9,449.0,400.8,407.25,7120,,20000,weekly,2020-3-26T21:00:00.000,options,put
354,1585215480000,400.4,423.55,398.95,420.0,8220,,20000,weekly,2020-3-26T21:00:00.000,options,put
355,1585215540000,415.65,445.0,403.0,440.1,6800,,20000,weekly,2020-3-26T21:00:00.000,options,put
356,1585215600000,447.7,460.3,434.45,444.1,6880,,20000,weekly,2020-3-26T21:00:00.000,options,put
357,1585215660000,445.0,445.0,420.15,440.05,5140,,20000,weekly,2020-3-26T21:00:00.000,options,put
358,1585215720000,435.35,443.45,402.7,407.0,3960,,20000,weekly,2020-3-26T21:00:00.000,options,put
359,1585215780000,408.25,421.6,400.4,414.0,3080,,20000,weekly,2020-3-26T21:00:00.000,options,put
360,1585215840000,410.9,415.5,394.85,404.25,8100,,20000,weekly,2020-3-26T21:00:00.000,options,put
361,1585215900000,402.45,409.0,382.1,382.1,6000,,20000,weekly,2020-3-26T21:00:00.000,options,put
362,1585215960000,382.0,388.0,373.05,385.1,7760,,20000,weekly,2020-3-26T21:00:00.000,options,put
363,1585216020000,381.9,403.05,378.95,400.5,5240,,20000,weekly,2020-3-26T21:00:00.000,options,put
364,1585216080000,400.8,419.0,400.0,411.6,10100,,20000,weekly,2020-3-26T21:00:00.000,options,put
365,1585216140000,409.9,411.85,402.0,405.15,3960,,20000,weekly,2020-3-26T21:00:00.000,options,put
366,1585216200000,405.95,407.65,395.75,396.65,5480,,20000,weekly,2020-3-26T21:00:00.000,options,put
367,1585216260000,394.9,400.8,389.1,397.1,2200,,20000,weekly,2020-3-26T21:00:00.000,options,put
368,1585216320000,395.85,398.7,392.0,393.15,3660,,20000,weekly,2020-3-26T21:00:00.000,options,put
369,1585216380000,392.0,392.0,385.3,390.0,4580,,20000,weekly,2020-3-26T21:00:00.000,options,put
370,1585216440000,390.0,391.9,380.6,382.45,6480,,20000,weekly,2020-3-26T21:00:00.000,options,put
371,1585216500000,381.35,384.0,377.0,381.2,3500,,20000,weekly,2020-3-26T21:00:00.000,options,put
372,1585216560000,383.05,385.0,377.85,379.0,5300,,20000,weekly,2020-3-26T21:00:00.000,options,put
373,1585216620000,380.0,382.5,378.2,380.95,3020,,20000,weekly,2020-3-26T21:00:00.000,options,put
374,1585216680000,380.0,385.0,350.0,383.9,3380,,20000,weekly,2020-3-26T21:00:00.000,options,put
