,timestamp,open,high,low,close,volume,open_interest,strike,expiry_type,expiry,instrument,contract_type
0,1606362240000,6.1,14.9,6.0,11.8,151275,,28400,weekly,2020-11-26T21:00:00.000,options,put
1,1606362300000,13.8,13.8,9.65,10.5,114225,,28400,weekly,2020-11-26T21:00:00.000,options,put
2,1606362360000,10.75,12.1,10.4,12.0,120025,,28400,weekly,2020-11-26T21:00:00.000,options,put
3,1606362420000,11.8,15.5,11.8,14.3,114675,,28400,weekly,2020-11-26T21:00:00.000,options,put
4,1606362480000,14.45,20.15,14.45,19.9,103200,,28400,weekly,2020-11-26T21:00:00.000,options,put
5,1606362540000,19.45,24.45,18.05,20.95,95100,,28400,weekly,2020-11-26T21:00:00.000,options,put
6,1606362600000,21.3,25.3,21.3,22.8,83975,,28400,weekly,2020-11-26T21:00:00.000,options,put
7,1606362660000,23.05,24.05,19.35,21.55,85025,,28400,weekly,2020-11-26T21:00:00.000,options,put
8,1606362720000,21.45,22.35,18.1,18.3,70275,,28400,weekly,2020-11-26T21:00:00.000,options,put
9,1606362780000,18.25,18.25,14.7,17.2,133000,,28400,weekly,2020-11-26T21:00:00.000,options,put
10,1606362840000,17.15,17.35,14.1,14.15,67625,,28400,weekly,2020-11-26T21:00:00.000,options,put
11,1606362900000,13.85,17.9,12.25,17.85,101900,,28400,weekly,2020-11-26T21:00:00.000,options,put
12,1606362960000,18.05,18.15,14.6,14.9,51450,,28400,weekly,2020-11-26T21:00:00.000,options,put
13,1606363020000,15.1,15.3,10.75,12.45,86850,,28400,weekly,2020-11-26T21:00:00.000,options,put
14,1606363080000,12.25,12.75,10.25,10.25,74325,,28400,weekly,2020-11-26T21:00:00.000,options,put
15,1606363140000,10.2,10.45,9.05,9.6,112975,,28400,weekly,2020-11-26T21:00:00.000,options,put
16,1606363200000,9.75,11.45,8.8,10.4,113400,,28400,weekly,2020-11-26T21:00:00.000,options,put
17,1606363260000,10.25,12.25,10.15,10.65,74700,,28400,weekly,2020-11-26T21:00:00.000,options,put
18,1606363320000,10.6,11.15,9.55,9.85,54525,,28400,weekly,2020-11-26T21:00:00.000,options,put
19,1606363380000,9.85,11.25,9.7,11.25,54350,,28400,weekly,2020-11-26T21:00:00.000,options,put
20,1606363440000,11.25,15.25,10.85,15.25,83425,,28400,weekly,2020-11-26T21:00:00.000,options,put
21,1606363500000,15.65,16.05,12.0,13.35,58550,,28400,weekly,2020-11-26T21:00:00.000,options,put
22,1606363560000,13.45,13.95,12.2,12.75,31225,,28400,weekly,2020-11-26T21:00:00.000,options,put
23,1606363620000,12.75,13.6,11.25,12.2,34375,,28400,weekly,2020-11-26T21:00:00.000,options,put
24,1606363680000,12.25,14.55,12.25,14.1,62700,,28400,weekly,2020-11-26T21:00:00.000,options,put
25,1606363740000,13.9,14.2,12.75,14.0,26300,,28400,weekly,2020-11-26T21:00:00.000,options,put
26,1606363800000,14.15,16.9,14.0,15.3,74775,,28400,weekly,2020-11-26T21:00:00.000,options,put
27,1606363860000,15.4,16.25,14.0,16.0,30825,,28400,weekly,2020-11-26T21:00:00.000,options,put
28,1606363920000,16.05,16.75,14.25,14.8,57525,,28400,weekly,2020-11-26T21:00:00.000,options,put
29,1606363980000,14.75,16.45,14.1,14.15,34975,,28400,weekly,2020-11-26T21:00:00.000,options,put
30,1606364040000,14.65,19.75,13.35,19.75,68500,,28400,weekly,2020-11-26T21:00:00.000,options,put
31,1606364100000,19.85,22.3,18.25,19.1,119175,,28400,weekly,2020-11-26T21:00:00.000,options,put
32,1606364160000,19.7,21.75,18.5,20.35,78625,,28400,weekly,2020-11-26T21:00:00.000,options,put
33,1606364220000,20.25,22.8,18.85,21.3,101275,,28400,weekly,2020-11-26T21:00:00.000,options,put
34,1606364280000,21.1,22.0,19.15,20.35,67875,,28400,weekly,2020-11-26T21:00:00.000,options,put
35,1606364340000,20.7,22.25,19.4,19.95,57600,,28400,weekly,2020-11-26T21:00:00.000,options,put
36,1606364400000,20.35,22.45,19.3,19.45,80325,,28400,weekly,2020-11-26T21:00:00.000,options,put
37,1606364460000,19.4,22.05,19.0,20.95,71300,,28400,weekly,2020-11-26T21:00:00.000,options,put
38,1606364520000,21.05,21.15,19.5,21.15,30875,,28400,weekly,2020-11-26T21:00:00.000,options,put
39,1606364580000,21.15,21.25,16.15,18.8,90675,,28400,weekly,2020-11-26T21:00:00.000,options,put
40,1606364640000,18.8,20.2,16.25,16.3,50750,,28400,weekly,2020-11-26T21:00:00.000,options,put
41,1606364700000,16.35,17.15,15.75,15.85,45075,,28400,weekly,2020-11-26T21:00:00.000,options,put
42,1606364760000,15.85,16.0,13.6,15.35,49300,,28400,weekly,2020-11-26T21:00:00.000,options,put
43,1606364820000,15.45,18.3,15.3,18.15,33800,,28400,weekly,2020-11-26T21:00:00.000,options,put
44,1606364880000,17.85,19.2,17.15,18.4,33600,,28400,weekly,2020-11-26T21:00:00.000,options,put
45,1606364940000,18.55,22.6,18.45,21.45,116700,,28400,weekly,2020-11-26T21:00:00.000,options,put
46,1606365000000,20.95,21.65,18.8,19.8,80550,,28400,weekly,2020-11-26T21:00:00.000,options,put
47,1606365060000,20.25,20.4,17.4,19.45,53100,,28400,weekly,2020-11-26T21:00:00.000,options,put
48,1606365120000,19.3,20.05,18.6,20.0,38000,,28400,weekly,2020-11-26T21:00:00.000,options,put
49,1606365180000,19.7,21.15,16.7,17.1,54450,,28400,weekly,2020-11-26T21:00:00.000,options,put
50,1606365240000,17.8,18.9,16.2,16.35,57925,,28400,weekly,2020-11-26T21:00:00.000,options,put
51,1606365300000,16.45,17.5,15.85,16.6,45300,,28400,weekly,2020-11-26T21:00:00.000,options,put
52,1606365360000,16.7,19.35,16.5,17.9,51425,,28400,weekly,2020-11-26T21:00:00.000,options,put
53,1606365420000,17.85,18.6,17.2,18.25,38525,,28400,weekly,2020-11-26T21:00:00.000,options,put
54,1606365480000,18.3,18.3,16.5,17.0,34675,,28400,weekly,2020-11-26T21:00:00.000,options,put
55,1606365540000,17.2,17.9,16.05,16.05,38025,,28400,weekly,2020-11-26T21:00:00.000,options,put
56,1606365600000,16.25,17.05,15.65,16.25,39825,,28400,weekly,2020-11-26T21:00:00.000,options,put
57,1606365660000,16.05,17.5,15.85,16.55,33750,,28400,weekly,2020-11-26T21:00:00.000,options,put
58,1606365720000,17.0,17.4,15.65,15.65,30125,,28400,weekly,2020-11-26T21:00:00.000,options,put
59,1606365780000,15.55,16.5,14.95,15.3,42775,,28400,weekly,2020-11-26T21:00:00.000,options,put
60,1606365840000,15.1,15.4,10.65,10.65,89725,,28400,weekly,2020-11-26T21:00:00.000,options,put
61,1606365900000,11.05,12.5,10.55,11.9,73150,,28400,weekly,2020-11-26T21:00:00.000,options,put
62,1606365960000,11.6,12.3,11.6,12.0,62425,,28400,weekly,2020-11-26T21:00:00.000,options,put
63,1606366020000,11.95,11.95,9.2,10.05,128400,,28400,weekly,2020-11-26T21:00:00.000,options,put
64,1606366080000,10.15,11.75,10.15,11.7,48875,,28400,weekly,2020-11-26T21:00:00.000,options,put
65,1606366140000,11.55,14.2,11.25,13.3,46950,,28400,weekly,2020-11-26T21:00:00.000,options,put
66,1606366200000,13.2,13.65,12.15,12.7,22600,,28400,weekly,2020-11-26T21:00:00.000,options,put
67,1606366260000,12.7,14.3,12.7,14.1,22650,,28400,weekly,2020-11-26T21:00:00.000,options,put
68,1606366320000,14.1,15.6,13.8,14.7,41250,,28400,weekly,2020-11-26T21:00:00.000,options,put
69,1606366380000,14.9,15.4,13.4,13.6,41700,,28400,weekly,2020-11-26T21:00:00.000,options,put
70,1606366440000,13.7,15.6,13.35,14.3,21750,,28400,weekly,2020-11-26T21:00:00.000,options,put
71,1606366500000,14.3,14.4,13.0,13.4,24050,,28400,weekly,2020-11-26T21:00:00.000,options,put
72,1606366560000,13.35,14.0,12.25,13.0,24150,,28400,weekly,2020-11-26T21:00:00.000,options,put
73,1606366620000,13.25,13.85,12.6,13.15,32425,,28400,weekly,2020-11-26T21:00:00.000,options,put
74,1606366680000,13.2,15.5,13.1,15.25,43300,,28400,weekly,2020-11-26T21:00:00.000,options,put
75,1606366740000,15.25,17.5,15.05,15.85,58900,,28400,weekly,2020-11-26T21:00:00.000,options,put
76,1606366800000,15.8,16.6,14.5,15.3,32300,,28400,weekly,2020-11-26T21:00:00.000,options,put
77,1606366860000,15.15,16.6,14.9,15.8,25550,,28400,weekly,2020-11-26T21:00:00.000,options,put
78,1606366920000,15.8,16.5,13.75,13.75,19675,,28400,weekly,2020-11-26T21:00:00.000,options,put
79,1606366980000,13.8,13.8,12.25,12.35,38250,,28400,weekly,2020-11-26T21:00:00.000,options,put
80,1606367040000,12.45,14.35,12.05,12.2,26375,,28400,weekly,2020-11-26T21:00:00.000,options,put
81,1606367100000,12.4,13.4,12.25,13.0,22650,,28400,weekly,2020-11-26T21:00:00.000,options,put
82,1606367160000,13.35,13.7,12.6,13.1,49425,,28400,weekly,2020-11-26T21:00:00.000,options,put
83,1606367220000,13.1,13.6,12.15,12.2,34375,,28400,weekly,2020-11-26T21:00:00.000,options,put
84,1606367280000,12.05,13.35,11.7,12.35,26750,,28400,weekly,2020-11-26T21:00:00.000,options,put
85,1606367340000,12.35,13.6,11.6,13.0,43475,,28400,weekly,2020-11-26T21:00:00.000,options,put
86,1606367400000,12.8,14.35,12.8,13.9,31600,,28400,weekly,2020-11-26T21:00:00.000,options,put
87,1606367460000,13.9,14.8,12.55,13.2,32825,,28400,weekly,2020-11-26T21:00:00.000,options,put
88,1606367520000,12.95,13.1,11.3,11.65,38350,,28400,weekly,2020-11-26T21:00:00.000,options,put
89,1606367580000,11.55,12.55,10.85,12.25,36375,,28400,weekly,2020-11-26T21:00:00.000,options,put
90,1606367640000,12.05,12.2,10.3,11.8,42725,,28400,weekly,2020-11-26T21:00:00.000,options,put
91,1606367700000,11.8,12.7,11.7,12.5,33450,,28400,weekly,2020-11-26T21:00:00.000,options,put
92,1606367760000,12.4,12.95,11.7,12.1,27325,,28400,weekly,2020-11-26T21:00:00.000,options,put
93,1606367820000,12.25,12.45,11.55,11.8,23800,,28400,weekly,2020-11-26T21:00:00.000,options,put
94,1606367880000,11.95,12.4,10.6,11.05,20450,,28400,weekly,2020-11-26T21:00:00.000,options,put
95,1606367940000,11.1,11.7,10.25,11.0,44775,,28400,weekly,2020-11-26T21:00:00.000,options,put
96,1606368000000,11.15,11.5,10.5,11.4,15600,,28400,weekly,2020-11-26T21:00:00.000,options,put
97,1606368060000,11.3,11.7,10.2,11.3,22000,,28400,weekly,2020-11-26T21:00:00.000,options,put
98,1606368120000,11.15,11.15,9.95,10.25,45000,,28400,weekly,2020-11-26T21:00:00.000,options,put
99,1606368180000,10.5,10.75,9.5,10.1,48475,,28400,weekly,2020-11-26T21:00:00.000,options,put
100,1606368240000,10.25,11.2,10.1,10.7,48775,,28400,weekly,2020-11-26T21:00:00.000,options,put
101,1606368300000,10.8,11.45,10.55,11.15,24625,,28400,weekly,2020-11-26T21:00:00.000,options,put
102,1606368360000,11.2,11.2,10.45,10.8,32700,,28400,weekly,2020-11-26T21:00:00.000,options,put
103,1606368420000,10.65,12.5,10.5,11.4,39500,,28400,weekly,2020-11-26T21:00:00.000,options,put
104,1606368480000,11.3,12.1,11.2,11.8,20300,,28400,weekly,2020-11-26T21:00:00.000,options,put
105,1606368540000,12.0,13.1,11.75,11.8,39250,,28400,weekly,2020-11-26T21:00:00.000,options,put
106,1606368600000,11.5,12.05,10.8,10.8,23825,,28400,weekly,2020-11-26T21:00:00.000,options,put
107,1606368660000,10.85,11.8,10.75,11.5,15125,,28400,weekly,2020-11-26T21:00:00.000,options,put
108,1606368720000,11.6,12.25,11.25,11.25,17400,,28400,weekly,2020-11-26T21:00:00.000,options,put
109,1606368780000,11.25,11.75,10.85,11.45,18300,,28400,weekly,2020-11-26T21:00:00.000,options,put
110,1606368840000,11.6,12.0,10.45,10.75,33925,,28400,weekly,2020-11-26T21:00:00.000,options,put
111,1606368900000,10.55,11.65,10.05,11.15,21825,,28400,weekly,2020-11-26T21:00:00.000,options,put
112,1606368960000,11.05,11.9,10.7,10.9,21375,,28400,weekly,2020-11-26T21:00:00.000,options,put
113,1606369020000,10.65,11.35,10.25,10.6,21350,,28400,weekly,2020-11-26T21:00:00.000,options,put
114,1606369080000,10.45,11.2,10.2,10.6,21450,,28400,weekly,2020-11-26T21:00:00.000,options,put
115,1606369140000,10.5,10.9,9.75,9.95,26150,,28400,weekly,2020-11-26T21:00:00.000,options,put
116,1606369200000,10.15,11.0,10.0,10.7,16175,,28400,weekly,2020-11-26T21:00:00.000,options,put
117,1606369260000,10.85,11.6,10.3,11.15,25800,,28400,weekly,2020-11-26T21:00:00.000,options,put
118,1606369320000,10.9,11.75,10.6,11.55,30250,,28400,weekly,2020-11-26T21:00:00.000,options,put
119,1606369380000,11.55,12.8,11.35,12.35,31350,,28400,weekly,2020-11-26T21:00:00.000,options,put
120,1606369440000,12.35,13.3,10.7,10.75,57850,,28400,weekly,2020-11-26T21:00:00.000,options,put
121,1606369500000,10.75,11.7,10.7,11.6,19750,,28400,weekly,2020-11-26T21:00:00.000,options,put
122,1606369560000,11.45,12.7,11.45,12.35,17225,,28400,weekly,2020-11-26T21:00:00.000,options,put
123,1606369620000,12.45,13.05,12.1,12.4,12300,,28400,weekly,2020-11-26T21:00:00.000,options,put
124,1606369680000,12.4,13.8,12.3,12.75,38625,,28400,weekly,2020-11-26T21:00:00.000,options,put
125,1606369740000,12.85,13.45,12.1,12.3,19950,,28400,weekly,2020-11-26T21:00:00.000,options,put
126,1606369800000,12.1,12.45,11.1,11.55,30400,,28400,weekly,2020-11-26T21:00:00.000,options,put
127,1606369860000,11.45,11.8,11.25,11.45,14825,,28400,weekly,2020-11-26T21:00:00.000,options,put
128,1606369920000,11.45,12.05,10.55,10.9,16925,,28400,weekly,2020-11-26T21:00:00.000,options,put
129,1606369980000,10.9,11.5,10.8,11.05,16475,,28400,weekly,2020-11-26T21:00:00.000,options,put
130,1606370040000,10.65,11.1,10.3,10.5,14175,,28400,weekly,2020-11-26T21:00:00.000,options,put
131,1606370100000,10.7,10.95,9.95,10.0,25250,,28400,weekly,2020-11-26T21:00:00.000,options,put
132,1606370160000,10.1,10.65,9.8,9.95,14575,,28400,weekly,2020-11-26T21:00:00.000,options,put
133,1606370220000,9.85,10.4,9.55,10.1,14350,,28400,weekly,2020-11-26T21:00:00.000,options,put
134,1606370280000,10.05,10.5,9.9,10.1,23825,,28400,weekly,2020-11-26T21:00:00.000,options,put
135,1606370340000,10.05,11.0,9.95,10.8,17825,,28400,weekly,2020-11-26T21:00:00.000,options,put
136,1606370400000,10.8,10.9,10.45,10.65,9600,,28400,weekly,2020-11-26T21:00:00.000,options,put
137,1606370460000,10.55,11.25,10.3,10.35,11350,,28400,weekly,2020-11-26T21:00:00.000,options,put
138,1606370520000,10.45,10.55,9.6,10.4,19775,,28400,weekly,2020-11-26T21:00:00.000,options,put
139,1606370580000,10.4,11.05,10.3,10.45,17475,,28400,weekly,2020-11-26T21:00:00.000,options,put
140,1606370640000,10.65,10.7,9.95,10.25,15825,,28400,weekly,2020-11-26T21:00:00.000,options,put
141,1606370700000,10.1,10.85,9.9,10.85,12175,,28400,weekly,2020-11-26T21:00:00.000,options,put
142,1606370760000,10.85,12.1,10.65,11.85,31725,,28400,weekly,2020-11-26T21:00:00.000,options,put
143,1606370820000,11.9,12.7,11.0,11.55,35225,,28400,weekly,2020-11-26T21:00:00.000,options,put
144,1606370880000,11.7,11.7,10.35,10.95,21975,,28400,weekly,2020-11-26T21:00:00.000,options,put
145,1606370940000,11.45,11.45,10.1,10.3,21075,,28400,weekly,2020-11-26T21:00:00.000,options,put
146,1606371000000,10.45,10.7,10.1,10.35,19075,,28400,weekly,2020-11-26T21:00:00.000,options,put
147,1606371060000,10.35,10.7,10.25,10.65,8700,,28400,weekly,2020-11-26T21:00:00.000,options,put
148,1606371120000,10.65,10.85,10.25,10.4,25925,,28400,weekly,2020-11-26T21:00:00.000,options,put
149,1606371180000,10.4,10.75,10.1,10.15,16075,,28400,weekly,2020-11-26T21:00:00.000,options,put
150,1606371240000,10.15,10.8,9.85,10.6,34575,,28400,weekly,2020-11-26T21:00:00.000,options,put
151,1606371300000,10.7,11.0,10.4,10.7,14200,,28400,weekly,2020-11-26T21:00:00.000,options,put
152,1606371360000,10.75,11.1,10.25,10.95,26775,,28400,weekly,2020-11-26T21:00:00.000,options,put
153,1606371420000,10.95,11.9,10.9,11.45,21525,,28400,weekly,2020-11-26T21:00:00.000,options,put
154,1606371480000,11.5,11.75,10.85,11.35,19300,,28400,weekly,2020-11-26T21:00:00.000,options,put
155,1606371540000,11.45,12.75,11.3,12.45,22300,,28400,weekly,2020-11-26T21:00:00.000,options,put
156,1606371600000,12.25,16.0,11.8,14.4,89125,,28400,weekly,2020-11-26T21:00:00.000,options,put
157,1606371660000,14.3,14.4,12.95,13.4,46150,,28400,weekly,2020-11-26T21:00:00.000,options,put
158,1606371720000,13.4,15.9,13.4,15.25,55500,,28400,weekly,2020-11-26T21:00:00.000,options,put
159,1606371780000,15.25,15.3,13.6,14.35,39825,,28400,weekly,2020-11-26T21:00:00.000,options,put
160,1606371840000,14.25,15.25,12.9,12.95,62675,,28400,weekly,2020-11-26T21:00:00.000,options,put
161,1606371900000,13.0,14.15,12.5,13.1,34750,,28400,weekly,2020-11-26T21:00:00.000,options,put
162,1606371960000,13.25,15.7,13.2,14.65,61175,,28400,weekly,2020-11-26T21:00:00.000,options,put
163,1606372020000,14.75,15.5,14.2,14.2,32950,,28400,weekly,2020-11-26T21:00:00.000,options,put
164,1606372080000,14.3,14.5,13.2,13.25,27525,,28400,weekly,2020-11-26T21:00:00.000,options,put
165,1606372140000,13.2,15.4,13.1,14.85,29425,,28400,weekly,2020-11-26T21:00:00.000,options,put
166,1606372200000,14.95,17.3,14.85,16.25,62850,,28400,weekly,2020-11-26T21:00:00.000,options,put
167,1606372260000,16.25,16.25,14.8,15.35,50850,,28400,weekly,2020-11-26T21:00:00.000,options,put
168,1606372320000,15.55,15.55,14.2,14.7,28100,,28400,weekly,2020-11-26T21:00:00.000,options,put
169,1606372380000,14.65,18.55,14.65,16.85,133250,,28400,weekly,2020-11-26T21:00:00.000,options,put
170,1606372440000,16.8,19.5,15.4,17.65,132275,,28400,weekly,2020-11-26T21:00:00.000,options,put
171,1606372500000,17.0,21.65,17.0,20.25,123025,,28400,weekly,2020-11-26T21:00:00.000,options,put
172,1606372560000,20.45,20.8,17.9,18.75,90525,,28400,weekly,2020-11-26T21:00:00.000,options,put
173,1606372620000,18.95,20.7,18.0,18.95,114000,,28400,weekly,2020-11-26T21:00:00.000,options,put
174,1606372680000,18.8,20.05,17.5,17.95,69650,,28400,weekly,2020-11-26T21:00:00.000,options,put
175,1606372740000,18.25,19.8,16.95,16.95,70050,,28400,weekly,2020-11-26T21:00:00.000,options,put
176,1606372800000,17.0,17.3,15.05,16.25,68050,,28400,weekly,2020-11-26T21:00:00.000,options,put
177,1606372860000,16.15,17.65,15.2,17.3,60325,,28400,weekly,2020-11-26T21:00:00.000,options,put
178,1606372920000,17.15,19.8,16.8,19.05,105400,,28400,weekly,2020-11-26T21:00:00.000,options,put
179,1606372980000,19.1,19.1,16.55,17.8,34950,,28400,weekly,2020-11-26T21:00:00.000,options,put
180,1606373040000,18.15,18.9,16.15,16.45,90375,,28400,weekly,2020-11-26T21:00:00.000,options,put
181,1606373100000,16.75,17.05,15.65,15.75,53075,,28400,weekly,2020-11-26T21:00:00.000,options,put
182,1606373160000,15.8,15.9,13.6,14.7,90000,,28400,weekly,2020-11-26T21:00:00.000,options,put
183,1606373220000,14.85,15.05,11.1,11.1,69400,,28400,weekly,2020-11-26T21:00:00.000,options,put
184,1606373280000,11.1,14.45,11.1,14.25,60425,,28400,weekly,2020-11-26T21:00:00.000,options,put
185,1606373340000,14.1,15.7,14.05,15.05,40925,,28400,weekly,2020-11-26T21:00:00.000,options,put
186,1606373400000,15.3,15.55,14.25,14.9,21450,,28400,weekly,2020-11-26T21:00:00.000,options,put
187,1606373460000,14.8,15.15,13.95,14.15,26525,,28400,weekly,2020-11-26T21:00:00.000,options,put
188,1606373520000,14.25,15.85,13.95,15.2,42150,,28400,weekly,2020-11-26T21:00:00.000,options,put
189,1606373580000,15.5,16.7,15.25,16.5,45125,,28400,weekly,2020-11-26T21:00:00.000,options,put
190,1606373640000,16.7,16.7,14.85,16.35,39175,,28400,weekly,2020-11-26T21:00:00.000,options,put
191,1606373700000,16.5,16.5,13.85,15.05,55750,,28400,weekly,2020-11-26T21:00:00.000,options,put
192,1606373760000,14.95,15.8,14.6,15.25,25850,,28400,weekly,2020-11-26T21:00:00.000,options,put
193,1606373820000,15.6,15.6,13.3,13.75,35175,,28400,weekly,2020-11-26T21:00:00.000,options,put
194,1606373880000,13.7,14.75,13.15,14.05,36025,,28400,weekly,2020-11-26T21:00:00.000,options,put
195,1606373940000,14.05,14.7,12.15,14.6,50700,,28400,weekly,2020-11-26T21:00:00.000,options,put
196,1606374000000,14.5,15.25,13.95,15.25,41950,,28400,weekly,2020-11-26T21:00:00.000,options,put
197,1606374060000,15.2,16.4,14.9,15.5,52175,,28400,weekly,2020-11-26T21:00:00.000,options,put
198,1606374120000,15.4,15.6,14.4,14.7,29375,,28400,weekly,2020-11-26T21:00:00.000,options,put
199,1606374180000,14.9,15.15,12.7,12.9,36600,,28400,weekly,2020-11-26T21:00:00.000,options,put
200,1606374240000,12.85,14.1,12.3,13.1,58625,,28400,weekly,2020-11-26T21:00:00.000,options,put
201,1606374300000,13.4,14.1,11.35,12.0,57550,,28400,weekly,2020-11-26T21:00:00.000,options,put
202,1606374360000,12.25,13.05,7.35,8.7,106350,,28400,weekly,2020-11-26T21:00:00.000,options,put
203,1606374420000,8.65,10.0,8.3,8.45,109050,,28400,weekly,2020-11-26T21:00:00.000,options,put
204,1606374480000,8.15,9.3,7.55,9.3,106900,,28400,weekly,2020-11-26T21:00:00.000,options,put
205,1606374540000,9.35,9.6,7.4,7.9,95875,,28400,weekly,2020-11-26T21:00:00.000,options,put
206,1606374600000,7.75,8.3,7.05,8.15,78975,,28400,weekly,2020-11-26T21:00:00.000,options,put
207,1606374660000,8.05,8.25,6.7,7.15,102925,,28400,weekly,2020-11-26T21:00:00.000,options,put
208,1606374720000,7.15,7.95,7.05,7.95,65275,,28400,weekly,2020-11-26T21:00:00.000,options,put
209,1606374780000,8.1,8.75,7.85,8.5,52275,,28400,weekly,2020-11-26T21:00:00.000,options,put
210,1606374840000,8.75,8.9,8.1,8.85,40100,,28400,weekly,2020-11-26T21:00:00.000,options,put
211,1606374900000,8.75,8.8,6.2,6.25,106850,,28400,weekly,2020-11-26T21:00:00.000,options,put
212,1606374960000,6.35,7.25,5.85,6.95,109025,,28400,weekly,2020-11-26T21:00:00.000,options,put
213,1606375020000,7.0,7.0,5.45,6.45,164600,,28400,weekly,2020-11-26T21:00:00.000,options,put
214,1606375080000,6.5,6.6,5.4,5.65,142525,,28400,weekly,2020-11-26T21:00:00.000,options,put
215,1606375140000,5.5,5.5,3.8,4.5,222025,,28400,weekly,2020-11-26T21:00:00.000,options,put
216,1606375200000,4.55,6.35,4.45,6.25,160150,,28400,weekly,2020-11-26T21:00:00.000,options,put
217,1606375260000,6.2,6.85,5.2,6.75,138975,,28400,weekly,2020-11-26T21:00:00.000,options,put
218,1606375320000,6.7,6.7,5.3,5.5,97400,,28400,weekly,2020-11-26T21:00:00.000,options,put
219,1606375380000,5.55,5.9,5.05,5.05,90750,,28400,weekly,2020-11-26T21:00:00.000,options,put
220,1606375440000,5.0,5.8,4.85,5.0,98375,,28400,weekly,2020-11-26T21:00:00.000,options,put
221,1606375500000,5.05,5.3,4.75,5.15,65200,,28400,weekly,2020-11-26T21:00:00.000,options,put
222,1606375560000,5.05,5.05,4.25,4.25,113175,,28400,weekly,2020-11-26T21:00:00.000,options,put
223,1606375620000,4.15,4.3,3.75,4.05,102950,,28400,weekly,2020-11-26T21:00:00.000,options,put
224,1606375680000,4.0,4.4,3.9,4.15,86500,,28400,weekly,2020-11-26T21:00:00.000,options,put
225,1606375740000,4.2,4.95,4.15,4.65,64175,,28400,weekly,2020-11-26T21:00:00.000,options,put
226,1606375800000,4.6,4.95,4.5,4.5,27100,,28400,weekly,2020-11-26T21:00:00.000,options,put
227,1606375860000,4.45,4.65,4.05,4.55,48300,,28400,weekly,2020-11-26T21:00:00.000,options,put
228,1606375920000,4.5,4.5,3.65,3.95,65825,,28400,weekly,2020-11-26T21:00:00.000,options,put
229,1606375980000,3.95,4.15,3.7,3.95,58225,,28400,weekly,2020-11-26T21:00:00.000,options,put
230,1606376040000,4.05,4.35,3.9,4.1,39450,,28400,weekly,2020-11-26T21:00:00.000,options,put
231,1606376100000,4.05,4.45,3.9,3.95,35075,,28400,weekly,2020-11-26T21:00:00.000,options,put
232,1606376160000,3.95,4.4,3.95,4.35,24125,,28400,weekly,2020-11-26T21:00:00.000,options,put
233,1606376220000,4.3,4.6,4.15,4.2,43875,,28400,weekly,2020-11-26T21:00:00.000,options,put
234,1606376280000,4.35,4.35,3.9,3.9,38050,,28400,weekly,2020-11-26T21:00:00.000,options,put
235,1606376340000,3.95,4.0,3.45,3.45,60700,,28400,weekly,2020-11-26T21:00:00.000,options,put
236,1606376400000,3.5,3.55,3.05,3.15,68650,,28400,weekly,2020-11-26T21:00:00.000,options,put
237,1606376460000,3.2,3.3,3.05,3.3,36875,,28400,weekly,2020-11-26T21:00:00.000,options,put
238,1606376520000,3.25,3.35,3.15,3.2,26900,,28400,weekly,2020-11-26T21:00:00.000,options,put
239,1606376580000,3.2,3.4,3.2,3.25,25225,,28400,weekly,2020-11-26T21:00:00.000,options,put
240,1606376640000,3.25,3.55,3.15,3.4,39300,,28400,weekly,2020-11-26T21:00:00.000,options,put
241,1606376700000,3.35,3.65,3.35,3.45,29325,,28400,weekly,2020-11-26T21:00:00.000,options,put
242,1606376760000,3.4,3.45,3.0,3.1,48900,,28400,weekly,2020-11-26T21:00:00.000,options,put
243,1606376820000,3.1,3.15,2.65,2.75,55625,,28400,weekly,2020-11-26T21:00:00.000,options,put
244,1606376880000,2.8,2.85,2.65,2.65,37550,,28400,weekly,2020-11-26T21:00:00.000,options,put
245,1606376940000,2.65,2.95,2.65,2.85,43125,,28400,weekly,2020-11-26T21:00:00.000,options,put
246,1606377000000,2.8,3.0,2.8,2.95,33275,,28400,weekly,2020-11-26T21:00:00.000,options,put
247,1606377060000,3.0,3.1,2.85,2.9,52200,,28400,weekly,2020-11-26T21:00:00.000,options,put
248,1606377120000,2.9,2.95,2.75,2.9,28125,,28400,weekly,2020-11-26T21:00:00.000,options,put
249,1606377180000,2.95,3.0,2.8,2.8,18925,,28400,weekly,2020-11-26T21:00:00.000,options,put
250,1606377240000,2.75,2.75,2.35,2.4,36175,,28400,weekly,2020-11-26T21:00:00.000,options,put
251,1606377300000,2.4,2.55,2.4,2.45,24250,,28400,weekly,2020-11-26T21:00:00.000,options,put
252,1606377360000,2.4,2.5,2.25,2.35,32475,,28400,weekly,2020-11-26T21:00:00.000,options,put
253,1606377420000,2.35,2.45,2.25,2.35,26025,,28400,weekly,2020-11-26T21:00:00.000,options,put
254,1606377480000,2.4,2.4,2.25,2.35,12425,,28400,weekly,2020-11-26T21:00:00.000,options,put
255,1606377540000,2.4,2.4,2.2,2.35,25825,,28400,weekly,2020-11-26T21:00:00.000,options,put
256,1606377600000,2.35,2.7,2.3,2.5,49125,,28400,weekly,2020-11-26T21:00:00.000,options,put
257,1606377660000,2.6,2.95,2.55,2.85,38425,,28400,weekly,2020-11-26T21:00:00.000,options,put
258,1606377720000,2.85,3.45,2.85,3.4,47100,,28400,weekly,2020-11-26T21:00:00.000,options,put
259,1606377780000,3.35,3.4,3.05,3.2,20325,,28400,weekly,2020-11-26T21:00:00.000,options,put
260,1606377840000,3.25,3.35,2.8,2.95,32650,,28400,weekly,2020-11-26T21:00:00.000,options,put
261,1606377900000,2.9,3.2,2.9,3.1,18700,,28400,weekly,2020-11-26T21:00:00.000,options,put
262,1606377960000,3.1,3.4,2.95,3.1,23750,,28400,weekly,2020-11-26T21:00:00.000,options,put
263,1606378020000,3.0,3.25,2.95,3.0,20850,,28400,weekly,2020-11-26T21:00:00.000,options,put
264,1606378080000,3.05,3.15,2.7,2.7,23100,,28400,weekly,2020-11-26T21:00:00.000,options,put
265,1606378140000,2.7,2.7,2.25,2.5,33375,,28400,weekly,2020-11-26T21:00:00.000,options,put
266,1606378200000,2.5,2.75,2.45,2.5,24125,,28400,weekly,2020-11-26T21:00:00.000,options,put
267,1606378260000,2.55,2.6,2.4,2.5,20300,,28400,weekly,2020-11-26T21:00:00.000,options,put
268,1606378320000,2.55,2.75,2.45,2.5,26125,,28400,weekly,2020-11-26T21:00:00.000,options,put
269,1606378380000,2.5,2.65,2.45,2.5,21200,,28400,weekly,2020-11-26T21:00:00.000,options,put
270,1606378440000,2.55,2.85,2.55,2.6,61475,,28400,weekly,2020-11-26T21:00:00.000,options,put
271,1606378500000,2.6,2.8,2.55,2.6,30650,,28400,weekly,2020-11-26T21:00:00.000,options,put
272,1606378560000,2.6,3.0,2.6,3.0,40850,,28400,weekly,2020-11-26T21:00:00.000,options,put
273,1606378620000,3.0,3.5,2.95,3.05,47400,,28400,weekly,2020-11-26T21:00:00.000,options,put
274,1606378680000,3.05,3.05,2.4,2.5,39625,,28400,weekly,2020-11-26T21:00:00.000,options,put
275,1606378740000,2.5,2.85,2.4,2.45,45350,,28400,weekly,2020-11-26T21:00:00.000,options,put
276,1606378800000,2.45,2.9,2.35,2.7,36700,,28400,weekly,2020-11-26T21:00:00.000,options,put
277,1606378860000,2.7,3.05,2.6,2.85,19075,,28400,weekly,2020-11-26T21:00:00.000,options,put
278,1606378920000,2.9,3.05,2.65,2.75,23675,,28400,weekly,2020-11-26T21:00:00.000,options,put
279,1606378980000,2.75,3.0,2.6,2.95,27325,,28400,weekly,2020-11-26T21:00:00.000,options,put
280,1606379040000,2.85,2.85,2.3,2.4,39950,,28400,weekly,2020-11-26T21:00:00.000,options,put
281,1606379100000,2.3,2.55,2.15,2.45,25400,,28400,weekly,2020-11-26T21:00:00.000,options,put
282,1606379160000,2.45,2.5,2.3,2.3,11625,,28400,weekly,2020-11-26T21:00:00.000,options,put
283,1606379220000,2.3,2.45,2.2,2.3,13525,,28400,weekly,2020-11-26T21:00:00.000,options,put
284,1606379280000,2.35,2.4,1.85,1.85,59775,,28400,weekly,2020-11-26T21:00:00.000,options,put
285,1606379340000,1.9,1.95,1.1,1.2,95375,,28400,weekly,2020-11-26T21:00:00.000,options,put
286,1606379400000,1.3,1.35,1.0,1.2,41700,,28400,weekly,2020-11-26T21:00:00.000,options,put
287,1606379460000,1.15,1.3,1.15,1.25,26050,,28400,weekly,2020-11-26T21:00:00.000,options,put
288,1606379520000,1.25,1.45,1.25,1.4,31125,,28400,weekly,2020-11-26T21:00:00.000,options,put
289,1606379580000,1.4,1.4,1.2,1.3,42575,,28400,weekly,2020-11-26T21:00:00.000,options,put
290,1606379640000,1.25,1.35,1.2,1.25,24850,,28400,weekly,2020-11-26T21:00:00.000,options,put
291,1606379700000,1.2,1.25,1.2,1.2,19425,,28400,weekly,2020-11-26T21:00:00.000,options,put
292,1606379760000,1.25,1.3,1.2,1.2,26500,,28400,weekly,2020-11-26T21:00:00.000,options,put
293,1606379820000,1.2,1.25,1.1,1.1,34700,,28400,weekly,2020-11-26T21:00:00.000,options,put
294,1606379880000,1.1,1.2,1.05,1.1,27200,,28400,weekly,2020-11-26T21:00:00.000,options,put
295,1606379940000,1.1,1.2,1.05,1.15,22925,,28400,weekly,2020-11-26T21:00:00.000,options,put
296,1606380000000,1.15,1.3,1.15,1.3,37425,,28400,weekly,2020-11-26T21:00:00.000,options,put
297,1606380060000,1.15,1.3,1.15,1.15,36025,,28400,weekly,2020-11-26T21:00:00.000,options,put
298,1606380120000,1.2,1.25,1.15,1.15,28800,,28400,weekly,2020-11-26T21:00:00.000,options,put
299,1606380180000,1.2,1.25,1.15,1.2,31850,,28400,weekly,2020-11-26T21:00:00.000,options,put
300,1606380240000,1.2,1.2,1.05,1.05,32800,,28400,weekly,2020-11-26T21:00:00.000,options,put
301,1606380300000,1.05,1.1,0.95,1.0,39200,,28400,weekly,2020-11-26T21:00:00.000,options,put
302,1606380360000,1.05,1.1,0.95,1.0,53600,,28400,weekly,2020-11-26T21:00:00.000,options,put
303,1606380420000,1.0,1.0,0.8,0.8,32825,,28400,weekly,2020-11-26T21:00:00.000,options,put
304,1606380480000,0.85,1.0,0.8,0.95,29425,,28400,weekly,2020-11-26T21:00:00.000,options,put
305,1606380540000,0.9,1.0,0.9,0.95,23200,,28400,weekly,2020-11-26T21:00:00.000,options,put
306,1606380600000,0.95,1.0,0.9,0.95,16000,,28400,weekly,2020-11-26T21:00:00.000,options,put
307,1606380660000,0.9,0.95,0.85,0.9,8225,,28400,weekly,2020-11-26T21:00:00.000,options,put
308,1606380720000,0.95,0.95,0.85,0.95,15300,,28400,weekly,2020-11-26T21:00:00.000,options,put
309,1606380780000,0.9,1.05,0.9,1.0,10850,,28400,weekly,2020-11-26T21:00:00.000,options,put
310,1606380840000,1.0,1.0,0.9,0.95,17675,,28400,weekly,2020-11-26T21:00:00.000,options,put
311,1606380900000,0.9,1.0,0.9,0.95,10300,,28400,weekly,2020-11-26T21:00:00.000,options,put
312,1606380960000,0.9,0.95,0.85,0.85,7675,,28400,weekly,2020-11-26T21:00:00.000,options,put
313,1606381020000,0.85,0.95,0.85,0.9,14850,,28400,weekly,2020-11-26T21:00:00.000,options,put
314,1606381080000,0.9,1.0,0.85,0.9,14925,,28400,weekly,2020-11-26T21:00:00.000,options,put
315,1606381140000,0.9,0.95,0.85,0.9,27475,,28400,weekly,2020-11-26T21:00:00.000,options,put
316,1606381200000,0.85,0.9,0.8,0.85,8250,,28400,weekly,2020-11-26T21:00:00.000,options,put
317,1606381260000,0.8,0.85,0.6,0.6,21300,,28400,weekly,2020-11-26T21:00:00.000,options,put
318,1606381320000,0.6,0.6,0.5,0.55,19375,,28400,weekly,2020-11-26T21:00:00.000,options,put
319,1606381380000,0.55,0.55,0.5,0.55,8375,,28400,weekly,2020-11-26T21:00:00.000,options,put
320,1606381440000,0.55,0.65,0.5,0.55,26050,,28400,weekly,2020-11-26T21:00:00.000,options,put
321,1606381500000,0.55,0.6,0.5,0.5,9575,,28400,weekly,2020-11-26T21:00:00.000,options,put
322,1606381560000,0.5,0.55,0.45,0.55,21300,,28400,weekly,2020-11-26T21:00:00.000,options,put
323,1606381620000,0.5,0.55,0.4,0.5,8175,,28400,weekly,2020-11-26T21:00:00.000,options,put
324,1606381680000,0.5,0.55,0.5,0.5,10175,,28400,weekly,2020-11-26T21:00:00.000,options,put
325,1606381740000,0.5,0.6,0.5,0.55,14150,,28400,weekly,2020-11-26T21:00:00.000,options,put
326,1606381800000,0.55,0.6,0.5,0.55,10575,,28400,weekly,2020-11-26T21:00:00.000,options,put
327,1606381860000,0.55,0.6,0.5,0.55,7975,,28400,weekly,2020-11-26T21:00:00.000,options,put
328,1606381920000,0.5,0.55,0.5,0.5,9625,,28400,weekly,2020-11-26T21:00:00.000,options,put
329,1606381980000,0.55,0.55,0.5,0.55,9700,,28400,weekly,2020-11-26T21:00:00.000,options,put
330,1606382040000,0.55,0.6,0.55,0.6,3675,,28400,weekly,2020-11-26T21:00:00.000,options,put
331,1606382100000,0.6,0.6,0.5,0.55,5475,,28400,weekly,2020-11-26T21:00:00.000,options,put
332,1606382160000,0.55,0.55,0.45,0.5,7125,,28400,weekly,2020-11-26T21:00:00.000,options,put
333,1606382220000,0.45,0.5,0.45,0.5,6350,,28400,weekly,2020-11-26T21:00:00.000,options,put
334,1606382280000,0.45,0.55,0.45,0.5,10025,,28400,weekly,2020-11-26T21:00:00.000,options,put
335,1606382340000,0.45,0.5,0.45,0.5,6875,,28400,weekly,2020-11-26T21:00:00.000,options,put
336,1606382400000,0.5,0.5,0.45,0.5,3100,,28400,weekly,2020-11-26T21:00:00.000,options,put
337,1606382460000,0.45,0.5,0.4,0.45,6700,,28400,weekly,2020-11-26T21:00:00.000,options,put
338,1606382520000,0.5,0.5,0.35,0.45,5675,,28400,weekly,2020-11-26T21:00:00.000,options,put
339,1606382580000,0.4,0.45,0.35,0.4,10000,,28400,weekly,2020-11-26T21:00:00.000,options,put
340,1606382640000,0.45,0.5,0.35,0.5,10200,,28400,weekly,2020-11-26T21:00:00.000,options,put
341,1606382700000,0.45,0.5,0.45,0.5,5800,,28400,weekly,2020-11-26T21:00:00.000,options,put
342,1606382760000,0.45,0.5,0.45,0.45,2400,,28400,weekly,2020-11-26T21:00:00.000,options,put
343,1606382820000,0.5,0.5,0.4,0.4,6850,,28400,weekly,2020-11-26T21:00:00.000,options,put
344,1606382880000,0.45,0.45,0.4,0.4,12375,,28400,weekly,2020-11-26T21:00:00.000,options,put
345,1606382940000,0.4,0.45,0.35,0.45,8125,,28400,weekly,2020-11-26T21:00:00.000,options,put
346,1606383000000,0.45,0.45,0.35,0.4,5675,,28400,weekly,2020-11-26T21:00:00.000,options,put
347,1606383060000,0.35,0.45,0.35,0.4,7575,,28400,weekly,2020-11-26T21:00:00.000,options,put
348,1606383120000,0.4,0.4,0.3,0.3,17925,,28400,weekly,2020-11-26T21:00:00.000,options,put
349,1606383180000,0.3,0.3,0.2,0.2,16425,,28400,weekly,2020-11-26T21:00:00.000,options,put
350,1606383240000,0.25,0.3,0.2,0.2,8750,,28400,weekly,2020-11-26T21:00:00.000,options,put
351,1606383300000,0.2,0.3,0.2,0.25,12975,,28400,weekly,2020-11-26T21:00:00.000,options,put
352,1606383360000,0.25,0.25,0.2,0.25,7925,,28400,weekly,2020-11-26T21:00:00.000,options,put
353,1606383420000,0.25,0.25,0.2,0.2,7450,,28400,weekly,2020-11-26T21:00:00.000,options,put
354,1606383480000,0.25,0.25,0.2,0.2,11775,,28400,weekly,2020-11-26T21:00:00.000,options,put
355,1606383540000,0.2,0.25,0.2,0.2,9750,,28400,weekly,2020-11-26T21:00:00.000,options,put
356,1606383600000,0.2,0.25,0.15,0.2,6125,,28400,weekly,2020-11-26T21:00:00.000,options,put
357,1606383660000,0.2,0.25,0.15,0.2,14525,,28400,weekly,2020-11-26T21:00:00.000,options,put
358,1606383720000,0.15,0.2,0.15,0.15,6300,,28400,weekly,2020-11-26T21:00:00.000,options,put
359,1606383780000,0.15,0.25,0.1,0.15,17725,,28400,weekly,2020-11-26T21:00:00.000,options,put
360,1606383840000,0.15,0.35,0.1,0.15,14575,,28400,weekly,2020-11-26T21:00:00.000,options,put
361,1606383900000,0.15,0.25,0.15,0.15,7975,,28400,weekly,2020-11-26T21:00:00.000,options,put
362,1606383960000,0.25,0.25,0.15,0.15,14100,,28400,weekly,2020-11-26T21:00:00.000,options,put
363,1606384020000,0.15,0.25,0.1,0.1,28800,,28400,weekly,2020-11-26T21:00:00.000,options,put
364,1606384080000,0.15,0.25,0.1,0.2,9300,,28400,weekly,2020-11-26T21:00:00.000,options,put
365,1606384140000,0.2,0.25,0.1,0.15,8675,,28400,weekly,2020-11-26T21:00:00.000,options,put
366,1606384200000,0.15,0.25,0.1,0.2,9275,,28400,weekly,2020-11-26T21:00:00.000,options,put
367,1606384260000,0.1,0.2,0.1,0.15,8275,,28400,weekly,2020-11-26T21:00:00.000,options,put
368,1606384320000,0.1,0.2,0.1,0.15,5700,,28400,weekly,2020-11-26T21:00:00.000,options,put
369,1606384380000,0.15,0.2,0.1,0.1,5400,,28400,weekly,2020-11-26T21:00:00.000,options,put
370,1606384440000,0.1,0.35,0.05,0.1,49550,,28400,weekly,2020-11-26T21:00:00.000,options,put
371,1606384500000,0.1,0.9,0.05,0.2,24550,,28400,weekly,2020-11-26T21:00:00.000,options,put
372,1606384560000,0.2,0.25,0.2,0.2,5375,,28400,weekly,2020-11-26T21:00:00.000,options,put
373,1606384620000,0.15,0.2,0.05,0.1,14600,,28400,weekly,2020-11-26T21:00:00.000,options,put
374,1606384680000,0.1,0.2,0.05,0.05,6725,,28400,weekly,2020-11-26T21:00:00.000,options,put
