,timestamp,open,high,low,close,volume,open_interest,strike,expiry_type,expiry,instrument,contract_type
0,1597031040000,189.5,189.5,160.65,167.1,3525,,20500,weekly,2020-8-27T21:00:00.000,options,put
1,1597031100000,166.85,166.85,161.35,163.35,2125,,20500,weekly,2020-8-27T21:00:00.000,options,put
2,1597031160000,164.0,164.0,161.05,161.95,575,,20500,weekly,2020-8-27T21:00:00.000,options,put
3,1597031220000,161.95,163.55,158.55,160.3,5725,,20500,weekly,2020-8-27T21:00:00.000,options,put
4,1597031280000,160.45,160.7,156.15,160.7,3225,,20500,weekly,2020-8-27T21:00:00.000,options,put
5,1597031340000,158.65,160.2,156.2,160.1,3100,,20500,weekly,2020-8-27T21:00:00.000,options,put
6,1597031400000,160.1,161.25,155.6,157.45,4300,,20500,weekly,2020-8-27T21:00:00.000,options,put
7,1597031460000,157.45,158.6,154.75,157.4,3150,,20500,weekly,2020-8-27T21:00:00.000,options,put
8,1597031520000,156.1,157.25,155.05,155.7,2375,,20500,weekly,2020-8-27T21:00:00.000,options,put
9,1597031580000,154.95,158.45,154.95,156.55,2325,,20500,weekly,2020-8-27T21:00:00.000,options,put
10,1597031640000,156.9,157.3,154.9,156.2,825,,20500,weekly,2020-8-27T21:00:00.000,options,put
11,1597031700000,156.1,157.15,149.35,150.8,3825,,20500,weekly,2020-8-27T21:00:00.000,options,put
12,1597031760000,150.8,150.8,145.65,148.15,1450,,20500,weekly,2020-8-27T21:00:00.000,options,put
13,1597031820000,147.35,150.65,147.35,149.55,4100,,20500,weekly,2020-8-27T21:00:00.000,options,put
14,1597031880000,149.55,151.1,148.8,150.0,1325,,20500,weekly,2020-8-27T21:00:00.000,options,put
15,1597031940000,149.8,150.0,143.85,144.5,7175,,20500,weekly,2020-8-27T21:00:00.000,options,put
16,1597032000000,145.35,145.9,143.7,144.5,2525,,20500,weekly,2020-8-27T21:00:00.000,options,put
17,1597032060000,144.85,146.6,141.45,142.25,4825,,20500,weekly,2020-8-27T21:00:00.000,options,put
18,1597032120000,142.0,144.95,141.75,144.95,2200,,20500,weekly,2020-8-27T21:00:00.000,options,put
19,1597032180000,144.95,145.65,143.85,145.35,2050,,20500,weekly,2020-8-27T21:00:00.000,options,put
20,1597032240000,146.5,147.55,145.0,146.35,1275,,20500,weekly,2020-8-27T21:00:00.000,options,put
21,1597032300000,148.15,149.3,147.2,147.2,650,,20500,weekly,2020-8-27T21:00:00.000,options,put
22,1597032360000,147.0,148.0,146.4,146.75,2800,,20500,weekly,2020-8-27T21:00:00.000,options,put
23,1597032420000,146.6,147.0,145.25,146.25,1425,,20500,weekly,2020-8-27T21:00:00.000,options,put
24,1597032480000,146.25,149.1,145.85,148.05,1250,,20500,weekly,2020-8-27T21:00:00.000,options,put
25,1597032540000,148.1,148.7,145.5,146.75,1275,,20500,weekly,2020-8-27T21:00:00.000,options,put
26,1597032600000,146.35,148.7,146.35,146.9,2225,,20500,weekly,2020-8-27T21:00:00.000,options,put
27,1597032660000,147.3,147.3,144.85,145.95,875,,20500,weekly,2020-8-27T21:00:00.000,options,put
28,1597032720000,145.15,145.15,142.2,145.0,4225,,20500,weekly,2020-8-27T21:00:00.000,options,put
29,1597032780000,144.5,148.85,144.5,148.85,5225,,20500,weekly,2020-8-27T21:00:00.000,options,put
30,1597032840000,148.0,150.5,148.0,150.2,1525,,20500,weekly,2020-8-27T21:00:00.000,options,put
31,1597032900000,148.9,151.5,148.9,150.85,2075,,20500,weekly,2020-8-27T21:00:00.000,options,put
32,1597032960000,151.0,151.0,149.35,150.3,2675,,20500,weekly,2020-8-27T21:00:00.000,options,put
33,1597033020000,150.3,151.0,149.95,150.85,950,,20500,weekly,2020-8-27T21:00:00.000,options,put
34,1597033080000,150.7,150.7,147.65,148.6,850,,20500,weekly,2020-8-27T21:00:00.000,options,put
35,1597033140000,148.6,152.8,148.6,150.35,2550,,20500,weekly,2020-8-27T21:00:00.000,options,put
36,1597033200000,151.85,151.85,147.6,148.5,625,,20500,weekly,2020-8-27T21:00:00.000,options,put
37,1597033260000,147.5,150.0,147.5,150.0,250,,20500,weekly,2020-8-27T21:00:00.000,options,put
38,1597033320000,150.0,153.25,150.0,152.0,500,,20500,weekly,2020-8-27T21:00:00.000,options,put
39,1597033380000,152.1,153.8,151.5,152.35,950,,20500,weekly,2020-8-27T21:00:00.000,options,put
40,1597033440000,152.35,155.25,152.05,154.15,1100,,20500,weekly,2020-8-27T21:00:00.000,options,put
41,1597033500000,154.15,154.15,152.35,153.0,1825,,20500,weekly,2020-8-27T21:00:00.000,options,put
42,1597033560000,153.75,153.75,149.9,152.85,350,,20500,weekly,2020-8-27T21:00:00.000,options,put
43,1597033620000,152.9,153.7,151.3,153.0,275,,20500,weekly,2020-8-27T21:00:00.000,options,put
44,1597033680000,152.6,153.15,151.8,152.65,250,,20500,weekly,2020-8-27T21:00:00.000,options,put
45,1597033740000,152.85,152.85,148.6,148.6,1225,,20500,weekly,2020-8-27T21:00:00.000,options,put
46,1597033800000,148.2,148.2,147.0,147.75,1325,,20500,weekly,2020-8-27T21:00:00.000,options,put
47,1597033860000,147.2,149.0,147.2,148.25,675,,20500,weekly,2020-8-27T21:00:00.000,options,put
48,1597033920000,148.7,148.7,146.8,147.7,725,,20500,weekly,2020-8-27T21:00:00.000,options,put
49,1597033980000,147.5,148.1,145.25,146.05,1100,,20500,weekly,2020-8-27T21:00:00.000,options,put
50,1597034040000,146.65,149.85,146.65,149.85,750,,20500,weekly,2020-8-27T21:00:00.000,options,put
51,1597034100000,149.65,151.5,148.65,150.5,1900,,20500,weekly,2020-8-27T21:00:00.000,options,put
52,1597034160000,151.1,156.95,151.1,153.3,3100,,20500,weekly,2020-8-27T21:00:00.000,options,put
53,1597034220000,153.1,153.85,150.4,150.85,2100,,20500,weekly,2020-8-27T21:00:00.000,options,put
54,1597034280000,150.85,150.85,148.0,148.0,575,,20500,weekly,2020-8-27T21:00:00.000,options,put
55,1597034340000,148.0,148.25,146.95,147.95,775,,20500,weekly,2020-8-27T21:00:00.000,options,put
56,1597034400000,148.6,148.6,147.0,148.0,675,,20500,weekly,2020-8-27T21:00:00.000,options,put
57,1597034460000,150.0,151.2,148.9,150.0,1175,,20500,weekly,2020-8-27T21:00:00.000,options,put
58,1597034520000,150.0,153.05,150.0,151.0,1575,,20500,weekly,2020-8-27T21:00:00.000,options,put
59,1597034580000,151.05,151.05,149.2,150.5,600,,20500,weekly,2020-8-27T21:00:00.000,options,put
60,1597034640000,150.5,154.15,149.25,154.15,575,,20500,weekly,2020-8-27T21:00:00.000,options,put
61,1597034700000,152.35,152.35,149.6,149.6,975,,20500,weekly,2020-8-27T21:00:00.000,options,put
62,1597034760000,149.35,149.35,146.75,146.75,375,,20500,weekly,2020-8-27T21:00:00.000,options,put
63,1597034820000,146.75,147.55,146.75,147.55,100,,20500,weekly,2020-8-27T21:00:00.000,options,put
64,1597034880000,147.2,148.45,147.2,148.45,75,,20500,weekly,2020-8-27T21:00:00.000,options,put
65,1597034940000,149.0,149.2,147.85,149.2,150,,20500,weekly,2020-8-27T21:00:00.000,options,put
66,1597035000000,149.1,149.1,148.1,148.1,125,,20500,weekly,2020-8-27T21:00:00.000,options,put
67,1597035060000,148.1,150.25,147.25,148.3,550,,20500,weekly,2020-8-27T21:00:00.000,options,put
68,1597035120000,148.5,148.5,146.65,148.5,475,,20500,weekly,2020-8-27T21:00:00.000,options,put
69,1597035180000,148.0,149.9,147.2,148.85,2125,,20500,weekly,2020-8-27T21:00:00.000,options,put
70,1597035240000,149.5,151.3,148.8,151.3,900,,20500,weekly,2020-8-27T21:00:00.000,options,put
71,1597035300000,155.35,156.75,153.2,153.3,2075,,20500,weekly,2020-8-27T21:00:00.000,options,put
72,1597035360000,153.3,154.35,153.3,153.5,500,,20500,weekly,2020-8-27T21:00:00.000,options,put
73,1597035420000,153.5,155.5,151.45,151.7,1550,,20500,weekly,2020-8-27T21:00:00.000,options,put
74,1597035480000,151.0,151.6,149.5,151.6,400,,20500,weekly,2020-8-27T21:00:00.000,options,put
75,1597035540000,151.6,153.15,151.05,151.05,650,,20500,weekly,2020-8-27T21:00:00.000,options,put
76,1597035600000,150.85,153.6,150.5,153.6,850,,20500,weekly,2020-8-27T21:00:00.000,options,put
77,1597035660000,153.15,153.15,150.35,150.4,1350,,20500,weekly,2020-8-27T21:00:00.000,options,put
78,1597035720000,149.45,149.45,145.35,145.35,525,,20500,weekly,2020-8-27T21:00:00.000,options,put
79,1597035780000,146.2,147.35,144.4,147.35,1075,,20500,weekly,2020-8-27T21:00:00.000,options,put
80,1597035840000,146.25,148.0,146.25,148.0,300,,20500,weekly,2020-8-27T21:00:00.000,options,put
81,1597035900000,148.7,148.7,147.35,148.0,250,,20500,weekly,2020-8-27T21:00:00.000,options,put
82,1597035960000,147.35,148.0,146.45,148.0,150,,20500,weekly,2020-8-27T21:00:00.000,options,put
83,1597036020000,147.7,147.9,147.1,147.2,275,,20500,weekly,2020-8-27T21:00:00.000,options,put
84,1597036080000,147.85,149.05,147.85,148.55,375,,20500,weekly,2020-8-27T21:00:00.000,options,put
85,1597036140000,148.55,148.85,147.4,147.65,775,,20500,weekly,2020-8-27T21:00:00.000,options,put
86,1597036200000,147.9,149.1,147.9,148.8,450,,20500,weekly,2020-8-27T21:00:00.000,options,put
87,1597036260000,148.8,148.8,142.25,143.15,1150,,20500,weekly,2020-8-27T21:00:00.000,options,put
88,1597036320000,145.7,145.95,144.85,145.45,1125,,20500,weekly,2020-8-27T21:00:00.000,options,put
89,1597036380000,145.5,146.05,145.1,145.3,525,,20500,weekly,2020-8-27T21:00:00.000,options,put
90,1597036440000,144.7,144.7,144.1,144.15,325,,20500,weekly,2020-8-27T21:00:00.000,options,put
91,1597036500000,145.0,146.45,145.0,146.35,475,,20500,weekly,2020-8-27T21:00:00.000,options,put
92,1597036560000,145.8,145.8,145.0,145.55,200,,20500,weekly,2020-8-27T21:00:00.000,options,put
93,1597036620000,145.55,146.0,145.55,146.0,275,,20500,weekly,2020-8-27T21:00:00.000,options,put
94,1597036680000,144.8,144.8,144.45,144.45,75,,20500,weekly,2020-8-27T21:00:00.000,options,put
95,1597036740000,144.5,145.8,144.1,145.8,675,,20500,weekly,2020-8-27T21:00:00.000,options,put
96,1597036800000,145.55,148.25,144.8,147.9,725,,20500,weekly,2020-8-27T21:00:00.000,options,put
97,1597036860000,147.1,147.1,147.1,147.1,25,,20500,weekly,2020-8-27T21:00:00.000,options,put
98,1597036920000,147.1,149.4,147.1,149.0,475,,20500,weekly,2020-8-27T21:00:00.000,options,put
99,1597036980000,146.65,146.65,146.65,146.65,25,,20500,weekly,2020-8-27T21:00:00.000,options,put
100,1597037040000,146.65,147.2,144.8,145.1,650,,20500,weekly,2020-8-27T21:00:00.000,options,put
101,1597037100000,146.8,146.8,146.1,146.4,275,,20500,weekly,2020-8-27T21:00:00.000,options,put
102,1597037160000,147.0,147.2,146.6,147.0,200,,20500,weekly,2020-8-27T21:00:00.000,options,put
103,1597037220000,146.7,147.55,146.7,147.55,150,,20500,weekly,2020-8-27T21:00:00.000,options,put
104,1597037280000,147.9,148.15,147.05,147.05,375,,20500,weekly,2020-8-27T21:00:00.000,options,put
105,1597037340000,147.7,147.7,146.75,146.85,550,,20500,weekly,2020-8-27T21:00:00.000,options,put
106,1597037400000,147.15,147.15,145.55,145.55,700,,20500,weekly,2020-8-27T21:00:00.000,options,put
107,1597037460000,145.0,145.3,143.7,145.3,200,,20500,weekly,2020-8-27T21:00:00.000,options,put
108,1597037520000,145.3,146.2,145.3,146.2,1175,,20500,weekly,2020-8-27T21:00:00.000,options,put
109,1597037580000,146.15,146.15,145.8,145.8,125,,20500,weekly,2020-8-27T21:00:00.000,options,put
110,1597037640000,145.8,146.95,145.8,146.95,325,,20500,weekly,2020-8-27T21:00:00.000,options,put
111,1597037700000,146.5,152.05,146.5,148.0,1800,,20500,weekly,2020-8-27T21:00:00.000,options,put
112,1597037760000,147.65,147.65,147.1,147.1,525,,20500,weekly,2020-8-27T21:00:00.000,options,put
113,1597037820000,146.55,146.55,145.95,145.95,175,,20500,weekly,2020-8-27T21:00:00.000,options,put
114,1597037880000,145.0,145.5,143.1,143.2,775,,20500,weekly,2020-8-27T21:00:00.000,options,put
115,1597037940000,142.0,142.15,142.0,142.1,300,,20500,weekly,2020-8-27T21:00:00.000,options,put
116,1597038000000,141.3,142.35,141.3,142.35,725,,20500,weekly,2020-8-27T21:00:00.000,options,put
117,1597038060000,142.0,142.65,141.9,142.6,500,,20500,weekly,2020-8-27T21:00:00.000,options,put
118,1597038120000,143.15,143.35,142.7,142.7,350,,20500,weekly,2020-8-27T21:00:00.000,options,put
119,1597038180000,142.65,145.4,142.65,144.35,1250,,20500,weekly,2020-8-27T21:00:00.000,options,put
120,1597038240000,144.35,144.35,142.15,142.65,425,,20500,weekly,2020-8-27T21:00:00.000,options,put
121,1597038300000,142.8,143.8,142.8,143.8,225,,20500,weekly,2020-8-27T21:00:00.000,options,put
122,1597038360000,144.0,144.45,143.55,144.2,300,,20500,weekly,2020-8-27T21:00:00.000,options,put
123,1597038420000,145.0,146.5,145.0,146.5,750,,20500,weekly,2020-8-27T21:00:00.000,options,put
124,1597038480000,146.05,146.3,145.85,145.85,800,,20500,weekly,2020-8-27T21:00:00.000,options,put
125,1597038540000,145.55,145.55,144.9,145.0,175,,20500,weekly,2020-8-27T21:00:00.000,options,put
126,1597038600000,144.8,144.8,143.25,143.25,450,,20500,weekly,2020-8-27T21:00:00.000,options,put
127,1597038660000,143.05,143.05,141.35,141.9,475,,20500,weekly,2020-8-27T21:00:00.000,options,put
128,1597038720000,142.25,142.9,141.8,141.8,150,,20500,weekly,2020-8-27T21:00:00.000,options,put
129,1597038780000,141.95,144.4,141.95,143.85,200,,20500,weekly,2020-8-27T21:00:00.000,options,put
130,1597038840000,144.2,144.3,144.15,144.3,125,,20500,weekly,2020-8-27T21:00:00.000,options,put
131,1597038900000,144.3,144.75,144.3,144.75,125,,20500,weekly,2020-8-27T21:00:00.000,options,put
132,1597038960000,145.15,146.45,145.15,145.4,1275,,20500,weekly,2020-8-27T21:00:00.000,options,put
133,1597039020000,146.15,146.45,145.0,145.35,750,,20500,weekly,2020-8-27T21:00:00.000,options,put
134,1597039080000,146.2,150.0,146.2,147.15,750,,20500,weekly,2020-8-27T21:00:00.000,options,put
135,1597039140000,147.85,147.85,146.2,146.35,100,,20500,weekly,2020-8-27T21:00:00.000,options,put
136,1597039200000,145.0,145.0,145.0,145.0,125,,20500,weekly,2020-8-27T21:00:00.000,options,put
137,1597039320000,143.75,144.25,143.45,143.45,275,,20500,weekly,2020-8-27T21:00:00.000,options,put
138,1597039380000,143.2,143.2,143.2,143.2,100,,20500,weekly,2020-8-27T21:00:00.000,options,put
139,1597039440000,143.75,144.05,143.75,144.05,150,,20500,weekly,2020-8-27T21:00:00.000,options,put
140,1597039500000,143.35,144.2,143.35,144.2,175,,20500,weekly,2020-8-27T21:00:00.000,options,put
141,1597039560000,143.9,143.9,142.45,142.45,375,,20500,weekly,2020-8-27T21:00:00.000,options,put
142,1597039620000,142.5,144.3,142.5,144.3,350,,20500,weekly,2020-8-27T21:00:00.000,options,put
143,1597039680000,142.7,144.7,142.7,144.7,100,,20500,weekly,2020-8-27T21:00:00.000,options,put
144,1597039740000,144.2,146.95,143.85,146.15,1350,,20500,weekly,2020-8-27T21:00:00.000,options,put
145,1597039800000,147.0,147.0,146.7,146.8,100,,20500,weekly,2020-8-27T21:00:00.000,options,put
146,1597039860000,146.9,147.35,146.9,146.95,275,,20500,weekly,2020-8-27T21:00:00.000,options,put
147,1597039920000,147.15,147.25,146.5,146.5,175,,20500,weekly,2020-8-27T21:00:00.000,options,put
148,1597039980000,146.9,147.1,146.9,147.1,100,,20500,weekly,2020-8-27T21:00:00.000,options,put
149,1597040040000,146.5,147.3,146.5,146.75,350,,20500,weekly,2020-8-27T21:00:00.000,options,put
150,1597040100000,147.0,151.55,147.0,148.0,825,,20500,weekly,2020-8-27T21:00:00.000,options,put
151,1597040160000,146.65,149.15,146.65,148.0,175,,20500,weekly,2020-8-27T21:00:00.000,options,put
152,1597040220000,147.85,147.85,145.55,145.55,325,,20500,weekly,2020-8-27T21:00:00.000,options,put
153,1597040280000,145.8,145.8,145.8,145.8,25,,20500,weekly,2020-8-27T21:00:00.000,options,put
154,1597040340000,145.8,145.8,145.2,145.2,75,,20500,weekly,2020-8-27T21:00:00.000,options,put
155,1597040400000,145.2,145.5,145.0,145.5,150,,20500,weekly,2020-8-27T21:00:00.000,options,put
156,1597040460000,145.0,145.0,144.45,144.45,50,,20500,weekly,2020-8-27T21:00:00.000,options,put
157,1597040520000,144.65,145.05,144.4,145.05,50,,20500,weekly,2020-8-27T21:00:00.000,options,put
158,1597040580000,145.05,146.7,145.05,146.7,150,,20500,weekly,2020-8-27T21:00:00.000,options,put
159,1597040640000,146.7,147.5,146.5,146.5,150,,20500,weekly,2020-8-27T21:00:00.000,options,put
160,1597040700000,146.15,146.15,144.5,144.5,175,,20500,weekly,2020-8-27T21:00:00.000,options,put
161,1597040760000,144.5,146.1,144.5,144.9,400,,20500,weekly,2020-8-27T21:00:00.000,options,put
162,1597040820000,144.55,144.7,143.3,144.15,650,,20500,weekly,2020-8-27T21:00:00.000,options,put
163,1597040880000,144.15,144.15,144.1,144.1,75,,20500,weekly,2020-8-27T21:00:00.000,options,put
164,1597040940000,144.1,145.8,143.15,145.25,450,,20500,weekly,2020-8-27T21:00:00.000,options,put
165,1597041000000,145.75,147.05,145.5,146.65,375,,20500,weekly,2020-8-27T21:00:00.000,options,put
166,1597041060000,146.45,146.75,145.8,145.8,675,,20500,weekly,2020-8-27T21:00:00.000,options,put
167,1597041120000,144.8,145.5,144.1,144.3,275,,20500,weekly,2020-8-27T21:00:00.000,options,put
168,1597041180000,144.8,145.0,144.75,144.75,300,,20500,weekly,2020-8-27T21:00:00.000,options,put
169,1597041240000,144.85,144.85,144.35,144.35,300,,20500,weekly,2020-8-27T21:00:00.000,options,put
170,1597041300000,145.35,146.2,144.5,146.2,175,,20500,weekly,2020-8-27T21:00:00.000,options,put
171,1597041360000,146.1,147.05,145.95,145.95,400,,20500,weekly,2020-8-27T21:00:00.000,options,put
172,1597041420000,146.7,146.75,146.6,146.65,575,,20500,weekly,2020-8-27T21:00:00.000,options,put
173,1597041480000,146.9,147.0,146.15,146.15,225,,20500,weekly,2020-8-27T21:00:00.000,options,put
174,1597041540000,146.85,146.85,145.0,145.45,450,,20500,weekly,2020-8-27T21:00:00.000,options,put
175,1597041600000,145.4,146.35,145.4,146.35,150,,20500,weekly,2020-8-27T21:00:00.000,options,put
176,1597041720000,148.15,148.95,147.2,147.2,850,,20500,weekly,2020-8-27T21:00:00.000,options,put
177,1597041780000,149.75,152.8,147.9,147.95,4150,,20500,weekly,2020-8-27T21:00:00.000,options,put
178,1597041840000,148.35,149.0,148.3,148.3,75,,20500,weekly,2020-8-27T21:00:00.000,options,put
179,1597041900000,149.0,149.6,147.95,148.55,925,,20500,weekly,2020-8-27T21:00:00.000,options,put
180,1597041960000,147.75,151.2,147.45,150.7,1350,,20500,weekly,2020-8-27T21:00:00.000,options,put
181,1597042020000,150.2,151.55,149.95,150.2,250,,20500,weekly,2020-8-27T21:00:00.000,options,put
182,1597042080000,148.3,148.3,148.3,148.3,25,,20500,weekly,2020-8-27T21:00:00.000,options,put
183,1597042140000,147.05,147.05,146.75,146.85,1200,,20500,weekly,2020-8-27T21:00:00.000,options,put
184,1597042200000,147.2,147.7,147.0,147.4,1050,,20500,weekly,2020-8-27T21:00:00.000,options,put
185,1597042260000,147.4,148.2,147.4,148.2,125,,20500,weekly,2020-8-27T21:00:00.000,options,put
186,1597042380000,148.1,148.35,147.0,148.2,1550,,20500,weekly,2020-8-27T21:00:00.000,options,put
187,1597042440000,148.2,149.75,148.2,149.05,650,,20500,weekly,2020-8-27T21:00:00.000,options,put
188,1597042500000,149.0,149.0,148.55,148.55,50,,20500,weekly,2020-8-27T21:00:00.000,options,put
189,1597042560000,148.9,150.75,148.85,150.75,1300,,20500,weekly,2020-8-27T21:00:00.000,options,put
190,1597042620000,150.7,151.45,150.55,150.65,375,,20500,weekly,2020-8-27T21:00:00.000,options,put
191,1597042680000,150.5,151.45,150.5,151.45,175,,20500,weekly,2020-8-27T21:00:00.000,options,put
192,1597042740000,152.4,161.0,151.95,154.15,4625,,20500,weekly,2020-8-27T21:00:00.000,options,put
193,1597042800000,155.55,157.05,153.5,153.6,900,,20500,weekly,2020-8-27T21:00:00.000,options,put
194,1597042860000,152.55,153.35,152.55,152.9,900,,20500,weekly,2020-8-27T21:00:00.000,options,put
195,1597042920000,151.6,151.6,151.6,151.6,25,,20500,weekly,2020-8-27T21:00:00.000,options,put
196,1597042980000,152.9,153.0,150.9,150.9,250,,20500,weekly,2020-8-27T21:00:00.000,options,put
197,1597043040000,152.75,152.75,151.75,151.8,300,,20500,weekly,2020-8-27T21:00:00.000,options,put
198,1597043160000,151.3,153.7,151.3,152.85,275,,20500,weekly,2020-8-27T21:00:00.000,options,put
199,1597043220000,150.0,150.0,147.45,147.45,400,,20500,weekly,2020-8-27T21:00:00.000,options,put
200,1597043280000,148.2,148.2,148.2,148.2,175,,20500,weekly,2020-8-27T21:00:00.000,options,put
201,1597043340000,148.8,149.95,148.8,149.95,225,,20500,weekly,2020-8-27T21:00:00.000,options,put
202,1597043400000,149.95,150.2,148.7,148.7,225,,20500,weekly,2020-8-27T21:00:00.000,options,put
203,1597043460000,147.45,149.45,147.45,149.45,325,,20500,weekly,2020-8-27T21:00:00.000,options,put
204,1597043520000,149.2,149.75,148.9,149.3,275,,20500,weekly,2020-8-27T21:00:00.000,options,put
205,1597043580000,150.6,151.8,150.1,150.1,375,,20500,weekly,2020-8-27T21:00:00.000,options,put
206,1597043640000,150.9,150.95,150.0,150.0,125,,20500,weekly,2020-8-27T21:00:00.000,options,put
207,1597043700000,147.1,148.15,147.1,147.5,250,,20500,weekly,2020-8-27T21:00:00.000,options,put
208,1597043760000,147.75,147.85,147.5,147.85,475,,20500,weekly,2020-8-27T21:00:00.000,options,put
209,1597043820000,146.3,146.55,145.1,145.1,325,,20500,weekly,2020-8-27T21:00:00.000,options,put
210,1597043880000,146.75,146.75,145.9,145.9,400,,20500,weekly,2020-8-27T21:00:00.000,options,put
211,1597043940000,143.15,144.05,141.55,143.5,1075,,20500,weekly,2020-8-27T21:00:00.000,options,put
212,1597044000000,143.65,145.15,143.25,144.9,425,,20500,weekly,2020-8-27T21:00:00.000,options,put
213,1597044060000,144.85,145.15,144.5,144.5,100,,20500,weekly,2020-8-27T21:00:00.000,options,put
214,1597044120000,144.5,145.0,144.5,144.75,150,,20500,weekly,2020-8-27T21:00:00.000,options,put
215,1597044180000,144.75,144.75,144.75,144.75,25,,20500,weekly,2020-8-27T21:00:00.000,options,put
216,1597044240000,146.3,147.65,146.15,147.65,225,,20500,weekly,2020-8-27T21:00:00.000,options,put
217,1597044300000,146.3,146.6,145.25,145.25,625,,20500,weekly,2020-8-27T21:00:00.000,options,put
218,1597044360000,146.0,146.05,146.0,146.05,50,,20500,weekly,2020-8-27T21:00:00.000,options,put
219,1597044420000,145.5,147.8,145.5,146.4,1150,,20500,weekly,2020-8-27T21:00:00.000,options,put
220,1597044480000,146.1,146.65,145.25,145.25,225,,20500,weekly,2020-8-27T21:00:00.000,options,put
221,1597044540000,144.6,145.9,144.6,145.9,650,,20500,weekly,2020-8-27T21:00:00.000,options,put
222,1597044600000,146.25,147.6,146.25,147.6,575,,20500,weekly,2020-8-27T21:00:00.000,options,put
223,1597044660000,146.75,146.75,145.5,145.8,75,,20500,weekly,2020-8-27T21:00:00.000,options,put
224,1597044720000,147.1,148.5,147.1,148.5,125,,20500,weekly,2020-8-27T21:00:00.000,options,put
225,1597044780000,146.0,146.0,146.0,146.0,350,,20500,weekly,2020-8-27T21:00:00.000,options,put
226,1597044840000,147.2,147.35,146.9,147.35,175,,20500,weekly,2020-8-27T21:00:00.000,options,put
227,1597044900000,147.3,148.5,147.0,148.5,275,,20500,weekly,2020-8-27T21:00:00.000,options,put
228,1597044960000,150.0,151.7,147.3,147.7,625,,20500,weekly,2020-8-27T21:00:00.000,options,put
229,1597045020000,146.35,146.35,146.25,146.25,50,,20500,weekly,2020-8-27T21:00:00.000,options,put
230,1597045080000,146.25,146.65,146.25,146.65,50,,20500,weekly,2020-8-27T21:00:00.000,options,put
231,1597045140000,145.7,146.1,145.7,146.1,150,,20500,weekly,2020-8-27T21:00:00.000,options,put
232,1597045200000,147.25,147.25,147.25,147.25,100,,20500,weekly,2020-8-27T21:00:00.000,options,put
233,1597045260000,148.75,148.75,148.25,148.75,100,,20500,weekly,2020-8-27T21:00:00.000,options,put
234,1597045320000,148.0,148.0,148.0,148.0,25,,20500,weekly,2020-8-27T21:00:00.000,options,put
235,1597045440000,148.2,148.2,145.7,146.15,125,,20500,weekly,2020-8-27T21:00:00.000,options,put
236,1597045500000,146.25,146.25,143.2,143.75,425,,20500,weekly,2020-8-27T21:00:00.000,options,put
237,1597045560000,143.75,145.25,143.4,144.1,625,,20500,weekly,2020-8-27T21:00:00.000,options,put
238,1597045620000,145.2,145.2,138.2,138.65,1550,,20500,weekly,2020-8-27T21:00:00.000,options,put
239,1597045680000,139.8,140.4,139.05,140.4,575,,20500,weekly,2020-8-27T21:00:00.000,options,put
240,1597045740000,139.45,140.7,139.0,139.7,725,,20500,weekly,2020-8-27T21:00:00.000,options,put
241,1597045800000,139.7,140.75,138.75,140.55,375,,20500,weekly,2020-8-27T21:00:00.000,options,put
242,1597045860000,140.55,141.4,139.85,141.4,375,,20500,weekly,2020-8-27T21:00:00.000,options,put
243,1597045920000,140.75,143.45,140.75,141.6,800,,20500,weekly,2020-8-27T21:00:00.000,options,put
244,1597045980000,143.0,143.55,142.4,142.4,125,,20500,weekly,2020-8-27T21:00:00.000,options,put
245,1597046040000,142.1,142.9,141.7,141.8,500,,20500,weekly,2020-8-27T21:00:00.000,options,put
246,1597046100000,142.35,142.35,141.1,141.1,300,,20500,weekly,2020-8-27T21:00:00.000,options,put
247,1597046160000,141.1,141.1,140.4,140.4,650,,20500,weekly,2020-8-27T21:00:00.000,options,put
248,1597046220000,140.75,140.75,139.6,139.6,250,,20500,weekly,2020-8-27T21:00:00.000,options,put
249,1597046280000,139.15,139.9,138.75,139.9,225,,20500,weekly,2020-8-27T21:00:00.000,options,put
250,1597046340000,138.95,139.9,138.95,139.85,675,,20500,weekly,2020-8-27T21:00:00.000,options,put
251,1597046400000,140.0,141.0,140.0,141.0,125,,20500,weekly,2020-8-27T21:00:00.000,options,put
252,1597046460000,139.8,140.0,139.0,139.0,75,,20500,weekly,2020-8-27T21:00:00.000,options,put
253,1597046520000,139.7,139.7,139.7,139.7,25,,20500,weekly,2020-8-27T21:00:00.000,options,put
254,1597046580000,137.65,138.95,136.8,138.95,1050,,20500,weekly,2020-8-27T21:00:00.000,options,put
255,1597046640000,138.45,141.8,138.0,141.55,600,,20500,weekly,2020-8-27T21:00:00.000,options,put
256,1597046700000,141.55,149.05,141.55,144.9,2900,,20500,weekly,2020-8-27T21:00:00.000,options,put
257,1597046760000,145.2,145.65,141.1,141.1,1500,,20500,weekly,2020-8-27T21:00:00.000,options,put
258,1597046820000,141.1,144.0,141.1,142.4,550,,20500,weekly,2020-8-27T21:00:00.000,options,put
259,1597046880000,143.25,143.6,141.8,143.3,500,,20500,weekly,2020-8-27T21:00:00.000,options,put
260,1597046940000,144.7,146.65,144.7,145.8,2350,,20500,weekly,2020-8-27T21:00:00.000,options,put
261,1597047000000,145.8,146.4,144.9,144.9,625,,20500,weekly,2020-8-27T21:00:00.000,options,put
262,1597047060000,144.9,144.9,143.75,143.85,650,,20500,weekly,2020-8-27T21:00:00.000,options,put
263,1597047120000,143.2,144.4,143.2,144.4,200,,20500,weekly,2020-8-27T21:00:00.000,options,put
264,1597047180000,144.95,144.95,144.95,144.95,50,,20500,weekly,2020-8-27T21:00:00.000,options,put
265,1597047240000,144.8,144.8,143.4,144.25,375,,20500,weekly,2020-8-27T21:00:00.000,options,put
266,1597047300000,143.6,145.5,143.6,145.5,75,,20500,weekly,2020-8-27T21:00:00.000,options,put
267,1597047360000,145.5,148.65,145.5,147.75,1200,,20500,weekly,2020-8-27T21:00:00.000,options,put
268,1597047420000,147.65,147.65,146.55,146.55,925,,20500,weekly,2020-8-27T21:00:00.000,options,put
269,1597047480000,145.2,148.0,145.2,148.0,150,,20500,weekly,2020-8-27T21:00:00.000,options,put
270,1597047540000,149.0,150.95,148.0,148.0,1350,,20500,weekly,2020-8-27T21:00:00.000,options,put
271,1597047600000,148.15,148.15,146.6,146.6,325,,20500,weekly,2020-8-27T21:00:00.000,options,put
272,1597047660000,149.25,149.5,148.95,148.95,375,,20500,weekly,2020-8-27T21:00:00.000,options,put
273,1597047720000,151.45,152.7,149.05,150.05,1225,,20500,weekly,2020-8-27T21:00:00.000,options,put
274,1597047780000,148.8,148.8,147.0,147.0,125,,20500,weekly,2020-8-27T21:00:00.000,options,put
275,1597047840000,147.95,148.25,147.05,147.05,325,,20500,weekly,2020-8-27T21:00:00.000,options,put
276,1597047900000,146.55,147.1,144.6,144.6,325,,20500,weekly,2020-8-27T21:00:00.000,options,put
277,1597048020000,145.65,146.45,145.65,146.4,175,,20500,weekly,2020-8-27T21:00:00.000,options,put
278,1597048080000,146.8,148.35,145.8,148.35,225,,20500,weekly,2020-8-27T21:00:00.000,options,put
279,1597048140000,148.35,153.9,148.35,150.55,2100,,20500,weekly,2020-8-27T21:00:00.000,options,put
280,1597048260000,149.5,151.9,149.5,151.0,1175,,20500,weekly,2020-8-27T21:00:00.000,options,put
281,1597048320000,149.75,151.1,149.75,150.8,550,,20500,weekly,2020-8-27T21:00:00.000,options,put
282,1597048380000,149.05,150.9,149.05,150.9,625,,20500,weekly,2020-8-27T21:00:00.000,options,put
283,1597048440000,149.95,149.95,145.35,147.05,425,,20500,weekly,2020-8-27T21:00:00.000,options,put
284,1597048500000,148.15,148.35,148.0,148.2,300,,20500,weekly,2020-8-27T21:00:00.000,options,put
285,1597048560000,148.8,150.9,148.8,150.0,300,,20500,weekly,2020-8-27T21:00:00.000,options,put
286,1597048620000,150.85,152.0,150.35,151.55,150,,20500,weekly,2020-8-27T21:00:00.000,options,put
287,1597048680000,150.35,151.0,150.15,150.35,175,,20500,weekly,2020-8-27T21:00:00.000,options,put
288,1597048740000,154.6,154.9,152.15,154.9,600,,20500,weekly,2020-8-27T21:00:00.000,options,put
289,1597048800000,157.0,157.0,153.0,153.2,1950,,20500,weekly,2020-8-27T21:00:00.000,options,put
290,1597048860000,153.05,168.5,152.45,166.05,6925,,20500,weekly,2020-8-27T21:00:00.000,options,put
291,1597048920000,167.1,179.25,164.2,165.0,6025,,20500,weekly,2020-8-27T21:00:00.000,options,put
292,1597048980000,165.4,168.9,164.8,168.9,2050,,20500,weekly,2020-8-27T21:00:00.000,options,put
293,1597049040000,169.9,170.5,166.65,167.75,1550,,20500,weekly,2020-8-27T21:00:00.000,options,put
294,1597049100000,165.7,167.85,163.75,166.1,975,,20500,weekly,2020-8-27T21:00:00.000,options,put
295,1597049160000,166.1,166.1,161.0,161.3,1175,,20500,weekly,2020-8-27T21:00:00.000,options,put
296,1597049220000,158.55,161.75,157.9,161.75,550,,20500,weekly,2020-8-27T21:00:00.000,options,put
297,1597049280000,160.4,164.0,160.05,163.3,1325,,20500,weekly,2020-8-27T21:00:00.000,options,put
298,1597049340000,162.65,165.1,162.35,164.2,475,,20500,weekly,2020-8-27T21:00:00.000,options,put
299,1597049400000,161.55,163.55,159.85,159.85,250,,20500,weekly,2020-8-27T21:00:00.000,options,put
300,1597049460000,159.85,160.6,157.8,158.15,500,,20500,weekly,2020-8-27T21:00:00.000,options,put
301,1597049520000,157.25,158.25,156.35,157.15,175,,20500,weekly,2020-8-27T21:00:00.000,options,put
302,1597049580000,157.9,158.7,153.45,155.7,1275,,20500,weekly,2020-8-27T21:00:00.000,options,put
303,1597049640000,155.7,159.0,155.7,157.45,1550,,20500,weekly,2020-8-27T21:00:00.000,options,put
304,1597049700000,157.8,159.7,157.8,159.7,250,,20500,weekly,2020-8-27T21:00:00.000,options,put
305,1597049760000,159.7,160.45,157.5,157.5,225,,20500,weekly,2020-8-27T21:00:00.000,options,put
306,1597049820000,156.75,156.75,153.05,153.8,475,,20500,weekly,2020-8-27T21:00:00.000,options,put
307,1597049880000,154.6,158.85,154.6,158.85,125,,20500,weekly,2020-8-27T21:00:00.000,options,put
308,1597049940000,158.85,163.95,158.85,163.05,1425,,20500,weekly,2020-8-27T21:00:00.000,options,put
309,1597050000000,163.25,163.4,161.45,162.25,650,,20500,weekly,2020-8-27T21:00:00.000,options,put
310,1597050060000,163.15,163.15,162.5,162.5,225,,20500,weekly,2020-8-27T21:00:00.000,options,put
311,1597050120000,162.15,162.15,160.45,161.8,175,,20500,weekly,2020-8-27T21:00:00.000,options,put
312,1597050180000,162.45,165.0,162.0,165.0,425,,20500,weekly,2020-8-27T21:00:00.000,options,put
313,1597050240000,165.0,165.75,162.1,162.1,550,,20500,weekly,2020-8-27T21:00:00.000,options,put
314,1597050300000,162.8,162.8,159.5,159.5,175,,20500,weekly,2020-8-27T21:00:00.000,options,put
315,1597050360000,159.55,160.2,159.3,160.2,200,,20500,weekly,2020-8-27T21:00:00.000,options,put
316,1597050420000,159.5,159.5,157.7,158.8,600,,20500,weekly,2020-8-27T21:00:00.000,options,put
317,1597050480000,158.8,160.25,158.7,160.25,175,,20500,weekly,2020-8-27T21:00:00.000,options,put
318,1597050540000,160.25,160.25,158.85,158.85,125,,20500,weekly,2020-8-27T21:00:00.000,options,put
319,1597050600000,158.0,158.0,157.85,157.85,50,,20500,weekly,2020-8-27T21:00:00.000,options,put
320,1597050660000,158.15,160.3,158.15,160.3,125,,20500,weekly,2020-8-27T21:00:00.000,options,put
321,1597050720000,159.0,159.0,156.05,156.2,375,,20500,weekly,2020-8-27T21:00:00.000,options,put
322,1597050780000,156.2,159.3,156.2,159.3,125,,20500,weekly,2020-8-27T21:00:00.000,options,put
323,1597050840000,158.95,158.95,155.0,155.0,75,,20500,weekly,2020-8-27T21:00:00.000,options,put
324,1597050900000,155.2,155.5,154.4,154.4,200,,20500,weekly,2020-8-27T21:00:00.000,options,put
325,1597050960000,155.05,157.45,155.05,157.45,200,,20500,weekly,2020-8-27T21:00:00.000,options,put
326,1597051020000,155.9,158.65,155.9,158.0,675,,20500,weekly,2020-8-27T21:00:00.000,options,put
327,1597051080000,159.45,161.3,159.25,159.9,225,,20500,weekly,2020-8-27T21:00:00.000,options,put
328,1597051140000,158.95,159.8,158.95,159.2,175,,20500,weekly,2020-8-27T21:00:00.000,options,put
329,1597051200000,159.05,159.65,158.6,158.6,175,,20500,weekly,2020-8-27T21:00:00.000,options,put
330,1597051260000,157.55,157.6,156.15,156.5,300,,20500,weekly,2020-8-27T21:00:00.000,options,put
331,1597051320000,155.0,155.3,153.4,153.95,475,,20500,weekly,2020-8-27T21:00:00.000,options,put
332,1597051380000,152.0,152.45,146.65,148.05,3250,,20500,weekly,2020-8-27T21:00:00.000,options,put
333,1597051440000,149.8,149.8,142.6,144.75,2250,,20500,weekly,2020-8-27T21:00:00.000,options,put
334,1597051500000,146.9,146.9,145.2,145.75,175,,20500,weekly,2020-8-27T21:00:00.000,options,put
335,1597051560000,144.95,146.2,144.55,146.2,1750,,20500,weekly,2020-8-27T21:00:00.000,options,put
336,1597051620000,146.65,149.6,146.6,149.6,625,,20500,weekly,2020-8-27T21:00:00.000,options,put
337,1597051680000,149.7,150.2,148.0,150.2,1075,,20500,weekly,2020-8-27T21:00:00.000,options,put
338,1597051740000,149.95,153.7,149.35,153.4,850,,20500,weekly,2020-8-27T21:00:00.000,options,put
339,1597051800000,152.75,152.75,150.45,151.6,750,,20500,weekly,2020-8-27T21:00:00.000,options,put
340,1597051860000,150.95,151.0,149.45,150.5,400,,20500,weekly,2020-8-27T21:00:00.000,options,put
341,1597051920000,149.55,151.1,149.55,151.05,375,,20500,weekly,2020-8-27T21:00:00.000,options,put
342,1597051980000,152.9,152.9,152.9,152.9,25,,20500,weekly,2020-8-27T21:00:00.000,options,put
343,1597052040000,150.7,150.7,149.4,150.0,550,,20500,weekly,2020-8-27T21:00:00.000,options,put
344,1597052100000,150.9,150.9,149.95,150.15,425,,20500,weekly,2020-8-27T21:00:00.000,options,put
345,1597052160000,150.75,152.05,150.25,151.8,550,,20500,weekly,2020-8-27T21:00:00.000,options,put
346,1597052220000,151.8,152.0,151.0,151.9,300,,20500,weekly,2020-8-27T21:00:00.000,options,put
347,1597052280000,152.4,152.4,150.9,152.0,425,,20500,weekly,2020-8-27T21:00:00.000,options,put
348,1597052340000,151.6,153.9,151.6,152.5,825,,20500,weekly,2020-8-27T21:00:00.000,options,put
349,1597052400000,151.95,153.65,151.3,152.7,525,,20500,weekly,2020-8-27T21:00:00.000,options,put
350,1597052460000,152.6,153.35,151.85,151.85,550,,20500,weekly,2020-8-27T21:00:00.000,options,put
351,1597052520000,151.5,152.5,151.4,152.05,675,,20500,weekly,2020-8-27T21:00:00.000,options,put
352,1597052580000,152.7,153.0,152.7,153.0,200,,20500,weekly,2020-8-27T21:00:00.000,options,put
353,1597052640000,153.85,155.7,153.85,155.0,600,,20500,weekly,2020-8-27T21:00:00.000,options,put
354,1597052700000,155.4,157.5,155.4,156.15,3375,,20500,weekly,2020-8-27T21:00:00.000,options,put
355,1597052760000,155.65,156.3,155.25,156.05,750,,20500,weekly,2020-8-27T21:00:00.000,options,put
356,1597052820000,156.5,156.5,155.35,155.9,525,,20500,weekly,2020-8-27T21:00:00.000,options,put
357,1597052880000,156.0,156.0,154.9,155.95,950,,20500,weekly,2020-8-27T21:00:00.000,options,put
358,1597052940000,155.0,155.6,153.0,153.0,900,,20500,weekly,2020-8-27T21:00:00.000,options,put
359,1597053000000,153.95,153.95,151.3,151.9,1050,,20500,weekly,2020-8-27T21:00:00.000,options,put
360,1597053060000,150.0,150.0,148.0,149.3,1175,,20500,weekly,2020-8-27T21:00:00.000,options,put
361,1597053120000,149.95,149.95,148.35,148.4,550,,20500,weekly,2020-8-27T21:00:00.000,options,put
362,1597053180000,149.0,150.0,149.0,149.2,875,,20500,weekly,2020-8-27T21:00:00.000,options,put
363,1597053240000,150.0,151.2,149.05,149.5,1450,,20500,weekly,2020-8-27T21:00:00.000,options,put
364,1597053300000,150.3,150.65,149.5,149.85,675,,20500,weekly,2020-8-27T21:00:00.000,options,put
365,1597053360000,150.1,151.4,150.1,151.15,650,,20500,weekly,2020-8-27T21:00:00.000,options,put
366,1597053420000,150.95,152.5,150.95,151.6,425,,20500,weekly,2020-8-27T21:00:00.000,options,put
367,1597053480000,152.35,152.45,151.1,151.45,575,,20500,weekly,2020-8-27T21:00:00.000,options,put
