,timestamp,open,high,low,close,volume,open_interest,strike,expiry_type,expiry,instrument,contract_type
0,1659518100000,4.85,4.85,4.15,4.75,13175,80950,34800,weekly,2022-8-4T21:00:00.000,options,put
1,1659518160000,4.65,4.8,4.65,4.75,18575,80950,34800,weekly,2022-8-4T21:00:00.000,options,put
2,1659518220000,4.8,5.0,4.75,4.95,12325,87025,34800,weekly,2022-8-4T21:00:00.000,options,put
3,1659518280000,4.9,4.9,4.8,4.9,2850,87025,34800,weekly,2022-8-4T21:00:00.000,options,put
4,1659518340000,4.85,4.95,4.8,4.85,1050,87025,34800,weekly,2022-8-4T21:00:00.000,options,put
5,1659518400000,4.85,4.9,4.7,4.7,1600,85200,34800,weekly,2022-8-4T21:00:00.000,options,put
6,1659518460000,4.7,4.75,4.65,4.65,6125,85200,34800,weekly,2022-8-4T21:00:00.000,options,put
7,1659518520000,4.65,4.75,4.6,4.7,2625,85200,34800,weekly,2022-8-4T21:00:00.000,options,put
8,1659518580000,4.75,4.75,4.7,4.7,2225,84525,34800,weekly,2022-8-4T21:00:00.000,options,put
9,1659518640000,4.7,4.75,4.7,4.75,1375,84525,34800,weekly,2022-8-4T21:00:00.000,options,put
10,1659518700000,4.75,4.8,4.75,4.75,950,84525,34800,weekly,2022-8-4T21:00:00.000,options,put
11,1659518760000,4.75,4.8,4.7,4.75,4025,85975,34800,weekly,2022-8-4T21:00:00.000,options,put
12,1659518820000,4.8,4.85,4.75,4.85,375,85975,34800,weekly,2022-8-4T21:00:00.000,options,put
13,1659518880000,4.85,4.85,4.75,4.8,2400,85975,34800,weekly,2022-8-4T21:00:00.000,options,put
14,1659518940000,4.8,4.85,4.75,4.85,2500,87850,34800,weekly,2022-8-4T21:00:00.000,options,put
15,1659519000000,4.85,4.9,4.8,4.8,5825,87850,34800,weekly,2022-8-4T21:00:00.000,options,put
16,1659519060000,4.75,4.8,4.75,4.8,250,87850,34800,weekly,2022-8-4T21:00:00.000,options,put
17,1659519120000,4.75,4.85,4.65,4.85,2800,86375,34800,weekly,2022-8-4T21:00:00.000,options,put
18,1659519180000,4.75,4.85,4.75,4.85,3025,86375,34800,weekly,2022-8-4T21:00:00.000,options,put
19,1659519240000,5.0,5.2,5.0,5.2,2225,86375,34800,weekly,2022-8-4T21:00:00.000,options,put
20,1659519300000,5.15,5.3,5.15,5.3,3000,87450,34800,weekly,2022-8-4T21:00:00.000,options,put
21,1659519360000,5.35,5.4,5.25,5.35,6025,87450,34800,weekly,2022-8-4T21:00:00.000,options,put
22,1659519420000,5.35,5.4,5.35,5.35,325,87450,34800,weekly,2022-8-4T21:00:00.000,options,put
23,1659519480000,5.3,5.4,5.3,5.4,350,86400,34800,weekly,2022-8-4T21:00:00.000,options,put
24,1659519540000,5.35,5.4,5.35,5.35,1400,86400,34800,weekly,2022-8-4T21:00:00.000,options,put
25,1659519600000,5.4,5.4,5.35,5.4,3600,86400,34800,weekly,2022-8-4T21:00:00.000,options,put
26,1659519660000,5.4,5.5,5.4,5.5,275,87725,34800,weekly,2022-8-4T21:00:00.000,options,put
27,1659519720000,5.5,5.6,5.45,5.45,2075,87725,34800,weekly,2022-8-4T21:00:00.000,options,put
28,1659519780000,5.5,5.95,5.5,5.9,4075,87725,34800,weekly,2022-8-4T21:00:00.000,options,put
29,1659519840000,6.0,6.2,5.95,6.05,5400,88475,34800,weekly,2022-8-4T21:00:00.000,options,put
30,1659519900000,6.0,6.0,5.7,5.7,2350,88475,34800,weekly,2022-8-4T21:00:00.000,options,put
31,1659519960000,5.7,5.7,5.55,5.65,1650,88475,34800,weekly,2022-8-4T21:00:00.000,options,put
32,1659520020000,5.65,5.7,5.55,5.6,3000,87875,34800,weekly,2022-8-4T21:00:00.000,options,put
33,1659520080000,5.6,5.6,5.6,5.6,250,87875,34800,weekly,2022-8-4T21:00:00.000,options,put
34,1659520140000,5.5,5.55,5.5,5.5,725,87875,34800,weekly,2022-8-4T21:00:00.000,options,put
35,1659520200000,5.55,5.55,5.3,5.3,800,89575,34800,weekly,2022-8-4T21:00:00.000,options,put
36,1659520260000,5.3,5.4,5.2,5.2,550,89575,34800,weekly,2022-8-4T21:00:00.000,options,put
37,1659520320000,5.0,5.1,4.9,4.9,3550,89575,34800,weekly,2022-8-4T21:00:00.000,options,put
38,1659520380000,4.95,5.0,4.9,5.0,450,89225,34800,weekly,2022-8-4T21:00:00.000,options,put
39,1659520440000,5.0,5.05,5.0,5.05,475,89225,34800,weekly,2022-8-4T21:00:00.000,options,put
40,1659520500000,5.0,5.0,4.95,5.0,225,89225,34800,weekly,2022-8-4T21:00:00.000,options,put
41,1659520560000,5.0,5.0,5.0,5.0,1550,88925,34800,weekly,2022-8-4T21:00:00.000,options,put
42,1659520620000,5.0,5.1,5.0,5.0,5525,88925,34800,weekly,2022-8-4T21:00:00.000,options,put
43,1659520680000,5.05,5.05,4.9,5.0,4175,88925,34800,weekly,2022-8-4T21:00:00.000,options,put
44,1659520740000,5.0,5.05,5.0,5.0,850,90950,34800,weekly,2022-8-4T21:00:00.000,options,put
45,1659520800000,4.9,5.0,4.9,4.95,3025,90950,34800,weekly,2022-8-4T21:00:00.000,options,put
46,1659520860000,4.95,4.95,4.9,4.9,2175,90950,34800,weekly,2022-8-4T21:00:00.000,options,put
47,1659520920000,4.9,4.95,4.9,4.9,950,90700,34800,weekly,2022-8-4T21:00:00.000,options,put
48,1659520980000,4.9,4.95,4.85,4.85,4425,90700,34800,weekly,2022-8-4T21:00:00.000,options,put
49,1659521040000,4.9,5.1,4.85,5.05,7000,90700,34800,weekly,2022-8-4T21:00:00.000,options,put
50,1659521100000,5.1,5.1,5.1,5.1,2200,94925,34800,weekly,2022-8-4T21:00:00.000,options,put
51,1659521160000,5.1,5.15,5.1,5.15,375,94925,34800,weekly,2022-8-4T21:00:00.000,options,put
52,1659521220000,5.15,5.25,5.05,5.25,1600,94925,34800,weekly,2022-8-4T21:00:00.000,options,put
53,1659521280000,5.2,5.25,5.2,5.2,1250,95600,34800,weekly,2022-8-4T21:00:00.000,options,put
54,1659521340000,5.2,5.2,5.0,5.0,3175,95600,34800,weekly,2022-8-4T21:00:00.000,options,put
55,1659521400000,4.9,4.95,4.9,4.95,325,95600,34800,weekly,2022-8-4T21:00:00.000,options,put
56,1659521460000,4.95,5.0,4.9,4.95,2000,94275,34800,weekly,2022-8-4T21:00:00.000,options,put
57,1659521520000,4.95,4.95,4.95,4.95,425,94275,34800,weekly,2022-8-4T21:00:00.000,options,put
58,1659521580000,4.95,5.0,4.9,4.9,675,94275,34800,weekly,2022-8-4T21:00:00.000,options,put
59,1659521640000,4.95,4.95,4.9,4.9,975,93975,34800,weekly,2022-8-4T21:00:00.000,options,put
60,1659521700000,4.9,4.95,4.9,4.95,1975,93975,34800,weekly,2022-8-4T21:00:00.000,options,put
61,1659521760000,4.9,5.0,4.9,5.0,250,93975,34800,weekly,2022-8-4T21:00:00.000,options,put
62,1659521820000,4.95,5.0,4.95,4.95,675,94050,34800,weekly,2022-8-4T21:00:00.000,options,put
63,1659521880000,4.95,5.0,4.9,5.0,675,94050,34800,weekly,2022-8-4T21:00:00.000,options,put
64,1659521940000,4.95,4.95,4.85,4.85,950,94050,34800,weekly,2022-8-4T21:00:00.000,options,put
65,1659522000000,4.95,4.95,4.85,4.85,325,94175,34800,weekly,2022-8-4T21:00:00.000,options,put
66,1659522060000,4.9,4.9,4.85,4.85,100,94175,34800,weekly,2022-8-4T21:00:00.000,options,put
67,1659522120000,4.85,4.9,4.85,4.85,475,94175,34800,weekly,2022-8-4T21:00:00.000,options,put
68,1659522180000,4.85,4.9,4.8,4.9,4675,93975,34800,weekly,2022-8-4T21:00:00.000,options,put
69,1659522240000,4.9,4.9,4.7,4.75,1575,93975,34800,weekly,2022-8-4T21:00:00.000,options,put
70,1659522300000,4.75,4.75,4.7,4.75,500,93975,34800,weekly,2022-8-4T21:00:00.000,options,put
71,1659522360000,4.75,4.75,4.75,4.75,825,93975,34800,weekly,2022-8-4T21:00:00.000,options,put
72,1659522420000,4.7,4.7,4.6,4.6,200,91600,34800,weekly,2022-8-4T21:00:00.000,options,put
73,1659522480000,4.7,4.7,4.65,4.65,875,91600,34800,weekly,2022-8-4T21:00:00.000,options,put
74,1659522540000,4.7,4.8,4.65,4.8,900,91750,34800,weekly,2022-8-4T21:00:00.000,options,put
75,1659522600000,4.85,4.85,4.65,4.8,4075,91750,34800,weekly,2022-8-4T21:00:00.000,options,put
76,1659522660000,4.8,4.8,4.7,4.75,950,91750,34800,weekly,2022-8-4T21:00:00.000,options,put
77,1659522720000,4.75,4.8,4.75,4.8,1125,88450,34800,weekly,2022-8-4T21:00:00.000,options,put
78,1659522780000,4.8,4.8,4.7,4.7,1500,88450,34800,weekly,2022-8-4T21:00:00.000,options,put
79,1659522840000,4.7,4.7,4.7,4.7,1200,88450,34800,weekly,2022-8-4T21:00:00.000,options,put
80,1659522900000,4.75,4.75,4.6,4.6,725,88525,34800,weekly,2022-8-4T21:00:00.000,options,put
81,1659522960000,4.55,4.6,4.55,4.6,1175,88525,34800,weekly,2022-8-4T21:00:00.000,options,put
82,1659523020000,4.65,4.65,4.55,4.55,1275,88525,34800,weekly,2022-8-4T21:00:00.000,options,put
83,1659523080000,4.55,4.55,4.5,4.5,3250,85275,34800,weekly,2022-8-4T21:00:00.000,options,put
84,1659523140000,4.55,4.55,4.5,4.5,125,85275,34800,weekly,2022-8-4T21:00:00.000,options,put
85,1659523200000,4.55,4.55,4.45,4.55,700,85275,34800,weekly,2022-8-4T21:00:00.000,options,put
86,1659523260000,4.5,4.5,4.5,4.5,100,85075,34800,weekly,2022-8-4T21:00:00.000,options,put
87,1659523320000,4.4,4.45,4.4,4.4,2075,85075,34800,weekly,2022-8-4T21:00:00.000,options,put
88,1659523380000,4.45,4.45,4.35,4.4,675,85075,34800,weekly,2022-8-4T21:00:00.000,options,put
89,1659523440000,4.35,4.35,4.25,4.25,2650,85350,34800,weekly,2022-8-4T21:00:00.000,options,put
90,1659523500000,4.3,4.35,4.3,4.3,1150,85350,34800,weekly,2022-8-4T21:00:00.000,options,put
91,1659523560000,4.3,4.35,4.25,4.25,5600,85350,34800,weekly,2022-8-4T21:00:00.000,options,put
92,1659523620000,4.25,4.4,4.25,4.4,3275,90300,34800,weekly,2022-8-4T21:00:00.000,options,put
93,1659523680000,4.35,4.5,4.35,4.4,5475,90300,34800,weekly,2022-8-4T21:00:00.000,options,put
94,1659523740000,4.4,4.4,4.35,4.35,725,90300,34800,weekly,2022-8-4T21:00:00.000,options,put
95,1659523800000,4.45,4.5,4.35,4.4,4100,92650,34800,weekly,2022-8-4T21:00:00.000,options,put
96,1659523860000,4.45,4.45,4.4,4.4,600,92650,34800,weekly,2022-8-4T21:00:00.000,options,put
97,1659523920000,4.45,4.45,4.35,4.4,1000,92650,34800,weekly,2022-8-4T21:00:00.000,options,put
98,1659523980000,4.4,4.4,4.3,4.3,775,92650,34800,weekly,2022-8-4T21:00:00.000,options,put
99,1659524040000,4.35,4.35,4.25,4.3,1475,93250,34800,weekly,2022-8-4T21:00:00.000,options,put
100,1659524100000,4.35,4.35,4.35,4.35,800,93250,34800,weekly,2022-8-4T21:00:00.000,options,put
101,1659524160000,4.35,4.35,4.35,4.35,25,93250,34800,weekly,2022-8-4T21:00:00.000,options,put
102,1659524220000,4.3,4.3,4.25,4.3,500,93625,34800,weekly,2022-8-4T21:00:00.000,options,put
103,1659524280000,4.3,4.35,4.25,4.25,1875,93625,34800,weekly,2022-8-4T21:00:00.000,options,put
104,1659524340000,4.25,4.25,4.15,4.2,2275,95000,34800,weekly,2022-8-4T21:00:00.000,options,put
105,1659524400000,4.25,4.25,4.1,4.1,3650,95000,34800,weekly,2022-8-4T21:00:00.000,options,put
106,1659524460000,4.1,4.1,3.95,3.95,1900,95000,34800,weekly,2022-8-4T21:00:00.000,options,put
107,1659524520000,3.95,4.0,3.85,3.9,1675,96425,34800,weekly,2022-8-4T21:00:00.000,options,put
108,1659524580000,3.95,4.0,3.95,4.0,700,96425,34800,weekly,2022-8-4T21:00:00.000,options,put
109,1659524640000,3.95,4.3,3.95,4.3,975,96425,34800,weekly,2022-8-4T21:00:00.000,options,put
110,1659524700000,4.3,4.35,4.25,4.25,225,95925,34800,weekly,2022-8-4T21:00:00.000,options,put
111,1659524760000,4.25,4.25,4.2,4.25,825,95925,34800,weekly,2022-8-4T21:00:00.000,options,put
112,1659524820000,4.2,4.2,4.1,4.1,900,95925,34800,weekly,2022-8-4T21:00:00.000,options,put
113,1659524880000,4.05,4.1,4.05,4.05,475,96225,34800,weekly,2022-8-4T21:00:00.000,options,put
114,1659524940000,4.05,4.05,3.95,4.0,1350,96225,34800,weekly,2022-8-4T21:00:00.000,options,put
115,1659525000000,4.0,4.05,3.95,3.95,2975,96225,34800,weekly,2022-8-4T21:00:00.000,options,put
116,1659525060000,3.95,4.0,3.95,4.0,850,92725,34800,weekly,2022-8-4T21:00:00.000,options,put
117,1659525120000,4.05,4.05,3.95,4.0,975,92725,34800,weekly,2022-8-4T21:00:00.000,options,put
118,1659525180000,3.95,4.0,3.95,4.0,950,92725,34800,weekly,2022-8-4T21:00:00.000,options,put
119,1659525240000,4.0,4.0,3.9,3.9,700,93025,34800,weekly,2022-8-4T21:00:00.000,options,put
120,1659525300000,3.9,3.95,3.85,3.95,1425,93025,34800,weekly,2022-8-4T21:00:00.000,options,put
121,1659525360000,3.95,3.95,3.85,3.9,1150,93025,34800,weekly,2022-8-4T21:00:00.000,options,put
122,1659525420000,3.9,4.0,3.85,4.0,1400,94000,34800,weekly,2022-8-4T21:00:00.000,options,put
123,1659525480000,3.95,3.95,3.95,3.95,425,94000,34800,weekly,2022-8-4T21:00:00.000,options,put
124,1659525540000,3.95,3.95,3.9,3.9,800,94000,34800,weekly,2022-8-4T21:00:00.000,options,put
125,1659525600000,3.7,3.75,3.7,3.75,2050,93350,34800,weekly,2022-8-4T21:00:00.000,options,put
126,1659525660000,3.75,3.75,3.65,3.7,6925,93350,34800,weekly,2022-8-4T21:00:00.000,options,put
127,1659525720000,3.7,3.7,3.6,3.6,2700,93350,34800,weekly,2022-8-4T21:00:00.000,options,put
128,1659525780000,3.6,3.7,3.6,3.7,1850,89425,34800,weekly,2022-8-4T21:00:00.000,options,put
129,1659525840000,3.7,3.7,3.65,3.7,2375,89425,34800,weekly,2022-8-4T21:00:00.000,options,put
130,1659525900000,3.65,3.7,3.6,3.7,1600,89425,34800,weekly,2022-8-4T21:00:00.000,options,put
131,1659525960000,3.65,3.65,3.55,3.65,1300,89000,34800,weekly,2022-8-4T21:00:00.000,options,put
132,1659526020000,3.6,3.6,3.5,3.55,2925,89000,34800,weekly,2022-8-4T21:00:00.000,options,put
133,1659526080000,3.55,3.65,3.55,3.65,525,89000,34800,weekly,2022-8-4T21:00:00.000,options,put
134,1659526140000,3.65,3.65,3.55,3.6,725,88500,34800,weekly,2022-8-4T21:00:00.000,options,put
135,1659526200000,3.6,3.65,3.5,3.65,2100,88500,34800,weekly,2022-8-4T21:00:00.000,options,put
136,1659526260000,3.55,3.55,3.5,3.5,375,88500,34800,weekly,2022-8-4T21:00:00.000,options,put
137,1659526320000,3.5,3.5,3.5,3.5,25,88500,34800,weekly,2022-8-4T21:00:00.000,options,put
138,1659526380000,3.55,3.6,3.5,3.5,1650,87650,34800,weekly,2022-8-4T21:00:00.000,options,put
139,1659526440000,3.5,3.55,3.4,3.4,2500,87650,34800,weekly,2022-8-4T21:00:00.000,options,put
140,1659526500000,3.35,3.55,3.35,3.5,675,87375,34800,weekly,2022-8-4T21:00:00.000,options,put
141,1659526560000,3.5,3.6,3.45,3.6,3100,87375,34800,weekly,2022-8-4T21:00:00.000,options,put
142,1659526620000,3.5,3.5,3.5,3.5,50,87375,34800,weekly,2022-8-4T21:00:00.000,options,put
143,1659526680000,3.5,3.65,3.45,3.6,3450,88700,34800,weekly,2022-8-4T21:00:00.000,options,put
144,1659526740000,3.6,3.65,3.55,3.55,2900,88700,34800,weekly,2022-8-4T21:00:00.000,options,put
145,1659526800000,3.55,3.7,3.55,3.7,1950,88700,34800,weekly,2022-8-4T21:00:00.000,options,put
146,1659526860000,3.7,3.75,3.7,3.75,2650,88525,34800,weekly,2022-8-4T21:00:00.000,options,put
147,1659526920000,3.75,3.8,3.75,3.8,100,88525,34800,weekly,2022-8-4T21:00:00.000,options,put
148,1659526980000,3.8,3.8,3.7,3.7,375,88525,34800,weekly,2022-8-4T21:00:00.000,options,put
149,1659527040000,3.7,3.75,3.7,3.7,1025,88425,34800,weekly,2022-8-4T21:00:00.000,options,put
150,1659527100000,3.7,3.85,3.7,3.85,2000,88425,34800,weekly,2022-8-4T21:00:00.000,options,put
151,1659527160000,4.0,4.25,4.0,4.15,3725,88425,34800,weekly,2022-8-4T21:00:00.000,options,put
152,1659527220000,4.15,4.15,3.95,4.05,2050,90050,34800,weekly,2022-8-4T21:00:00.000,options,put
153,1659527280000,4.0,4.05,3.75,3.75,5575,90050,34800,weekly,2022-8-4T21:00:00.000,options,put
154,1659527340000,3.8,3.8,3.65,3.65,1000,90050,34800,weekly,2022-8-4T21:00:00.000,options,put
155,1659527400000,3.6,3.65,3.6,3.65,1025,91550,34800,weekly,2022-8-4T21:00:00.000,options,put
156,1659527460000,3.65,3.65,3.65,3.65,200,91550,34800,weekly,2022-8-4T21:00:00.000,options,put
157,1659527520000,3.65,3.75,3.65,3.75,4550,91550,34800,weekly,2022-8-4T21:00:00.000,options,put
158,1659527580000,3.75,3.9,3.7,3.85,3400,88800,34800,weekly,2022-8-4T21:00:00.000,options,put
159,1659527640000,3.85,4.1,3.85,4.1,4975,88800,34800,weekly,2022-8-4T21:00:00.000,options,put
160,1659527700000,4.05,4.1,4.0,4.1,1975,88800,34800,weekly,2022-8-4T21:00:00.000,options,put
161,1659527760000,4.05,4.05,4.05,4.05,100,90325,34800,weekly,2022-8-4T21:00:00.000,options,put
162,1659527820000,4.0,4.0,3.95,3.95,700,90325,34800,weekly,2022-8-4T21:00:00.000,options,put
163,1659527880000,4.05,4.05,3.95,4.0,2475,90325,34800,weekly,2022-8-4T21:00:00.000,options,put
164,1659527940000,4.0,4.0,3.9,3.9,1150,90475,34800,weekly,2022-8-4T21:00:00.000,options,put
165,1659528000000,3.85,3.9,3.85,3.9,550,90475,34800,weekly,2022-8-4T21:00:00.000,options,put
166,1659528060000,3.9,3.9,3.85,3.85,325,90475,34800,weekly,2022-8-4T21:00:00.000,options,put
167,1659528120000,3.85,3.95,3.85,3.95,625,90475,34800,weekly,2022-8-4T21:00:00.000,options,put
168,1659528180000,3.9,3.9,3.8,3.8,3250,90600,34800,weekly,2022-8-4T21:00:00.000,options,put
169,1659528240000,3.8,3.85,3.75,3.85,1050,90600,34800,weekly,2022-8-4T21:00:00.000,options,put
170,1659528300000,3.85,3.85,3.7,3.7,1750,88675,34800,weekly,2022-8-4T21:00:00.000,options,put
171,1659528360000,3.7,3.75,3.7,3.7,1350,88675,34800,weekly,2022-8-4T21:00:00.000,options,put
172,1659528480000,3.7,3.7,3.6,3.65,800,88950,34800,weekly,2022-8-4T21:00:00.000,options,put
173,1659528540000,3.6,3.65,3.6,3.6,1350,88950,34800,weekly,2022-8-4T21:00:00.000,options,put
174,1659528600000,3.6,3.6,3.5,3.5,1400,88950,34800,weekly,2022-8-4T21:00:00.000,options,put
175,1659528660000,3.55,3.55,3.45,3.45,1600,88950,34800,weekly,2022-8-4T21:00:00.000,options,put
176,1659528720000,3.4,3.5,3.4,3.45,675,87550,34800,weekly,2022-8-4T21:00:00.000,options,put
177,1659528780000,3.45,3.5,3.4,3.4,750,87550,34800,weekly,2022-8-4T21:00:00.000,options,put
178,1659528840000,3.4,3.45,3.35,3.35,2725,87550,34800,weekly,2022-8-4T21:00:00.000,options,put
179,1659528900000,3.35,3.4,3.25,3.25,1950,85600,34800,weekly,2022-8-4T21:00:00.000,options,put
180,1659528960000,3.25,3.3,3.25,3.3,1500,85600,34800,weekly,2022-8-4T21:00:00.000,options,put
181,1659529020000,3.25,3.25,3.15,3.15,2925,81800,34800,weekly,2022-8-4T21:00:00.000,options,put
182,1659529080000,3.2,3.4,3.15,3.4,4250,81800,34800,weekly,2022-8-4T21:00:00.000,options,put
183,1659529140000,3.25,3.3,3.25,3.3,850,81800,34800,weekly,2022-8-4T21:00:00.000,options,put
184,1659529200000,3.25,3.4,3.2,3.35,4475,84450,34800,weekly,2022-8-4T21:00:00.000,options,put
185,1659529260000,3.35,3.45,3.35,3.4,850,84450,34800,weekly,2022-8-4T21:00:00.000,options,put
186,1659529320000,3.4,3.45,3.4,3.4,100,84450,34800,weekly,2022-8-4T21:00:00.000,options,put
187,1659529380000,3.5,3.55,3.45,3.55,450,85075,34800,weekly,2022-8-4T21:00:00.000,options,put
188,1659529440000,3.5,3.5,3.45,3.45,450,85075,34800,weekly,2022-8-4T21:00:00.000,options,put
189,1659529500000,3.4,3.4,3.25,3.3,2625,85075,34800,weekly,2022-8-4T21:00:00.000,options,put
190,1659529560000,3.3,3.3,3.15,3.15,2900,82675,34800,weekly,2022-8-4T21:00:00.000,options,put
191,1659529620000,3.15,3.2,3.1,3.2,1500,82675,34800,weekly,2022-8-4T21:00:00.000,options,put
192,1659529680000,3.2,3.3,3.2,3.2,825,82675,34800,weekly,2022-8-4T21:00:00.000,options,put
193,1659529740000,3.3,3.35,3.3,3.3,1825,80525,34800,weekly,2022-8-4T21:00:00.000,options,put
194,1659529800000,3.3,3.4,3.3,3.35,3100,80525,34800,weekly,2022-8-4T21:00:00.000,options,put
195,1659529860000,3.35,3.35,3.25,3.3,625,80525,34800,weekly,2022-8-4T21:00:00.000,options,put
196,1659529920000,3.35,3.45,3.35,3.45,4850,83475,34800,weekly,2022-8-4T21:00:00.000,options,put
197,1659529980000,3.45,3.5,3.35,3.5,2450,83475,34800,weekly,2022-8-4T21:00:00.000,options,put
198,1659530040000,3.45,3.45,3.4,3.45,300,83475,34800,weekly,2022-8-4T21:00:00.000,options,put
199,1659530100000,3.4,3.55,3.4,3.45,1700,84725,34800,weekly,2022-8-4T21:00:00.000,options,put
200,1659530160000,3.55,3.55,3.5,3.5,650,84725,34800,weekly,2022-8-4T21:00:00.000,options,put
201,1659530220000,3.5,3.55,3.4,3.4,1425,84725,34800,weekly,2022-8-4T21:00:00.000,options,put
202,1659530280000,3.4,3.45,3.2,3.4,4300,84725,34800,weekly,2022-8-4T21:00:00.000,options,put
203,1659530340000,3.4,3.4,3.4,3.4,300,87200,34800,weekly,2022-8-4T21:00:00.000,options,put
204,1659530400000,3.35,3.4,3.3,3.3,650,87200,34800,weekly,2022-8-4T21:00:00.000,options,put
205,1659530460000,3.35,3.45,3.25,3.4,2125,87200,34800,weekly,2022-8-4T21:00:00.000,options,put
206,1659530520000,3.45,3.5,3.4,3.4,1725,86825,34800,weekly,2022-8-4T21:00:00.000,options,put
207,1659530580000,3.35,3.45,3.35,3.4,500,86825,34800,weekly,2022-8-4T21:00:00.000,options,put
208,1659530640000,3.4,3.45,3.4,3.45,1000,86825,34800,weekly,2022-8-4T21:00:00.000,options,put
209,1659530700000,3.4,3.4,3.35,3.35,475,87175,34800,weekly,2022-8-4T21:00:00.000,options,put
210,1659530760000,3.35,3.4,3.35,3.35,525,87175,34800,weekly,2022-8-4T21:00:00.000,options,put
211,1659530820000,3.4,3.4,3.4,3.4,25,87175,34800,weekly,2022-8-4T21:00:00.000,options,put
212,1659530940000,3.4,3.45,3.35,3.35,3650,86850,34800,weekly,2022-8-4T21:00:00.000,options,put
213,1659531000000,3.35,3.35,3.2,3.35,4825,86850,34800,weekly,2022-8-4T21:00:00.000,options,put
214,1659531060000,3.25,3.3,3.2,3.3,2350,84725,34800,weekly,2022-8-4T21:00:00.000,options,put
215,1659531120000,3.25,3.25,3.25,3.25,200,84725,34800,weekly,2022-8-4T21:00:00.000,options,put
216,1659531180000,3.3,3.3,3.25,3.25,125,84725,34800,weekly,2022-8-4T21:00:00.000,options,put
217,1659531240000,3.3,3.35,3.25,3.25,2125,83900,34800,weekly,2022-8-4T21:00:00.000,options,put
218,1659531300000,3.3,3.4,3.25,3.35,2650,83900,34800,weekly,2022-8-4T21:00:00.000,options,put
219,1659531360000,3.3,3.4,3.25,3.35,2100,83900,34800,weekly,2022-8-4T21:00:00.000,options,put
220,1659531420000,3.35,3.4,3.25,3.4,1575,86325,34800,weekly,2022-8-4T21:00:00.000,options,put
221,1659531480000,3.4,3.4,3.35,3.4,4125,86325,34800,weekly,2022-8-4T21:00:00.000,options,put
222,1659531540000,3.4,3.4,3.4,3.4,1600,86325,34800,weekly,2022-8-4T21:00:00.000,options,put
223,1659531600000,3.4,3.45,3.35,3.4,1625,86425,34800,weekly,2022-8-4T21:00:00.000,options,put
224,1659531660000,3.35,3.35,3.35,3.35,275,86425,34800,weekly,2022-8-4T21:00:00.000,options,put
225,1659531720000,3.35,3.35,3.25,3.3,1975,86425,34800,weekly,2022-8-4T21:00:00.000,options,put
226,1659531780000,3.25,3.25,3.25,3.25,50,85500,34800,weekly,2022-8-4T21:00:00.000,options,put
227,1659531840000,3.25,3.25,3.2,3.2,525,85500,34800,weekly,2022-8-4T21:00:00.000,options,put
228,1659531900000,3.25,3.3,3.2,3.3,625,85500,34800,weekly,2022-8-4T21:00:00.000,options,put
229,1659531960000,3.25,3.3,3.2,3.2,600,85575,34800,weekly,2022-8-4T21:00:00.000,options,put
230,1659532020000,3.2,3.3,3.2,3.3,625,85575,34800,weekly,2022-8-4T21:00:00.000,options,put
231,1659532080000,3.25,3.25,3.25,3.25,500,85575,34800,weekly,2022-8-4T21:00:00.000,options,put
232,1659532140000,3.3,3.3,3.25,3.3,325,85875,34800,weekly,2022-8-4T21:00:00.000,options,put
233,1659532260000,3.3,3.3,3.3,3.3,100,85875,34800,weekly,2022-8-4T21:00:00.000,options,put
234,1659532380000,3.25,3.25,3.2,3.2,600,86000,34800,weekly,2022-8-4T21:00:00.000,options,put
235,1659532440000,3.15,3.2,3.15,3.2,1375,86000,34800,weekly,2022-8-4T21:00:00.000,options,put
236,1659532500000,3.2,3.2,3.1,3.1,1725,86975,34800,weekly,2022-8-4T21:00:00.000,options,put
237,1659532560000,3.1,3.1,3.1,3.1,850,86975,34800,weekly,2022-8-4T21:00:00.000,options,put
238,1659532620000,3.15,3.15,3.15,3.15,100,86975,34800,weekly,2022-8-4T21:00:00.000,options,put
239,1659532680000,3.15,3.15,3.15,3.15,100,86975,34800,weekly,2022-8-4T21:00:00.000,options,put
240,1659532740000,3.15,3.15,3.1,3.1,75,87225,34800,weekly,2022-8-4T21:00:00.000,options,put
241,1659532800000,3.2,3.2,3.15,3.15,500,87225,34800,weekly,2022-8-4T21:00:00.000,options,put
242,1659532860000,3.2,3.2,3.2,3.2,500,87325,34800,weekly,2022-8-4T21:00:00.000,options,put
243,1659532920000,3.2,3.25,3.2,3.25,425,87325,34800,weekly,2022-8-4T21:00:00.000,options,put
244,1659532980000,3.15,3.2,3.15,3.2,900,87325,34800,weekly,2022-8-4T21:00:00.000,options,put
245,1659533040000,3.15,3.15,3.15,3.15,50,88250,34800,weekly,2022-8-4T21:00:00.000,options,put
246,1659533100000,3.2,3.2,3.15,3.15,325,88250,34800,weekly,2022-8-4T21:00:00.000,options,put
247,1659533160000,3.15,3.15,3.15,3.15,50,88250,34800,weekly,2022-8-4T21:00:00.000,options,put
248,1659533220000,3.1,3.1,3.1,3.1,25,88400,34800,weekly,2022-8-4T21:00:00.000,options,put
249,1659533280000,3.1,3.1,3.05,3.05,2050,88400,34800,weekly,2022-8-4T21:00:00.000,options,put
250,1659533340000,3.15,3.15,3.15,3.15,1200,88400,34800,weekly,2022-8-4T21:00:00.000,options,put
251,1659533400000,3.1,3.15,3.1,3.15,1350,88225,34800,weekly,2022-8-4T21:00:00.000,options,put
252,1659533460000,3.15,3.15,3.15,3.15,825,88225,34800,weekly,2022-8-4T21:00:00.000,options,put
253,1659533520000,3.15,3.2,3.15,3.15,1100,88225,34800,weekly,2022-8-4T21:00:00.000,options,put
254,1659533580000,3.2,3.2,3.15,3.2,1000,86675,34800,weekly,2022-8-4T21:00:00.000,options,put
255,1659533640000,3.2,3.2,3.15,3.2,425,86675,34800,weekly,2022-8-4T21:00:00.000,options,put
256,1659533700000,3.1,3.15,3.1,3.15,175,86675,34800,weekly,2022-8-4T21:00:00.000,options,put
257,1659533760000,3.1,3.15,3.05,3.15,800,86150,34800,weekly,2022-8-4T21:00:00.000,options,put
258,1659533820000,3.15,3.15,3.15,3.15,200,86150,34800,weekly,2022-8-4T21:00:00.000,options,put
259,1659533880000,3.15,3.15,3.15,3.15,150,86150,34800,weekly,2022-8-4T21:00:00.000,options,put
260,1659533940000,3.15,3.15,3.15,3.15,25,86150,34800,weekly,2022-8-4T21:00:00.000,options,put
261,1659534000000,3.15,3.15,3.15,3.15,50,86725,34800,weekly,2022-8-4T21:00:00.000,options,put
262,1659534060000,3.15,3.2,3.15,3.2,950,86725,34800,weekly,2022-8-4T21:00:00.000,options,put
263,1659534120000,3.2,3.35,3.2,3.3,1875,86250,34800,weekly,2022-8-4T21:00:00.000,options,put
264,1659534180000,3.25,3.25,3.15,3.15,700,86250,34800,weekly,2022-8-4T21:00:00.000,options,put
265,1659534240000,3.2,3.2,3.1,3.15,1300,86250,34800,weekly,2022-8-4T21:00:00.000,options,put
266,1659534300000,3.15,3.2,3.15,3.2,150,86250,34800,weekly,2022-8-4T21:00:00.000,options,put
267,1659534360000,3.2,3.2,3.15,3.15,300,85975,34800,weekly,2022-8-4T21:00:00.000,options,put
268,1659534420000,3.15,3.2,3.15,3.2,100,85975,34800,weekly,2022-8-4T21:00:00.000,options,put
269,1659534480000,3.15,3.15,3.05,3.05,2650,85875,34800,weekly,2022-8-4T21:00:00.000,options,put
270,1659534540000,3.1,3.1,3.1,3.1,350,85875,34800,weekly,2022-8-4T21:00:00.000,options,put
271,1659534600000,3.05,3.05,3.05,3.05,225,85875,34800,weekly,2022-8-4T21:00:00.000,options,put
272,1659534660000,3.05,3.05,3.0,3.0,575,86200,34800,weekly,2022-8-4T21:00:00.000,options,put
273,1659534720000,3.0,3.05,3.0,3.05,700,86200,34800,weekly,2022-8-4T21:00:00.000,options,put
274,1659534780000,3.05,3.1,3.05,3.1,2200,86200,34800,weekly,2022-8-4T21:00:00.000,options,put
275,1659534840000,3.05,3.05,3.05,3.05,50,84925,34800,weekly,2022-8-4T21:00:00.000,options,put
276,1659534900000,3.05,3.1,3.05,3.1,200,84925,34800,weekly,2022-8-4T21:00:00.000,options,put
277,1659534960000,3.15,3.15,3.15,3.15,1000,84925,34800,weekly,2022-8-4T21:00:00.000,options,put
278,1659535020000,3.1,3.1,3.1,3.1,1250,85200,34800,weekly,2022-8-4T21:00:00.000,options,put
279,1659535080000,3.0,3.05,2.95,3.0,2275,85200,34800,weekly,2022-8-4T21:00:00.000,options,put
280,1659535140000,3.0,3.0,3.0,3.0,1100,85200,34800,weekly,2022-8-4T21:00:00.000,options,put
281,1659535200000,3.0,3.05,3.0,3.05,575,85425,34800,weekly,2022-8-4T21:00:00.000,options,put
282,1659535260000,3.0,3.05,3.0,3.05,225,85425,34800,weekly,2022-8-4T21:00:00.000,options,put
283,1659535380000,3.05,3.05,3.0,3.0,25,85450,34800,weekly,2022-8-4T21:00:00.000,options,put
284,1659535440000,3.0,3.05,2.95,3.0,2775,85450,34800,weekly,2022-8-4T21:00:00.000,options,put
285,1659535500000,3.0,3.0,2.95,2.95,925,85450,34800,weekly,2022-8-4T21:00:00.000,options,put
286,1659535620000,3.0,3.0,3.0,3.0,1175,84800,34800,weekly,2022-8-4T21:00:00.000,options,put
287,1659535680000,3.05,3.15,3.05,3.15,14775,84800,34800,weekly,2022-8-4T21:00:00.000,options,put
288,1659535740000,3.1,3.2,3.0,3.15,16400,91175,34800,weekly,2022-8-4T21:00:00.000,options,put
289,1659535800000,3.1,3.1,3.1,3.1,1200,91175,34800,weekly,2022-8-4T21:00:00.000,options,put
290,1659535860000,3.1,3.1,3.05,3.05,1975,91175,34800,weekly,2022-8-4T21:00:00.000,options,put
291,1659535920000,3.05,3.1,3.05,3.1,1425,99975,34800,weekly,2022-8-4T21:00:00.000,options,put
292,1659535980000,3.1,3.2,3.1,3.1,3475,99975,34800,weekly,2022-8-4T21:00:00.000,options,put
293,1659536040000,3.05,3.05,3.0,3.0,2625,99975,34800,weekly,2022-8-4T21:00:00.000,options,put
294,1659536100000,3.1,3.1,3.1,3.1,550,98975,34800,weekly,2022-8-4T21:00:00.000,options,put
295,1659536160000,3.15,3.15,3.1,3.1,75,98975,34800,weekly,2022-8-4T21:00:00.000,options,put
296,1659536220000,3.1,3.15,3.05,3.05,175,98975,34800,weekly,2022-8-4T21:00:00.000,options,put
297,1659536280000,3.05,3.05,3.05,3.05,25,98825,34800,weekly,2022-8-4T21:00:00.000,options,put
298,1659536340000,3.0,3.0,3.0,3.0,75,98825,34800,weekly,2022-8-4T21:00:00.000,options,put
299,1659536400000,3.05,3.1,3.05,3.1,1350,98825,34800,weekly,2022-8-4T21:00:00.000,options,put
300,1659536520000,3.0,3.05,3.0,3.05,375,99050,34800,weekly,2022-8-4T21:00:00.000,options,put
301,1659536580000,3.0,3.0,3.0,3.0,175,99050,34800,weekly,2022-8-4T21:00:00.000,options,put
302,1659536640000,3.0,3.0,3.0,3.0,950,99175,34800,weekly,2022-8-4T21:00:00.000,options,put
303,1659536760000,3.05,3.1,3.05,3.1,1275,99175,34800,weekly,2022-8-4T21:00:00.000,options,put
304,1659536820000,3.15,3.2,3.1,3.2,650,98200,34800,weekly,2022-8-4T21:00:00.000,options,put
305,1659536880000,3.2,3.2,3.15,3.15,550,98200,34800,weekly,2022-8-4T21:00:00.000,options,put
306,1659536940000,3.15,3.15,3.15,3.15,500,98200,34800,weekly,2022-8-4T21:00:00.000,options,put
307,1659537000000,3.2,3.25,3.15,3.2,2200,98250,34800,weekly,2022-8-4T21:00:00.000,options,put
308,1659537060000,3.2,3.3,3.2,3.3,2275,98250,34800,weekly,2022-8-4T21:00:00.000,options,put
309,1659537120000,3.3,3.3,3.25,3.25,350,98250,34800,weekly,2022-8-4T21:00:00.000,options,put
310,1659537180000,3.3,3.3,3.25,3.25,1625,98900,34800,weekly,2022-8-4T21:00:00.000,options,put
311,1659537240000,3.25,3.3,3.25,3.3,525,98900,34800,weekly,2022-8-4T21:00:00.000,options,put
312,1659537300000,3.25,3.25,3.2,3.2,325,98900,34800,weekly,2022-8-4T21:00:00.000,options,put
313,1659537360000,3.2,3.25,3.2,3.25,625,98425,34800,weekly,2022-8-4T21:00:00.000,options,put
314,1659537420000,3.2,3.25,3.2,3.25,750,98425,34800,weekly,2022-8-4T21:00:00.000,options,put
315,1659537480000,3.3,3.3,3.3,3.3,100,98425,34800,weekly,2022-8-4T21:00:00.000,options,put
316,1659537540000,3.25,3.25,3.15,3.15,1450,98950,34800,weekly,2022-8-4T21:00:00.000,options,put
317,1659537600000,3.15,3.2,3.15,3.2,3525,98950,34800,weekly,2022-8-4T21:00:00.000,options,put
318,1659537660000,3.2,3.2,3.0,3.0,5875,98950,34800,weekly,2022-8-4T21:00:00.000,options,put
319,1659537720000,3.0,3.05,3.0,3.05,1300,93025,34800,weekly,2022-8-4T21:00:00.000,options,put
320,1659537780000,3.05,3.05,3.0,3.05,975,93025,34800,weekly,2022-8-4T21:00:00.000,options,put
321,1659537840000,3.05,3.05,2.95,2.95,4175,93025,34800,weekly,2022-8-4T21:00:00.000,options,put
322,1659537900000,2.95,3.1,2.95,3.05,4100,91025,34800,weekly,2022-8-4T21:00:00.000,options,put
323,1659537960000,3.05,3.15,3.0,3.1,2175,91025,34800,weekly,2022-8-4T21:00:00.000,options,put
324,1659538080000,3.05,3.05,2.95,2.95,2225,92275,34800,weekly,2022-8-4T21:00:00.000,options,put
325,1659538140000,3.0,3.0,3.0,3.0,200,92275,34800,weekly,2022-8-4T21:00:00.000,options,put
326,1659538200000,2.9,2.95,2.85,2.85,1850,92275,34800,weekly,2022-8-4T21:00:00.000,options,put
327,1659538260000,2.8,2.85,2.75,2.75,1800,90350,34800,weekly,2022-8-4T21:00:00.000,options,put
328,1659538320000,2.8,2.9,2.8,2.85,1100,90350,34800,weekly,2022-8-4T21:00:00.000,options,put
329,1659538380000,2.9,2.9,2.9,2.9,525,90350,34800,weekly,2022-8-4T21:00:00.000,options,put
330,1659538440000,2.85,2.9,2.85,2.9,2025,90350,34800,weekly,2022-8-4T21:00:00.000,options,put
331,1659538500000,2.85,2.85,2.75,2.85,1275,91275,34800,weekly,2022-8-4T21:00:00.000,options,put
332,1659538560000,2.8,2.8,2.75,2.8,1375,91275,34800,weekly,2022-8-4T21:00:00.000,options,put
333,1659538620000,2.8,2.8,2.7,2.75,3825,90050,34800,weekly,2022-8-4T21:00:00.000,options,put
334,1659538680000,2.75,2.75,2.6,2.65,1850,90050,34800,weekly,2022-8-4T21:00:00.000,options,put
335,1659538740000,2.65,2.75,2.65,2.7,1200,90050,34800,weekly,2022-8-4T21:00:00.000,options,put
336,1659538800000,2.7,2.8,2.6,2.7,2975,87700,34800,weekly,2022-8-4T21:00:00.000,options,put
337,1659538860000,2.7,2.9,2.7,2.9,3875,87700,34800,weekly,2022-8-4T21:00:00.000,options,put
338,1659538920000,2.9,2.9,2.85,2.85,1825,87700,34800,weekly,2022-8-4T21:00:00.000,options,put
339,1659538980000,2.85,2.9,2.75,2.8,2775,88975,34800,weekly,2022-8-4T21:00:00.000,options,put
340,1659539040000,2.8,2.8,2.75,2.8,1500,88975,34800,weekly,2022-8-4T21:00:00.000,options,put
341,1659539100000,2.75,2.8,2.75,2.8,150,88975,34800,weekly,2022-8-4T21:00:00.000,options,put
342,1659539160000,2.8,2.85,2.75,2.8,2525,90175,34800,weekly,2022-8-4T21:00:00.000,options,put
343,1659539220000,2.75,2.8,2.75,2.75,300,90175,34800,weekly,2022-8-4T21:00:00.000,options,put
344,1659539280000,2.75,2.8,2.75,2.75,375,90175,34800,weekly,2022-8-4T21:00:00.000,options,put
345,1659539340000,2.75,2.75,2.65,2.65,1800,89900,34800,weekly,2022-8-4T21:00:00.000,options,put
346,1659539400000,2.65,2.7,2.65,2.65,2400,89900,34800,weekly,2022-8-4T21:00:00.000,options,put
347,1659539460000,2.65,2.65,2.65,2.65,450,89900,34800,weekly,2022-8-4T21:00:00.000,options,put
348,1659539520000,2.65,2.7,2.45,2.45,6050,87825,34800,weekly,2022-8-4T21:00:00.000,options,put
349,1659539580000,2.45,2.45,2.35,2.4,1875,87825,34800,weekly,2022-8-4T21:00:00.000,options,put
350,1659539640000,2.35,2.35,2.2,2.2,5350,87825,34800,weekly,2022-8-4T21:00:00.000,options,put
351,1659539700000,2.15,2.2,1.95,2.0,12750,82375,34800,weekly,2022-8-4T21:00:00.000,options,put
352,1659539760000,2.05,2.15,2.05,2.1,3900,82375,34800,weekly,2022-8-4T21:00:00.000,options,put
353,1659539820000,2.1,2.1,2.05,2.1,925,82375,34800,weekly,2022-8-4T21:00:00.000,options,put
354,1659539880000,2.05,2.2,2.05,2.2,1150,80950,34800,weekly,2022-8-4T21:00:00.000,options,put
355,1659539940000,2.2,2.2,2.1,2.1,900,80950,34800,weekly,2022-8-4T21:00:00.000,options,put
356,1659540000000,2.15,2.15,2.15,2.15,1000,80950,34800,weekly,2022-8-4T21:00:00.000,options,put
357,1659540060000,2.2,2.4,2.2,2.35,7300,81050,34800,weekly,2022-8-4T21:00:00.000,options,put
358,1659540120000,2.4,2.4,2.35,2.4,10125,81050,34800,weekly,2022-8-4T21:00:00.000,options,put
359,1659540180000,2.35,2.45,2.2,2.2,43225,81050,34800,weekly,2022-8-4T21:00:00.000,options,put
360,1659540240000,2.2,2.5,2.15,2.5,4700,70975,34800,weekly,2022-8-4T21:00:00.000,options,put
361,1659540300000,2.5,2.65,2.5,2.65,4150,70975,34800,weekly,2022-8-4T21:00:00.000,options,put
362,1659540360000,2.6,2.7,2.55,2.65,2300,70975,34800,weekly,2022-8-4T21:00:00.000,options,put
363,1659540420000,2.65,3.05,2.65,3.0,5700,69125,34800,weekly,2022-8-4T21:00:00.000,options,put
364,1659540480000,3.0,3.0,2.65,2.7,6150,69125,34800,weekly,2022-8-4T21:00:00.000,options,put
365,1659540540000,2.7,2.75,2.2,2.3,3025,69125,34800,weekly,2022-8-4T21:00:00.000,options,put
