,timestamp,open,high,low,close,volume,open_interest,strike,expiry_type,expiry,instrument,contract_type
0,1623316500000,291.6,294.35,275.8,279.2,2550,105075,15950,weekly,2021-6-10T21:00:00.000,options,put
1,1623316560000,272.6,275.05,272.6,275.05,225,105075,15950,weekly,2021-6-10T21:00:00.000,options,put
2,1623316620000,271.45,271.45,271.45,271.45,75,105225,15950,weekly,2021-6-10T21:00:00.000,options,put
3,1623316680000,271.45,271.45,268.0,268.0,450,105225,15950,weekly,2021-6-10T21:00:00.000,options,put
4,1623316740000,272.15,272.15,272.15,272.15,225,105225,15950,weekly,2021-6-10T21:00:00.000,options,put
5,1623316800000,275.0,283.5,275.0,283.5,1875,105300,15950,weekly,2021-6-10T21:00:00.000,options,put
6,1623316860000,282.0,282.0,282.0,282.0,75,105300,15950,weekly,2021-6-10T21:00:00.000,options,put
7,1623316920000,283.5,284.4,283.5,283.85,300,105300,15950,weekly,2021-6-10T21:00:00.000,options,put
8,1623316980000,274.25,274.6,274.25,274.6,300,105450,15950,weekly,2021-6-10T21:00:00.000,options,put
9,1623317040000,272.15,273.25,272.15,273.25,825,105450,15950,weekly,2021-6-10T21:00:00.000,options,put
10,1623317100000,273.05,275.4,270.3,275.4,975,105450,15950,weekly,2021-6-10T21:00:00.000,options,put
11,1623317160000,284.35,297.1,282.35,297.1,450,103950,15950,weekly,2021-6-10T21:00:00.000,options,put
12,1623317220000,300.9,308.45,300.55,300.55,825,103950,15950,weekly,2021-6-10T21:00:00.000,options,put
13,1623317280000,291.7,291.7,291.7,291.7,75,103950,15950,weekly,2021-6-10T21:00:00.000,options,put
14,1623317340000,278.35,282.0,278.35,282.0,1725,103575,15950,weekly,2021-6-10T21:00:00.000,options,put
15,1623317400000,282.0,282.0,270.9,272.7,1800,103575,15950,weekly,2021-6-10T21:00:00.000,options,put
16,1623317460000,271.75,271.75,270.4,270.4,150,103575,15950,weekly,2021-6-10T21:00:00.000,options,put
17,1623317520000,269.5,269.5,260.85,265.6,4725,103275,15950,weekly,2021-6-10T21:00:00.000,options,put
18,1623317580000,264.05,265.55,264.05,265.55,450,103275,15950,weekly,2021-6-10T21:00:00.000,options,put
19,1623317640000,261.2,261.2,261.2,261.2,75,103275,15950,weekly,2021-6-10T21:00:00.000,options,put
20,1623317940000,250.9,253.35,250.9,253.35,375,101100,15950,weekly,2021-6-10T21:00:00.000,options,put
21,1623318000000,255.9,255.9,253.8,253.8,225,101100,15950,weekly,2021-6-10T21:00:00.000,options,put
22,1623318120000,256.1,256.1,253.45,253.45,150,101325,15950,weekly,2021-6-10T21:00:00.000,options,put
23,1623318300000,254.45,254.45,254.45,254.45,225,101400,15950,weekly,2021-6-10T21:00:00.000,options,put
24,1623318420000,256.0,256.0,254.0,254.0,300,101400,15950,weekly,2021-6-10T21:00:00.000,options,put
25,1623318480000,257.35,257.35,257.35,257.35,150,101400,15950,weekly,2021-6-10T21:00:00.000,options,put
26,1623318540000,261.1,261.4,261.1,261.4,150,101400,15950,weekly,2021-6-10T21:00:00.000,options,put
27,1623318600000,257.0,257.0,257.0,257.0,150,101400,15950,weekly,2021-6-10T21:00:00.000,options,put
28,1623318660000,257.0,260.4,257.0,260.4,450,101475,15950,weekly,2021-6-10T21:00:00.000,options,put
29,1623318780000,260.4,260.4,260.4,260.4,150,101475,15950,weekly,2021-6-10T21:00:00.000,options,put
30,1623318840000,260.0,260.0,260.0,260.0,75,101325,15950,weekly,2021-6-10T21:00:00.000,options,put
31,1623319080000,258.0,258.2,258.0,258.2,150,101325,15950,weekly,2021-6-10T21:00:00.000,options,put
32,1623319140000,257.6,257.6,257.6,257.6,150,101325,15950,weekly,2021-6-10T21:00:00.000,options,put
33,1623319200000,254.0,254.0,254.0,254.0,150,101325,15950,weekly,2021-6-10T21:00:00.000,options,put
34,1623319320000,265.05,265.05,264.55,264.75,375,101325,15950,weekly,2021-6-10T21:00:00.000,options,put
35,1623319380000,267.7,267.7,264.75,264.9,300,101325,15950,weekly,2021-6-10T21:00:00.000,options,put
36,1623319440000,264.8,264.8,264.8,264.8,225,101325,15950,weekly,2021-6-10T21:00:00.000,options,put
37,1623319500000,267.0,267.5,267.0,267.5,675,101175,15950,weekly,2021-6-10T21:00:00.000,options,put
38,1623319560000,262.6,262.6,262.6,262.6,75,101175,15950,weekly,2021-6-10T21:00:00.000,options,put
39,1623319680000,262.6,262.6,262.6,262.6,75,100500,15950,weekly,2021-6-10T21:00:00.000,options,put
40,1623319800000,264.45,265.25,264.45,265.25,150,100500,15950,weekly,2021-6-10T21:00:00.000,options,put
41,1623319860000,265.95,265.95,265.95,265.95,225,100425,15950,weekly,2021-6-10T21:00:00.000,options,put
42,1623320100000,260.0,260.0,260.0,260.0,150,100350,15950,weekly,2021-6-10T21:00:00.000,options,put
43,1623320280000,260.5,260.5,260.5,260.5,150,100500,15950,weekly,2021-6-10T21:00:00.000,options,put
44,1623320400000,260.0,261.25,260.0,261.25,900,100650,15950,weekly,2021-6-10T21:00:00.000,options,put
45,1623320460000,257.5,257.5,255.0,255.0,450,100650,15950,weekly,2021-6-10T21:00:00.000,options,put
46,1623320520000,255.0,258.15,255.0,258.15,375,100650,15950,weekly,2021-6-10T21:00:00.000,options,put
47,1623320580000,257.0,257.0,249.2,249.25,900,99975,15950,weekly,2021-6-10T21:00:00.000,options,put
48,1623320700000,246.1,246.1,246.1,246.1,75,99975,15950,weekly,2021-6-10T21:00:00.000,options,put
49,1623320820000,248.1,248.1,248.1,248.1,75,99975,15950,weekly,2021-6-10T21:00:00.000,options,put
50,1623320940000,246.3,246.3,246.2,246.2,150,99975,15950,weekly,2021-6-10T21:00:00.000,options,put
51,1623321000000,249.9,249.9,249.9,249.9,75,99975,15950,weekly,2021-6-10T21:00:00.000,options,put
52,1623321180000,248.0,248.9,248.0,248.9,150,100050,15950,weekly,2021-6-10T21:00:00.000,options,put
53,1623321300000,248.0,250.15,248.0,250.15,150,100200,15950,weekly,2021-6-10T21:00:00.000,options,put
54,1623321420000,250.1,250.1,250.1,250.1,225,100200,15950,weekly,2021-6-10T21:00:00.000,options,put
55,1623321660000,247.3,248.0,247.3,248.0,150,100500,15950,weekly,2021-6-10T21:00:00.000,options,put
56,1623321720000,247.0,247.0,247.0,247.0,375,100500,15950,weekly,2021-6-10T21:00:00.000,options,put
57,1623321780000,246.95,246.95,243.6,244.0,750,100500,15950,weekly,2021-6-10T21:00:00.000,options,put
58,1623321840000,239.95,239.95,239.95,239.95,150,100500,15950,weekly,2021-6-10T21:00:00.000,options,put
59,1623321960000,245.8,246.1,245.8,246.1,900,99825,15950,weekly,2021-6-10T21:00:00.000,options,put
60,1623322200000,249.05,249.05,249.05,249.05,75,99525,15950,weekly,2021-6-10T21:00:00.000,options,put
61,1623322260000,247.3,247.3,247.3,247.3,75,99600,15950,weekly,2021-6-10T21:00:00.000,options,put
62,1623322440000,245.0,245.2,245.0,245.2,150,99600,15950,weekly,2021-6-10T21:00:00.000,options,put
63,1623322560000,248.75,248.75,248.75,248.75,75,99600,15950,weekly,2021-6-10T21:00:00.000,options,put
64,1623322800000,241.65,241.65,237.55,240.2,600,99600,15950,weekly,2021-6-10T21:00:00.000,options,put
65,1623322980000,246.45,247.4,244.8,245.85,2700,99300,15950,weekly,2021-6-10T21:00:00.000,options,put
66,1623323040000,245.2,250.7,245.2,250.7,300,99300,15950,weekly,2021-6-10T21:00:00.000,options,put
67,1623323100000,255.0,256.7,255.0,256.7,225,100425,15950,weekly,2021-6-10T21:00:00.000,options,put
68,1623323160000,261.5,261.5,254.95,254.95,525,100425,15950,weekly,2021-6-10T21:00:00.000,options,put
69,1623323220000,256.2,258.3,256.2,258.3,150,100425,15950,weekly,2021-6-10T21:00:00.000,options,put
70,1623323460000,260.0,260.0,260.0,260.0,225,100500,15950,weekly,2021-6-10T21:00:00.000,options,put
71,1623323520000,259.3,259.3,259.3,259.3,150,100650,15950,weekly,2021-6-10T21:00:00.000,options,put
72,1623323760000,255.1,257.15,255.1,257.15,225,100650,15950,weekly,2021-6-10T21:00:00.000,options,put
73,1623323820000,256.3,256.3,256.3,256.3,75,100650,15950,weekly,2021-6-10T21:00:00.000,options,put
74,1623324360000,252.6,252.6,252.6,252.6,75,100500,15950,weekly,2021-6-10T21:00:00.000,options,put
75,1623324420000,252.5,252.5,252.5,252.5,75,100500,15950,weekly,2021-6-10T21:00:00.000,options,put
76,1623324600000,253.6,253.6,253.6,253.6,75,100575,15950,weekly,2021-6-10T21:00:00.000,options,put
77,1623324660000,252.1,252.35,252.1,252.35,525,100575,15950,weekly,2021-6-10T21:00:00.000,options,put
78,1623324780000,249.2,249.2,249.2,249.2,75,100425,15950,weekly,2021-6-10T21:00:00.000,options,put
79,1623324840000,249.75,252.0,249.75,252.0,450,100425,15950,weekly,2021-6-10T21:00:00.000,options,put
80,1623324960000,247.1,247.1,247.1,247.1,75,100125,15950,weekly,2021-6-10T21:00:00.000,options,put
81,1623325020000,248.65,248.65,248.65,248.65,150,100125,15950,weekly,2021-6-10T21:00:00.000,options,put
82,1623325140000,250.5,250.5,250.5,250.5,75,100125,15950,weekly,2021-6-10T21:00:00.000,options,put
83,1623325320000,256.2,256.2,256.2,256.2,75,100125,15950,weekly,2021-6-10T21:00:00.000,options,put
84,1623325500000,246.15,246.15,244.95,244.95,150,100200,15950,weekly,2021-6-10T21:00:00.000,options,put
85,1623325980000,245.55,245.55,243.85,243.85,450,100200,15950,weekly,2021-6-10T21:00:00.000,options,put
86,1623326040000,243.85,243.85,241.5,241.75,300,99750,15950,weekly,2021-6-10T21:00:00.000,options,put
87,1623326100000,244.05,246.65,244.05,246.65,375,99750,15950,weekly,2021-6-10T21:00:00.000,options,put
88,1623326280000,238.8,239.45,238.8,239.45,300,99825,15950,weekly,2021-6-10T21:00:00.000,options,put
89,1623326340000,240.6,240.6,238.9,238.9,225,99825,15950,weekly,2021-6-10T21:00:00.000,options,put
90,1623326400000,233.55,233.55,216.65,216.65,1725,99900,15950,weekly,2021-6-10T21:00:00.000,options,put
91,1623326460000,216.65,227.65,213.6,227.45,1200,99900,15950,weekly,2021-6-10T21:00:00.000,options,put
92,1623326520000,224.6,224.6,224.6,224.6,300,99900,15950,weekly,2021-6-10T21:00:00.000,options,put
93,1623326580000,226.55,226.55,226.35,226.35,150,99675,15950,weekly,2021-6-10T21:00:00.000,options,put
94,1623326640000,229.2,229.2,229.2,229.2,75,99675,15950,weekly,2021-6-10T21:00:00.000,options,put
95,1623326700000,231.2,232.2,231.2,232.2,150,99675,15950,weekly,2021-6-10T21:00:00.000,options,put
96,1623326760000,227.5,227.95,227.5,227.95,150,99750,15950,weekly,2021-6-10T21:00:00.000,options,put
97,1623326820000,221.7,221.7,221.7,221.7,75,99750,15950,weekly,2021-6-10T21:00:00.000,options,put
98,1623326880000,221.7,222.7,221.7,222.7,225,99750,15950,weekly,2021-6-10T21:00:00.000,options,put
99,1623326940000,222.9,224.15,222.9,224.15,375,99900,15950,weekly,2021-6-10T21:00:00.000,options,put
100,1623327000000,222.45,223.2,222.35,223.2,375,99900,15950,weekly,2021-6-10T21:00:00.000,options,put
101,1623327060000,226.35,226.35,226.35,226.35,75,99900,15950,weekly,2021-6-10T21:00:00.000,options,put
102,1623327120000,224.95,225.75,224.35,224.75,525,99375,15950,weekly,2021-6-10T21:00:00.000,options,put
103,1623327180000,230.6,231.5,230.0,230.65,375,99375,15950,weekly,2021-6-10T21:00:00.000,options,put
104,1623327240000,229.9,229.9,229.9,229.9,75,99375,15950,weekly,2021-6-10T21:00:00.000,options,put
105,1623327300000,229.65,229.65,229.65,229.65,75,99000,15950,weekly,2021-6-10T21:00:00.000,options,put
106,1623327540000,228.0,228.0,228.0,228.0,75,99075,15950,weekly,2021-6-10T21:00:00.000,options,put
107,1623327600000,227.25,229.2,227.25,229.2,375,99075,15950,weekly,2021-6-10T21:00:00.000,options,put
108,1623327720000,233.55,233.55,233.0,233.0,300,99375,15950,weekly,2021-6-10T21:00:00.000,options,put
109,1623327780000,234.8,235.95,233.9,233.9,525,99375,15950,weekly,2021-6-10T21:00:00.000,options,put
110,1623327840000,232.15,232.15,230.4,230.4,225,99000,15950,weekly,2021-6-10T21:00:00.000,options,put
111,1623327900000,234.5,234.5,234.45,234.45,375,99000,15950,weekly,2021-6-10T21:00:00.000,options,put
112,1623328080000,235.1,236.35,235.1,236.15,1350,99075,15950,weekly,2021-6-10T21:00:00.000,options,put
113,1623328140000,240.35,246.0,239.95,242.65,1350,99075,15950,weekly,2021-6-10T21:00:00.000,options,put
114,1623328200000,241.4,241.4,239.7,239.7,375,98850,15950,weekly,2021-6-10T21:00:00.000,options,put
115,1623328260000,242.85,242.85,242.85,242.85,300,98850,15950,weekly,2021-6-10T21:00:00.000,options,put
116,1623328320000,241.75,243.6,241.25,243.6,750,98850,15950,weekly,2021-6-10T21:00:00.000,options,put
117,1623328380000,242.85,244.05,242.85,244.05,300,98925,15950,weekly,2021-6-10T21:00:00.000,options,put
118,1623328440000,240.85,240.85,240.85,240.85,375,98925,15950,weekly,2021-6-10T21:00:00.000,options,put
119,1623328500000,238.05,238.05,238.05,238.05,225,98925,15950,weekly,2021-6-10T21:00:00.000,options,put
120,1623328560000,230.1,230.1,230.1,230.1,450,99000,15950,weekly,2021-6-10T21:00:00.000,options,put
121,1623328680000,235.85,235.85,235.85,235.85,75,99000,15950,weekly,2021-6-10T21:00:00.000,options,put
122,1623328740000,235.6,235.6,234.6,234.6,225,98850,15950,weekly,2021-6-10T21:00:00.000,options,put
123,1623328800000,237.25,237.25,237.25,237.25,225,98850,15950,weekly,2021-6-10T21:00:00.000,options,put
124,1623328860000,238.45,247.25,238.45,247.25,2550,98850,15950,weekly,2021-6-10T21:00:00.000,options,put
125,1623328920000,248.4,257.8,246.9,254.85,2925,98850,15950,weekly,2021-6-10T21:00:00.000,options,put
126,1623328980000,254.4,263.65,253.8,263.55,1500,98850,15950,weekly,2021-6-10T21:00:00.000,options,put
127,1623329040000,257.65,257.65,255.85,255.85,300,98850,15950,weekly,2021-6-10T21:00:00.000,options,put
128,1623329100000,253.95,261.2,253.95,259.25,900,98400,15950,weekly,2021-6-10T21:00:00.000,options,put
129,1623329160000,260.4,260.4,250.95,252.1,525,98400,15950,weekly,2021-6-10T21:00:00.000,options,put
130,1623329220000,252.45,256.55,252.45,253.15,675,98400,15950,weekly,2021-6-10T21:00:00.000,options,put
131,1623329280000,253.15,254.1,253.15,254.1,375,98550,15950,weekly,2021-6-10T21:00:00.000,options,put
132,1623329400000,247.85,248.55,247.7,248.55,525,98550,15950,weekly,2021-6-10T21:00:00.000,options,put
133,1623329460000,247.8,247.8,247.8,247.8,75,98550,15950,weekly,2021-6-10T21:00:00.000,options,put
134,1623329520000,247.8,247.8,247.8,247.8,150,98850,15950,weekly,2021-6-10T21:00:00.000,options,put
135,1623329580000,251.9,251.9,251.9,251.9,75,98850,15950,weekly,2021-6-10T21:00:00.000,options,put
136,1623329640000,254.95,257.55,254.95,256.6,750,98775,15950,weekly,2021-6-10T21:00:00.000,options,put
137,1623329760000,252.15,252.15,252.15,252.15,75,98775,15950,weekly,2021-6-10T21:00:00.000,options,put
138,1623329820000,247.85,250.25,247.85,250.25,150,98700,15950,weekly,2021-6-10T21:00:00.000,options,put
139,1623329880000,249.8,253.05,249.8,253.05,450,98700,15950,weekly,2021-6-10T21:00:00.000,options,put
140,1623330000000,259.25,259.25,254.8,254.8,525,98550,15950,weekly,2021-6-10T21:00:00.000,options,put
141,1623330060000,259.5,260.9,250.7,250.7,975,98550,15950,weekly,2021-6-10T21:00:00.000,options,put
142,1623330120000,248.7,248.7,239.8,241.5,1350,98550,15950,weekly,2021-6-10T21:00:00.000,options,put
143,1623330180000,245.7,247.8,245.55,247.8,300,98550,15950,weekly,2021-6-10T21:00:00.000,options,put
144,1623330240000,248.9,248.9,248.9,248.9,75,99075,15950,weekly,2021-6-10T21:00:00.000,options,put
145,1623330300000,242.55,243.9,242.55,243.9,225,99075,15950,weekly,2021-6-10T21:00:00.000,options,put
146,1623330360000,247.1,247.1,247.1,247.1,75,98850,15950,weekly,2021-6-10T21:00:00.000,options,put
147,1623330480000,245.05,245.05,245.05,245.05,75,98850,15950,weekly,2021-6-10T21:00:00.000,options,put
148,1623330540000,243.2,243.2,243.2,243.2,300,98925,15950,weekly,2021-6-10T21:00:00.000,options,put
149,1623330600000,241.75,242.5,241.75,242.5,525,98925,15950,weekly,2021-6-10T21:00:00.000,options,put
150,1623330660000,247.7,250.85,247.65,247.65,525,98925,15950,weekly,2021-6-10T21:00:00.000,options,put
151,1623330780000,243.85,247.8,243.85,247.8,300,99075,15950,weekly,2021-6-10T21:00:00.000,options,put
152,1623330840000,249.2,249.2,249.2,249.2,150,99075,15950,weekly,2021-6-10T21:00:00.000,options,put
153,1623330900000,247.9,247.9,244.4,244.4,225,99075,15950,weekly,2021-6-10T21:00:00.000,options,put
154,1623330960000,248.1,248.1,246.2,247.65,600,99075,15950,weekly,2021-6-10T21:00:00.000,options,put
155,1623331020000,246.5,247.1,244.15,244.15,1125,99075,15950,weekly,2021-6-10T21:00:00.000,options,put
156,1623331080000,244.25,244.25,243.45,243.75,375,98700,15950,weekly,2021-6-10T21:00:00.000,options,put
157,1623331140000,245.9,245.9,220.25,220.25,2925,98700,15950,weekly,2021-6-10T21:00:00.000,options,put
158,1623331200000,218.35,227.65,217.0,227.3,3450,98700,15950,weekly,2021-6-10T21:00:00.000,options,put
159,1623331260000,224.2,224.2,224.2,224.2,75,98625,15950,weekly,2021-6-10T21:00:00.000,options,put
160,1623331320000,231.7,231.7,231.7,231.7,75,98625,15950,weekly,2021-6-10T21:00:00.000,options,put
161,1623331440000,225.6,226.25,225.6,226.25,150,98550,15950,weekly,2021-6-10T21:00:00.000,options,put
162,1623331500000,219.7,226.35,219.7,226.35,825,98550,15950,weekly,2021-6-10T21:00:00.000,options,put
163,1623331560000,223.75,223.75,223.75,223.75,75,98550,15950,weekly,2021-6-10T21:00:00.000,options,put
164,1623331620000,223.2,230.25,223.2,230.25,300,98175,15950,weekly,2021-6-10T21:00:00.000,options,put
165,1623331680000,224.55,225.15,224.55,225.15,75,98175,15950,weekly,2021-6-10T21:00:00.000,options,put
166,1623331740000,225.15,225.15,225.15,225.15,150,98175,15950,weekly,2021-6-10T21:00:00.000,options,put
167,1623331800000,223.9,223.9,223.9,223.9,150,98175,15950,weekly,2021-6-10T21:00:00.000,options,put
168,1623331860000,230.0,230.95,227.25,227.25,225,98250,15950,weekly,2021-6-10T21:00:00.000,options,put
169,1623331920000,227.25,227.25,225.7,225.7,225,98250,15950,weekly,2021-6-10T21:00:00.000,options,put
170,1623331980000,224.0,224.0,224.0,224.0,75,98175,15950,weekly,2021-6-10T21:00:00.000,options,put
171,1623332040000,225.55,225.55,225.55,225.55,225,98175,15950,weekly,2021-6-10T21:00:00.000,options,put
172,1623332100000,227.1,230.85,227.1,228.95,525,98175,15950,weekly,2021-6-10T21:00:00.000,options,put
173,1623332160000,228.95,228.95,225.7,226.0,525,97950,15950,weekly,2021-6-10T21:00:00.000,options,put
174,1623332220000,228.75,228.75,225.85,225.85,825,97950,15950,weekly,2021-6-10T21:00:00.000,options,put
175,1623332280000,226.7,226.7,226.7,226.7,75,97950,15950,weekly,2021-6-10T21:00:00.000,options,put
176,1623332340000,227.95,227.95,227.95,227.95,75,98475,15950,weekly,2021-6-10T21:00:00.000,options,put
177,1623332400000,223.2,225.65,222.8,225.65,675,98475,15950,weekly,2021-6-10T21:00:00.000,options,put
178,1623332460000,227.2,232.0,227.2,230.5,1125,98475,15950,weekly,2021-6-10T21:00:00.000,options,put
179,1623332520000,231.35,248.25,231.05,239.0,3825,98775,15950,weekly,2021-6-10T21:00:00.000,options,put
180,1623332580000,239.0,239.0,238.0,238.0,1125,98775,15950,weekly,2021-6-10T21:00:00.000,options,put
181,1623332640000,241.15,241.15,241.15,241.15,150,98775,15950,weekly,2021-6-10T21:00:00.000,options,put
182,1623332700000,241.25,243.9,232.35,233.7,1350,99375,15950,weekly,2021-6-10T21:00:00.000,options,put
183,1623332760000,234.85,234.85,234.85,234.85,75,99375,15950,weekly,2021-6-10T21:00:00.000,options,put
184,1623332820000,233.5,233.5,233.5,233.5,75,99375,15950,weekly,2021-6-10T21:00:00.000,options,put
185,1623332880000,229.1,229.1,203.6,211.75,8475,99075,15950,weekly,2021-6-10T21:00:00.000,options,put
186,1623332940000,215.0,224.15,214.65,224.15,2625,99075,15950,weekly,2021-6-10T21:00:00.000,options,put
187,1623333000000,224.15,224.15,220.0,220.0,75,99075,15950,weekly,2021-6-10T21:00:00.000,options,put
188,1623333060000,220.0,220.0,219.7,219.7,300,99075,15950,weekly,2021-6-10T21:00:00.000,options,put
189,1623333120000,229.0,232.25,225.0,225.0,1275,99150,15950,weekly,2021-6-10T21:00:00.000,options,put
190,1623333180000,225.65,228.5,225.65,227.0,1275,99150,15950,weekly,2021-6-10T21:00:00.000,options,put
191,1623333300000,223.65,223.65,223.65,223.65,375,100275,15950,weekly,2021-6-10T21:00:00.000,options,put
192,1623333360000,226.95,227.95,226.95,227.95,150,100275,15950,weekly,2021-6-10T21:00:00.000,options,put
193,1623333540000,225.4,225.4,223.5,223.5,450,100425,15950,weekly,2021-6-10T21:00:00.000,options,put
194,1623333600000,235.55,238.55,230.4,230.4,825,99525,15950,weekly,2021-6-10T21:00:00.000,options,put
195,1623333660000,230.1,230.1,230.1,230.1,75,99525,15950,weekly,2021-6-10T21:00:00.000,options,put
196,1623333720000,233.75,233.75,233.75,233.75,75,99525,15950,weekly,2021-6-10T21:00:00.000,options,put
197,1623333780000,229.05,229.65,229.05,229.65,150,99300,15950,weekly,2021-6-10T21:00:00.000,options,put
198,1623333840000,228.35,228.35,228.35,228.35,75,99300,15950,weekly,2021-6-10T21:00:00.000,options,put
199,1623333900000,224.4,226.0,222.6,226.0,600,99300,15950,weekly,2021-6-10T21:00:00.000,options,put
200,1623333960000,228.75,232.65,228.75,232.65,75,99150,15950,weekly,2021-6-10T21:00:00.000,options,put
201,1623334020000,232.65,232.65,232.65,232.65,300,99150,15950,weekly,2021-6-10T21:00:00.000,options,put
202,1623334080000,232.4,232.4,229.3,232.2,525,99150,15950,weekly,2021-6-10T21:00:00.000,options,put
203,1623334140000,232.2,232.2,230.0,230.0,225,99675,15950,weekly,2021-6-10T21:00:00.000,options,put
204,1623334200000,225.35,225.35,225.35,225.35,450,99675,15950,weekly,2021-6-10T21:00:00.000,options,put
205,1623334260000,228.35,228.35,228.35,228.35,600,99675,15950,weekly,2021-6-10T21:00:00.000,options,put
206,1623334380000,225.65,225.65,225.65,225.65,75,99825,15950,weekly,2021-6-10T21:00:00.000,options,put
207,1623334440000,226.45,226.45,222.15,222.15,600,99825,15950,weekly,2021-6-10T21:00:00.000,options,put
208,1623334500000,229.2,229.2,229.2,229.2,300,99825,15950,weekly,2021-6-10T21:00:00.000,options,put
209,1623334560000,229.2,229.2,229.2,229.2,75,99900,15950,weekly,2021-6-10T21:00:00.000,options,put
210,1623334740000,219.85,219.85,209.7,212.65,1650,99975,15950,weekly,2021-6-10T21:00:00.000,options,put
211,1623334800000,217.55,217.55,207.2,207.4,600,99975,15950,weekly,2021-6-10T21:00:00.000,options,put
212,1623334860000,211.85,214.2,211.65,213.0,1125,100350,15950,weekly,2021-6-10T21:00:00.000,options,put
213,1623334980000,210.75,211.25,208.5,211.15,1350,100350,15950,weekly,2021-6-10T21:00:00.000,options,put
214,1623335040000,211.1,211.1,211.1,211.1,75,100350,15950,weekly,2021-6-10T21:00:00.000,options,put
215,1623335100000,213.0,213.0,211.85,211.85,825,100350,15950,weekly,2021-6-10T21:00:00.000,options,put
216,1623335160000,216.2,216.2,216.2,216.2,150,100350,15950,weekly,2021-6-10T21:00:00.000,options,put
217,1623335220000,216.3,216.3,216.3,216.3,75,100350,15950,weekly,2021-6-10T21:00:00.000,options,put
218,1623335280000,212.8,217.5,212.8,216.4,900,100650,15950,weekly,2021-6-10T21:00:00.000,options,put
219,1623335340000,219.35,219.35,218.35,218.35,750,100650,15950,weekly,2021-6-10T21:00:00.000,options,put
220,1623335400000,215.0,215.0,213.05,213.05,300,100650,15950,weekly,2021-6-10T21:00:00.000,options,put
221,1623335460000,215.3,219.1,215.2,215.2,1125,100725,15950,weekly,2021-6-10T21:00:00.000,options,put
222,1623335520000,218.2,220.5,218.2,219.9,450,100725,15950,weekly,2021-6-10T21:00:00.000,options,put
223,1623335580000,224.3,224.3,219.5,219.5,300,100800,15950,weekly,2021-6-10T21:00:00.000,options,put
224,1623335640000,221.1,221.1,214.45,214.45,750,100800,15950,weekly,2021-6-10T21:00:00.000,options,put
225,1623335700000,213.5,213.5,208.0,208.0,1725,100800,15950,weekly,2021-6-10T21:00:00.000,options,put
226,1623335760000,206.85,209.0,206.8,209.0,825,99975,15950,weekly,2021-6-10T21:00:00.000,options,put
227,1623335820000,207.4,209.0,207.4,209.0,225,99975,15950,weekly,2021-6-10T21:00:00.000,options,put
228,1623335880000,207.0,207.0,207.0,207.0,75,99975,15950,weekly,2021-6-10T21:00:00.000,options,put
229,1623335940000,205.3,209.65,205.3,209.65,1200,99975,15950,weekly,2021-6-10T21:00:00.000,options,put
230,1623336000000,211.65,211.65,206.75,207.2,450,100500,15950,weekly,2021-6-10T21:00:00.000,options,put
231,1623336060000,206.9,208.85,205.05,208.85,1350,100500,15950,weekly,2021-6-10T21:00:00.000,options,put
232,1623336120000,210.7,210.7,209.05,209.1,300,100200,15950,weekly,2021-6-10T21:00:00.000,options,put
233,1623336180000,206.55,207.65,205.3,207.5,1200,100200,15950,weekly,2021-6-10T21:00:00.000,options,put
234,1623336240000,208.4,208.5,207.15,207.15,375,100200,15950,weekly,2021-6-10T21:00:00.000,options,put
235,1623336300000,207.15,214.7,207.15,212.55,975,100050,15950,weekly,2021-6-10T21:00:00.000,options,put
236,1623336360000,212.55,212.55,199.3,200.0,4200,100050,15950,weekly,2021-6-10T21:00:00.000,options,put
237,1623336420000,198.9,202.55,196.8,202.55,4125,100050,15950,weekly,2021-6-10T21:00:00.000,options,put
238,1623336480000,207.0,208.0,207.0,208.0,225,100050,15950,weekly,2021-6-10T21:00:00.000,options,put
239,1623336540000,212.55,221.4,212.55,213.65,5175,99075,15950,weekly,2021-6-10T21:00:00.000,options,put
240,1623336600000,216.95,216.95,212.1,212.1,450,99075,15950,weekly,2021-6-10T21:00:00.000,options,put
241,1623336660000,210.9,211.65,210.9,211.65,450,99075,15950,weekly,2021-6-10T21:00:00.000,options,put
242,1623336720000,217.0,218.55,215.75,218.35,900,99825,15950,weekly,2021-6-10T21:00:00.000,options,put
243,1623336780000,217.5,217.5,213.5,213.9,1125,99825,15950,weekly,2021-6-10T21:00:00.000,options,put
244,1623336840000,218.45,221.6,217.3,218.0,1800,99900,15950,weekly,2021-6-10T21:00:00.000,options,put
245,1623336900000,220.0,220.0,220.0,220.0,450,99900,15950,weekly,2021-6-10T21:00:00.000,options,put
246,1623336960000,220.85,223.3,217.95,223.3,525,99900,15950,weekly,2021-6-10T21:00:00.000,options,put
247,1623337020000,223.3,225.0,222.3,223.7,1650,99750,15950,weekly,2021-6-10T21:00:00.000,options,put
248,1623337080000,220.3,220.3,216.85,218.55,1425,99750,15950,weekly,2021-6-10T21:00:00.000,options,put
249,1623337140000,216.1,221.6,216.1,221.1,1950,99750,15950,weekly,2021-6-10T21:00:00.000,options,put
250,1623337200000,220.5,221.25,214.0,214.0,1350,100350,15950,weekly,2021-6-10T21:00:00.000,options,put
251,1623337260000,214.0,214.0,210.05,210.05,1125,100350,15950,weekly,2021-6-10T21:00:00.000,options,put
252,1623337320000,209.4,214.1,207.85,214.1,600,100350,15950,weekly,2021-6-10T21:00:00.000,options,put
253,1623337380000,214.6,216.8,213.0,215.05,3075,100425,15950,weekly,2021-6-10T21:00:00.000,options,put
254,1623337440000,214.85,214.85,208.0,208.0,975,100425,15950,weekly,2021-6-10T21:00:00.000,options,put
255,1623337500000,208.0,210.0,207.5,207.5,4050,100425,15950,weekly,2021-6-10T21:00:00.000,options,put
256,1623337560000,205.6,208.05,205.25,208.05,900,100425,15950,weekly,2021-6-10T21:00:00.000,options,put
257,1623337620000,204.7,207.5,204.7,206.1,3225,97875,15950,weekly,2021-6-10T21:00:00.000,options,put
258,1623337680000,206.1,206.1,206.05,206.05,2775,97875,15950,weekly,2021-6-10T21:00:00.000,options,put
259,1623337740000,204.3,204.9,204.3,204.6,375,100200,15950,weekly,2021-6-10T21:00:00.000,options,put
260,1623337800000,204.6,204.6,203.25,203.25,450,100200,15950,weekly,2021-6-10T21:00:00.000,options,put
261,1623337860000,209.05,210.75,208.4,210.4,750,100200,15950,weekly,2021-6-10T21:00:00.000,options,put
262,1623337920000,208.2,208.2,208.2,208.2,2400,100200,15950,weekly,2021-6-10T21:00:00.000,options,put
263,1623338040000,214.45,215.35,214.45,215.05,1125,97800,15950,weekly,2021-6-10T21:00:00.000,options,put
264,1623338100000,215.2,215.2,212.7,212.7,1950,97800,15950,weekly,2021-6-10T21:00:00.000,options,put
265,1623338160000,212.25,212.25,211.85,211.85,225,96900,15950,weekly,2021-6-10T21:00:00.000,options,put
266,1623338220000,213.95,213.95,213.55,213.55,150,96900,15950,weekly,2021-6-10T21:00:00.000,options,put
267,1623338340000,213.95,213.95,213.75,213.75,150,96600,15950,weekly,2021-6-10T21:00:00.000,options,put
268,1623338400000,213.05,214.0,212.6,213.9,3750,96600,15950,weekly,2021-6-10T21:00:00.000,options,put
269,1623338460000,213.9,213.9,211.3,211.3,450,96600,15950,weekly,2021-6-10T21:00:00.000,options,put
270,1623338520000,212.35,212.35,211.35,211.35,1275,94425,15950,weekly,2021-6-10T21:00:00.000,options,put
271,1623338580000,211.65,211.9,211.65,211.9,375,94425,15950,weekly,2021-6-10T21:00:00.000,options,put
272,1623338640000,212.0,212.0,212.0,212.0,75,94425,15950,weekly,2021-6-10T21:00:00.000,options,put
273,1623338700000,211.35,211.35,211.05,211.05,300,92925,15950,weekly,2021-6-10T21:00:00.000,options,put
274,1623338760000,211.6,211.6,211.6,211.6,300,92925,15950,weekly,2021-6-10T21:00:00.000,options,put
275,1623338820000,212.0,212.1,212.0,212.1,375,92700,15950,weekly,2021-6-10T21:00:00.000,options,put
276,1623338880000,212.3,212.3,212.3,212.3,75,92700,15950,weekly,2021-6-10T21:00:00.000,options,put
277,1623338940000,212.5,212.5,212.5,212.5,75,92700,15950,weekly,2021-6-10T21:00:00.000,options,put
