,timestamp,open,high,low,close,volume,open_interest,strike,expiry_type,expiry,instrument,contract_type
0,1644378300000,1165.9,1185.7,1150.55,1173.85,175,43350,39400,weekly,2022-2-10T21:00:00.000,options,put
1,1644378360000,1134.5,1134.5,1110.9,1110.9,50,43350,39400,weekly,2022-2-10T21:00:00.000,options,put
2,1644378480000,1072.65,1091.3,1072.65,1091.3,50,43375,39400,weekly,2022-2-10T21:00:00.000,options,put
3,1644378540000,1120.45,1127.0,1119.15,1119.15,225,43375,39400,weekly,2022-2-10T21:00:00.000,options,put
4,1644378600000,1137.45,1138.65,1137.45,1138.0,100,43350,39400,weekly,2022-2-10T21:00:00.000,options,put
5,1644378660000,1148.0,1148.0,1148.0,1148.0,25,43350,39400,weekly,2022-2-10T21:00:00.000,options,put
6,1644378720000,1168.0,1168.0,1130.0,1130.0,325,43350,39400,weekly,2022-2-10T21:00:00.000,options,put
7,1644378840000,1050.0,1050.0,1046.05,1046.05,100,43575,39400,weekly,2022-2-10T21:00:00.000,options,put
8,1644378900000,1045.0,1045.0,1013.8,1020.65,300,43575,39400,weekly,2022-2-10T21:00:00.000,options,put
9,1644378960000,1021.75,1021.75,1021.75,1021.75,25,43450,39400,weekly,2022-2-10T21:00:00.000,options,put
10,1644379080000,1023.15,1023.15,1011.65,1020.05,75,43450,39400,weekly,2022-2-10T21:00:00.000,options,put
11,1644379140000,1028.45,1029.3,1005.95,1005.95,325,43525,39400,weekly,2022-2-10T21:00:00.000,options,put
12,1644379200000,1001.05,1016.4,1001.05,1016.4,25,43525,39400,weekly,2022-2-10T21:00:00.000,options,put
13,1644379260000,1016.4,1017.0,1011.45,1011.45,125,43525,39400,weekly,2022-2-10T21:00:00.000,options,put
14,1644379380000,974.3,974.3,974.3,974.3,50,43625,39400,weekly,2022-2-10T21:00:00.000,options,put
15,1644379440000,980.0,1006.6,980.0,1005.4,150,43625,39400,weekly,2022-2-10T21:00:00.000,options,put
16,1644379500000,1005.4,1005.4,1005.4,1005.4,25,43625,39400,weekly,2022-2-10T21:00:00.000,options,put
17,1644379560000,980.0,980.0,973.0,973.0,50,43725,39400,weekly,2022-2-10T21:00:00.000,options,put
18,1644379620000,968.45,970.85,968.45,970.85,75,43725,39400,weekly,2022-2-10T21:00:00.000,options,put
19,1644379680000,1007.95,1040.5,1007.95,1040.5,200,43775,39400,weekly,2022-2-10T21:00:00.000,options,put
20,1644379740000,1040.85,1040.85,1040.85,1040.85,25,43775,39400,weekly,2022-2-10T21:00:00.000,options,put
21,1644379800000,1004.75,1005.4,1000.25,1005.4,225,43775,39400,weekly,2022-2-10T21:00:00.000,options,put
22,1644379860000,1029.55,1029.55,1029.55,1029.55,50,43775,39400,weekly,2022-2-10T21:00:00.000,options,put
23,1644379920000,1023.4,1040.6,1023.4,1040.6,100,43700,39400,weekly,2022-2-10T21:00:00.000,options,put
24,1644380100000,956.8,960.0,956.8,956.8,50,43750,39400,weekly,2022-2-10T21:00:00.000,options,put
25,1644380160000,956.8,956.8,947.3,947.55,125,43750,39400,weekly,2022-2-10T21:00:00.000,options,put
26,1644380220000,930.75,931.75,930.75,931.75,150,43700,39400,weekly,2022-2-10T21:00:00.000,options,put
27,1644380280000,920.0,920.0,920.0,920.0,25,43700,39400,weekly,2022-2-10T21:00:00.000,options,put
28,1644380340000,918.7,919.75,918.7,919.75,175,43700,39400,weekly,2022-2-10T21:00:00.000,options,put
29,1644380400000,912.75,928.25,912.75,919.25,400,43850,39400,weekly,2022-2-10T21:00:00.000,options,put
30,1644380460000,927.75,929.75,927.75,929.75,500,43850,39400,weekly,2022-2-10T21:00:00.000,options,put
31,1644380520000,935.4,943.0,935.4,943.0,75,43850,39400,weekly,2022-2-10T21:00:00.000,options,put
32,1644380640000,946.3,946.3,946.3,946.3,25,44175,39400,weekly,2022-2-10T21:00:00.000,options,put
33,1644380760000,965.0,971.95,965.0,971.95,200,44125,39400,weekly,2022-2-10T21:00:00.000,options,put
34,1644380820000,971.95,971.95,944.25,944.25,150,44125,39400,weekly,2022-2-10T21:00:00.000,options,put
35,1644380880000,943.45,943.45,941.35,941.35,75,44125,39400,weekly,2022-2-10T21:00:00.000,options,put
36,1644381000000,942.85,942.85,942.85,942.85,25,44450,39400,weekly,2022-2-10T21:00:00.000,options,put
37,1644381120000,977.45,977.45,977.45,977.45,25,44450,39400,weekly,2022-2-10T21:00:00.000,options,put
38,1644381180000,977.9,997.45,977.9,997.45,50,44450,39400,weekly,2022-2-10T21:00:00.000,options,put
39,1644381240000,983.35,983.35,983.35,983.35,25,44450,39400,weekly,2022-2-10T21:00:00.000,options,put
40,1644381300000,1014.75,1014.75,1014.75,1014.75,25,44475,39400,weekly,2022-2-10T21:00:00.000,options,put
41,1644381360000,1007.4,1007.4,1007.4,1007.4,100,44475,39400,weekly,2022-2-10T21:00:00.000,options,put
42,1644381420000,991.7,1007.4,991.7,1007.4,125,44475,39400,weekly,2022-2-10T21:00:00.000,options,put
43,1644381540000,953.35,953.35,950.55,952.65,75,44475,39400,weekly,2022-2-10T21:00:00.000,options,put
44,1644381720000,947.0,947.0,947.0,947.0,25,44500,39400,weekly,2022-2-10T21:00:00.000,options,put
45,1644381780000,984.55,984.55,967.85,967.85,50,44500,39400,weekly,2022-2-10T21:00:00.000,options,put
46,1644381900000,962.6,962.6,950.9,950.9,225,44525,39400,weekly,2022-2-10T21:00:00.000,options,put
47,1644381960000,953.9,953.9,953.9,953.9,150,44525,39400,weekly,2022-2-10T21:00:00.000,options,put
48,1644382140000,985.3,985.3,985.3,985.3,100,44600,39400,weekly,2022-2-10T21:00:00.000,options,put
49,1644382260000,969.35,969.35,969.35,969.35,25,44525,39400,weekly,2022-2-10T21:00:00.000,options,put
50,1644382560000,1007.9,1039.95,1007.9,1039.95,50,44575,39400,weekly,2022-2-10T21:00:00.000,options,put
51,1644382620000,1039.95,1039.95,1031.85,1031.85,50,44575,39400,weekly,2022-2-10T21:00:00.000,options,put
52,1644382680000,1045.6,1073.95,1045.6,1073.95,125,44575,39400,weekly,2022-2-10T21:00:00.000,options,put
53,1644382740000,1062.75,1062.75,1062.75,1062.75,100,44575,39400,weekly,2022-2-10T21:00:00.000,options,put
54,1644382800000,1062.75,1095.1,1062.75,1084.55,125,44575,39400,weekly,2022-2-10T21:00:00.000,options,put
55,1644382980000,1046.15,1046.15,1046.15,1046.15,25,44525,39400,weekly,2022-2-10T21:00:00.000,options,put
56,1644383100000,1110.0,1110.0,1083.0,1083.0,300,44525,39400,weekly,2022-2-10T21:00:00.000,options,put
57,1644383160000,1086.45,1086.45,1058.7,1058.7,275,44525,39400,weekly,2022-2-10T21:00:00.000,options,put
58,1644383220000,1035.0,1035.0,1035.0,1035.0,25,44525,39400,weekly,2022-2-10T21:00:00.000,options,put
59,1644383340000,1011.9,1011.9,1011.9,1011.9,75,44425,39400,weekly,2022-2-10T21:00:00.000,options,put
60,1644383580000,1003.15,1003.15,1003.15,1003.15,25,44375,39400,weekly,2022-2-10T21:00:00.000,options,put
61,1644383640000,1015.0,1015.0,1015.0,1015.0,50,44375,39400,weekly,2022-2-10T21:00:00.000,options,put
62,1644383940000,973.65,980.75,968.95,968.95,300,44300,39400,weekly,2022-2-10T21:00:00.000,options,put
63,1644384060000,978.95,982.95,978.95,982.95,50,44600,39400,weekly,2022-2-10T21:00:00.000,options,put
64,1644384120000,995.15,995.15,995.15,995.15,125,44600,39400,weekly,2022-2-10T21:00:00.000,options,put
65,1644384180000,984.45,984.45,984.45,984.45,50,44600,39400,weekly,2022-2-10T21:00:00.000,options,put
66,1644384240000,950.35,950.35,950.35,950.35,25,44650,39400,weekly,2022-2-10T21:00:00.000,options,put
67,1644384300000,964.9,969.1,955.8,955.8,50,44650,39400,weekly,2022-2-10T21:00:00.000,options,put
68,1644384360000,955.8,955.8,951.0,951.0,100,44650,39400,weekly,2022-2-10T21:00:00.000,options,put
69,1644384540000,971.05,971.05,971.05,971.05,25,44725,39400,weekly,2022-2-10T21:00:00.000,options,put
70,1644384660000,980.65,997.15,980.65,997.0,125,44750,39400,weekly,2022-2-10T21:00:00.000,options,put
71,1644384720000,1011.45,1011.45,1011.45,1011.45,75,44750,39400,weekly,2022-2-10T21:00:00.000,options,put
72,1644384780000,1013.75,1017.0,1013.75,1017.0,150,44775,39400,weekly,2022-2-10T21:00:00.000,options,put
73,1644384900000,1000.0,1000.0,1000.0,1000.0,25,44775,39400,weekly,2022-2-10T21:00:00.000,options,put
74,1644385020000,1040.0,1040.0,1038.0,1038.0,100,44650,39400,weekly,2022-2-10T21:00:00.000,options,put
75,1644385080000,1064.3,1064.3,1064.3,1064.3,50,44650,39400,weekly,2022-2-10T21:00:00.000,options,put
76,1644385200000,1054.55,1054.55,1054.55,1054.55,50,44625,39400,weekly,2022-2-10T21:00:00.000,options,put
77,1644385260000,1027.05,1027.05,1027.05,1027.05,75,44625,39400,weekly,2022-2-10T21:00:00.000,options,put
78,1644385320000,1027.05,1028.65,1014.45,1014.45,100,44575,39400,weekly,2022-2-10T21:00:00.000,options,put
79,1644385380000,1035.0,1035.0,1035.0,1035.0,50,44575,39400,weekly,2022-2-10T21:00:00.000,options,put
80,1644385500000,1035.0,1036.55,1035.0,1036.55,75,44575,39400,weekly,2022-2-10T21:00:00.000,options,put
81,1644385560000,1018.0,1041.75,1018.0,1041.75,75,44575,39400,weekly,2022-2-10T21:00:00.000,options,put
82,1644385620000,1036.35,1036.35,1036.35,1036.35,25,44575,39400,weekly,2022-2-10T21:00:00.000,options,put
83,1644385740000,1036.35,1036.35,1036.35,1036.35,25,44600,39400,weekly,2022-2-10T21:00:00.000,options,put
84,1644385800000,999.0,999.0,999.0,999.0,25,44575,39400,weekly,2022-2-10T21:00:00.000,options,put
85,1644385860000,991.55,991.55,990.0,990.0,75,44575,39400,weekly,2022-2-10T21:00:00.000,options,put
86,1644385920000,1000.45,1000.45,1000.45,1000.45,50,44575,39400,weekly,2022-2-10T21:00:00.000,options,put
87,1644386040000,1015.0,1015.0,1015.0,1015.0,500,44575,39400,weekly,2022-2-10T21:00:00.000,options,put
88,1644386100000,1006.15,1006.15,1006.15,1006.15,25,44575,39400,weekly,2022-2-10T21:00:00.000,options,put
89,1644386460000,1027.85,1027.85,1027.85,1027.85,25,44600,39400,weekly,2022-2-10T21:00:00.000,options,put
90,1644386520000,1044.0,1044.0,1044.0,1044.0,25,44600,39400,weekly,2022-2-10T21:00:00.000,options,put
91,1644386880000,1038.0,1039.8,1038.0,1039.8,50,44575,39400,weekly,2022-2-10T21:00:00.000,options,put
92,1644387300000,1043.95,1043.95,1043.95,1043.95,25,44625,39400,weekly,2022-2-10T21:00:00.000,options,put
93,1644387600000,1016.5,1016.5,1016.45,1016.45,50,44625,39400,weekly,2022-2-10T21:00:00.000,options,put
94,1644387720000,984.15,984.15,978.75,978.75,75,44625,39400,weekly,2022-2-10T21:00:00.000,options,put
95,1644387780000,991.45,991.45,991.45,991.45,125,44625,39400,weekly,2022-2-10T21:00:00.000,options,put
96,1644387840000,996.05,1001.35,996.05,1001.35,50,44725,39400,weekly,2022-2-10T21:00:00.000,options,put
97,1644387900000,996.2,996.2,996.2,996.2,50,44725,39400,weekly,2022-2-10T21:00:00.000,options,put
98,1644387960000,970.0,970.0,970.0,970.0,75,44725,39400,weekly,2022-2-10T21:00:00.000,options,put
99,1644388020000,984.95,984.95,984.95,984.95,125,44800,39400,weekly,2022-2-10T21:00:00.000,options,put
100,1644388680000,955.9,955.9,940.1,940.1,75,45000,39400,weekly,2022-2-10T21:00:00.000,options,put
101,1644388740000,940.1,941.55,940.1,941.55,50,45000,39400,weekly,2022-2-10T21:00:00.000,options,put
102,1644389160000,930.5,933.85,925.0,925.0,125,45025,39400,weekly,2022-2-10T21:00:00.000,options,put
103,1644389280000,924.95,924.95,920.6,921.0,75,45075,39400,weekly,2022-2-10T21:00:00.000,options,put
104,1644389400000,918.5,922.25,918.5,922.25,225,45075,39400,weekly,2022-2-10T21:00:00.000,options,put
105,1644389460000,930.0,930.0,930.0,930.0,75,45200,39400,weekly,2022-2-10T21:00:00.000,options,put
106,1644389520000,925.0,925.0,925.0,925.0,75,45200,39400,weekly,2022-2-10T21:00:00.000,options,put
107,1644389580000,914.5,914.5,914.5,914.5,125,45200,39400,weekly,2022-2-10T21:00:00.000,options,put
108,1644389640000,916.35,916.35,910.0,910.0,75,45250,39400,weekly,2022-2-10T21:00:00.000,options,put
109,1644389700000,933.3,933.3,933.3,933.3,75,45250,39400,weekly,2022-2-10T21:00:00.000,options,put
110,1644389760000,934.55,934.55,934.55,934.55,25,45250,39400,weekly,2022-2-10T21:00:00.000,options,put
111,1644389820000,971.2,971.2,971.2,971.2,25,45225,39400,weekly,2022-2-10T21:00:00.000,options,put
112,1644389880000,956.15,956.15,956.15,956.15,50,45225,39400,weekly,2022-2-10T21:00:00.000,options,put
113,1644390000000,920.5,934.5,920.5,934.5,150,45225,39400,weekly,2022-2-10T21:00:00.000,options,put
114,1644390060000,929.0,929.0,929.0,929.0,50,45225,39400,weekly,2022-2-10T21:00:00.000,options,put
115,1644390120000,931.25,931.25,931.25,931.25,75,45225,39400,weekly,2022-2-10T21:00:00.000,options,put
116,1644390180000,946.05,946.05,946.05,946.05,25,45250,39400,weekly,2022-2-10T21:00:00.000,options,put
117,1644390300000,947.6,953.1,947.6,953.1,50,45250,39400,weekly,2022-2-10T21:00:00.000,options,put
118,1644390360000,934.9,934.9,934.9,934.9,25,45250,39400,weekly,2022-2-10T21:00:00.000,options,put
119,1644390420000,955.5,958.85,955.5,956.5,350,45225,39400,weekly,2022-2-10T21:00:00.000,options,put
120,1644390480000,952.45,952.45,943.05,943.05,150,45225,39400,weekly,2022-2-10T21:00:00.000,options,put
121,1644390540000,926.9,935.4,926.9,933.25,300,45025,39400,weekly,2022-2-10T21:00:00.000,options,put
122,1644390600000,933.7,940.05,925.65,925.65,200,45025,39400,weekly,2022-2-10T21:00:00.000,options,put
123,1644390660000,922.0,927.25,917.0,927.25,175,45025,39400,weekly,2022-2-10T21:00:00.000,options,put
124,1644390720000,925.7,925.7,915.5,920.5,100,45150,39400,weekly,2022-2-10T21:00:00.000,options,put
125,1644390900000,920.85,922.3,900.0,900.0,225,45150,39400,weekly,2022-2-10T21:00:00.000,options,put
126,1644390960000,896.95,896.95,872.2,885.25,1050,45150,39400,weekly,2022-2-10T21:00:00.000,options,put
127,1644391020000,885.25,896.6,883.55,896.6,275,45150,39400,weekly,2022-2-10T21:00:00.000,options,put
128,1644391080000,904.6,914.25,904.6,914.25,375,45725,39400,weekly,2022-2-10T21:00:00.000,options,put
129,1644391140000,910.0,935.0,910.0,931.5,4425,45725,39400,weekly,2022-2-10T21:00:00.000,options,put
130,1644391200000,925.55,925.55,925.55,925.55,25,45725,39400,weekly,2022-2-10T21:00:00.000,options,put
131,1644391320000,936.25,936.25,931.55,931.55,100,46575,39400,weekly,2022-2-10T21:00:00.000,options,put
132,1644391380000,917.8,918.75,908.65,910.55,375,46575,39400,weekly,2022-2-10T21:00:00.000,options,put
133,1644391440000,910.55,913.9,910.0,913.0,100,46625,39400,weekly,2022-2-10T21:00:00.000,options,put
134,1644391560000,927.8,927.8,927.8,927.8,25,46625,39400,weekly,2022-2-10T21:00:00.000,options,put
135,1644391740000,933.05,933.05,933.05,933.05,50,46600,39400,weekly,2022-2-10T21:00:00.000,options,put
136,1644391800000,941.65,960.2,941.65,953.5,175,46550,39400,weekly,2022-2-10T21:00:00.000,options,put
137,1644391920000,932.8,940.8,932.8,940.8,50,46550,39400,weekly,2022-2-10T21:00:00.000,options,put
138,1644392040000,947.85,950.0,947.5,950.0,75,46525,39400,weekly,2022-2-10T21:00:00.000,options,put
139,1644392100000,973.0,1000.0,972.55,993.0,775,46525,39400,weekly,2022-2-10T21:00:00.000,options,put
140,1644392160000,987.55,1014.15,987.55,1014.15,250,46550,39400,weekly,2022-2-10T21:00:00.000,options,put
141,1644392220000,1014.15,1028.3,1004.85,1028.3,150,46550,39400,weekly,2022-2-10T21:00:00.000,options,put
142,1644392280000,1030.0,1043.45,1020.75,1036.75,800,46550,39400,weekly,2022-2-10T21:00:00.000,options,put
143,1644392340000,1021.95,1023.4,1016.1,1023.4,200,46525,39400,weekly,2022-2-10T21:00:00.000,options,put
144,1644392400000,1020.25,1030.9,1020.25,1030.9,100,46525,39400,weekly,2022-2-10T21:00:00.000,options,put
145,1644392460000,1038.5,1038.5,1022.25,1022.25,425,46525,39400,weekly,2022-2-10T21:00:00.000,options,put
146,1644392520000,1032.1,1032.1,1027.8,1031.05,250,46525,39400,weekly,2022-2-10T21:00:00.000,options,put
147,1644392580000,1031.05,1031.05,1023.9,1023.9,400,46525,39400,weekly,2022-2-10T21:00:00.000,options,put
148,1644392640000,1027.15,1027.15,1027.15,1027.15,25,46525,39400,weekly,2022-2-10T21:00:00.000,options,put
149,1644392700000,1016.1,1016.1,1008.85,1008.85,75,46400,39400,weekly,2022-2-10T21:00:00.000,options,put
150,1644392760000,1006.55,1006.55,992.25,992.25,350,46400,39400,weekly,2022-2-10T21:00:00.000,options,put
151,1644392820000,997.2,1007.55,997.2,1007.55,125,46400,39400,weekly,2022-2-10T21:00:00.000,options,put
152,1644392880000,1033.5,1033.5,1030.4,1030.4,500,46325,39400,weekly,2022-2-10T21:00:00.000,options,put
153,1644392940000,969.75,972.3,951.25,951.25,75,46325,39400,weekly,2022-2-10T21:00:00.000,options,put
154,1644393000000,951.25,956.3,941.5,948.45,225,46325,39400,weekly,2022-2-10T21:00:00.000,options,put
155,1644393060000,946.4,949.4,946.4,949.4,50,46350,39400,weekly,2022-2-10T21:00:00.000,options,put
156,1644393120000,964.4,977.0,964.4,977.0,50,46350,39400,weekly,2022-2-10T21:00:00.000,options,put
157,1644393180000,975.7,975.7,971.6,973.1,250,46350,39400,weekly,2022-2-10T21:00:00.000,options,put
158,1644393240000,960.0,960.0,960.0,960.0,100,46350,39400,weekly,2022-2-10T21:00:00.000,options,put
159,1644393300000,966.15,966.15,963.4,963.4,125,46350,39400,weekly,2022-2-10T21:00:00.000,options,put
160,1644393360000,951.5,951.5,950.0,950.0,50,46350,39400,weekly,2022-2-10T21:00:00.000,options,put
161,1644393420000,959.35,959.35,959.35,959.35,25,46450,39400,weekly,2022-2-10T21:00:00.000,options,put
162,1644393540000,959.35,959.35,959.35,959.35,25,46450,39400,weekly,2022-2-10T21:00:00.000,options,put
163,1644393600000,950.0,950.0,950.0,950.0,25,46450,39400,weekly,2022-2-10T21:00:00.000,options,put
164,1644393720000,930.0,930.0,930.0,930.0,25,46450,39400,weekly,2022-2-10T21:00:00.000,options,put
165,1644393780000,930.0,930.0,930.0,930.0,200,46450,39400,weekly,2022-2-10T21:00:00.000,options,put
166,1644393900000,945.0,945.0,943.8,943.8,125,46450,39400,weekly,2022-2-10T21:00:00.000,options,put
167,1644393960000,943.0,946.7,943.0,946.7,175,46625,39400,weekly,2022-2-10T21:00:00.000,options,put
168,1644394020000,970.6,970.6,970.6,970.6,25,46625,39400,weekly,2022-2-10T21:00:00.000,options,put
169,1644394080000,949.4,949.4,949.4,949.4,50,46625,39400,weekly,2022-2-10T21:00:00.000,options,put
170,1644394140000,949.2,949.2,949.2,949.2,25,46575,39400,weekly,2022-2-10T21:00:00.000,options,put
171,1644394200000,960.6,979.65,960.6,979.65,175,46575,39400,weekly,2022-2-10T21:00:00.000,options,put
172,1644394440000,960.0,960.0,960.0,960.0,25,46650,39400,weekly,2022-2-10T21:00:00.000,options,put
173,1644394620000,947.0,947.0,944.55,944.55,125,46575,39400,weekly,2022-2-10T21:00:00.000,options,put
174,1644394680000,951.55,951.55,951.55,951.55,150,46625,39400,weekly,2022-2-10T21:00:00.000,options,put
175,1644394800000,930.0,930.0,924.3,924.3,250,46625,39400,weekly,2022-2-10T21:00:00.000,options,put
176,1644394860000,915.7,915.7,915.7,915.7,100,46625,39400,weekly,2022-2-10T21:00:00.000,options,put
177,1644394920000,918.6,918.6,908.6,908.6,75,46475,39400,weekly,2022-2-10T21:00:00.000,options,put
178,1644394980000,918.7,918.7,918.7,918.7,25,46475,39400,weekly,2022-2-10T21:00:00.000,options,put
179,1644395040000,905.7,905.7,905.7,905.7,25,46475,39400,weekly,2022-2-10T21:00:00.000,options,put
180,1644395100000,887.55,912.2,878.8,908.6,1050,46475,39400,weekly,2022-2-10T21:00:00.000,options,put
181,1644395160000,900.05,900.05,900.05,900.05,25,46475,39400,weekly,2022-2-10T21:00:00.000,options,put
182,1644395220000,898.0,898.0,898.0,898.0,50,46475,39400,weekly,2022-2-10T21:00:00.000,options,put
183,1644395280000,901.75,901.75,901.75,901.75,25,46450,39400,weekly,2022-2-10T21:00:00.000,options,put
184,1644395340000,905.0,905.0,905.0,905.0,25,46450,39400,weekly,2022-2-10T21:00:00.000,options,put
185,1644395400000,891.3,901.45,891.3,901.45,75,46450,39400,weekly,2022-2-10T21:00:00.000,options,put
186,1644395580000,890.3,890.3,863.3,863.3,2675,46425,39400,weekly,2022-2-10T21:00:00.000,options,put
187,1644395640000,866.65,866.65,866.65,866.65,50,46425,39400,weekly,2022-2-10T21:00:00.000,options,put
188,1644395700000,867.65,867.65,853.45,853.45,375,46425,39400,weekly,2022-2-10T21:00:00.000,options,put
189,1644395760000,853.45,856.25,853.45,856.25,25,46575,39400,weekly,2022-2-10T21:00:00.000,options,put
190,1644395820000,856.25,860.4,850.0,860.4,125,46575,39400,weekly,2022-2-10T21:00:00.000,options,put
191,1644395880000,860.4,860.4,847.65,847.65,125,46575,39400,weekly,2022-2-10T21:00:00.000,options,put
192,1644395940000,857.75,880.0,856.3,880.0,825,47250,39400,weekly,2022-2-10T21:00:00.000,options,put
193,1644396000000,880.0,910.0,877.8,878.35,725,47250,39400,weekly,2022-2-10T21:00:00.000,options,put
194,1644396060000,879.25,883.45,879.25,883.45,400,47250,39400,weekly,2022-2-10T21:00:00.000,options,put
195,1644396120000,877.45,877.45,869.15,869.15,175,46975,39400,weekly,2022-2-10T21:00:00.000,options,put
196,1644396180000,867.15,875.0,867.15,875.0,100,46975,39400,weekly,2022-2-10T21:00:00.000,options,put
197,1644396240000,869.75,869.75,865.6,865.6,150,46975,39400,weekly,2022-2-10T21:00:00.000,options,put
198,1644396300000,864.4,864.4,864.4,864.4,100,46975,39400,weekly,2022-2-10T21:00:00.000,options,put
199,1644396360000,857.2,861.85,857.2,861.85,200,47000,39400,weekly,2022-2-10T21:00:00.000,options,put
200,1644396420000,850.35,850.35,839.55,841.15,225,47000,39400,weekly,2022-2-10T21:00:00.000,options,put
201,1644396480000,834.3,834.3,833.65,833.9,200,47000,39400,weekly,2022-2-10T21:00:00.000,options,put
202,1644396540000,841.7,841.7,841.7,841.7,50,47125,39400,weekly,2022-2-10T21:00:00.000,options,put
203,1644396600000,823.15,831.6,819.35,819.35,275,47125,39400,weekly,2022-2-10T21:00:00.000,options,put
204,1644396660000,832.35,844.9,832.35,844.9,150,47125,39400,weekly,2022-2-10T21:00:00.000,options,put
205,1644396720000,844.9,844.9,844.9,844.9,75,47125,39400,weekly,2022-2-10T21:00:00.000,options,put
206,1644396780000,850.0,884.85,850.0,872.2,2925,47125,39400,weekly,2022-2-10T21:00:00.000,options,put
207,1644396840000,854.9,860.15,854.9,860.15,100,47125,39400,weekly,2022-2-10T21:00:00.000,options,put
208,1644396900000,875.0,875.0,871.6,871.6,325,47825,39400,weekly,2022-2-10T21:00:00.000,options,put
209,1644396960000,872.8,885.0,872.8,884.0,275,47825,39400,weekly,2022-2-10T21:00:00.000,options,put
210,1644397020000,881.25,885.75,878.1,881.55,375,47650,39400,weekly,2022-2-10T21:00:00.000,options,put
211,1644397080000,873.35,873.35,873.35,873.35,200,47650,39400,weekly,2022-2-10T21:00:00.000,options,put
212,1644397200000,854.15,861.75,852.15,861.75,100,47650,39400,weekly,2022-2-10T21:00:00.000,options,put
213,1644397260000,870.15,870.15,867.0,869.3,200,47650,39400,weekly,2022-2-10T21:00:00.000,options,put
214,1644397380000,851.55,866.55,851.55,866.55,50,47625,39400,weekly,2022-2-10T21:00:00.000,options,put
215,1644397500000,866.55,866.55,862.4,862.4,50,47625,39400,weekly,2022-2-10T21:00:00.000,options,put
216,1644397740000,852.3,856.05,852.3,854.3,225,47600,39400,weekly,2022-2-10T21:00:00.000,options,put
217,1644397800000,880.0,890.45,880.0,880.0,100,47750,39400,weekly,2022-2-10T21:00:00.000,options,put
218,1644397860000,865.85,865.85,848.75,848.75,100,47750,39400,weekly,2022-2-10T21:00:00.000,options,put
219,1644397920000,854.2,854.2,846.85,846.85,100,47750,39400,weekly,2022-2-10T21:00:00.000,options,put
220,1644398040000,855.0,855.0,855.0,855.0,125,47650,39400,weekly,2022-2-10T21:00:00.000,options,put
221,1644398100000,851.3,860.0,851.3,860.0,125,47800,39400,weekly,2022-2-10T21:00:00.000,options,put
222,1644398220000,864.4,869.55,864.4,869.55,75,47800,39400,weekly,2022-2-10T21:00:00.000,options,put
223,1644398280000,869.55,869.55,869.55,869.55,75,47800,39400,weekly,2022-2-10T21:00:00.000,options,put
224,1644398340000,877.65,877.65,877.65,877.65,25,47725,39400,weekly,2022-2-10T21:00:00.000,options,put
225,1644398460000,861.75,861.75,861.75,861.75,50,47725,39400,weekly,2022-2-10T21:00:00.000,options,put
226,1644398520000,865.2,865.2,864.0,864.0,2525,47725,39400,weekly,2022-2-10T21:00:00.000,options,put
227,1644398580000,843.35,849.1,840.0,840.0,125,47725,39400,weekly,2022-2-10T21:00:00.000,options,put
228,1644398640000,842.35,865.75,842.35,865.75,100,48200,39400,weekly,2022-2-10T21:00:00.000,options,put
229,1644398700000,851.45,858.3,851.45,858.3,100,48200,39400,weekly,2022-2-10T21:00:00.000,options,put
230,1644398760000,858.3,860.7,858.3,860.7,75,48200,39400,weekly,2022-2-10T21:00:00.000,options,put
231,1644398820000,861.4,861.4,855.55,859.7,125,48225,39400,weekly,2022-2-10T21:00:00.000,options,put
232,1644398880000,850.7,850.7,850.7,850.7,25,48225,39400,weekly,2022-2-10T21:00:00.000,options,put
233,1644398940000,822.95,826.75,822.05,826.75,125,48225,39400,weekly,2022-2-10T21:00:00.000,options,put
234,1644399000000,831.4,847.3,819.25,835.55,1100,47850,39400,weekly,2022-2-10T21:00:00.000,options,put
235,1644399060000,834.05,834.05,834.05,834.05,50,47850,39400,weekly,2022-2-10T21:00:00.000,options,put
236,1644399120000,838.05,838.05,838.05,838.05,25,47850,39400,weekly,2022-2-10T21:00:00.000,options,put
237,1644399240000,834.05,834.05,834.05,834.05,100,48050,39400,weekly,2022-2-10T21:00:00.000,options,put
238,1644399300000,839.7,846.8,839.7,846.8,175,48050,39400,weekly,2022-2-10T21:00:00.000,options,put
239,1644399480000,812.35,812.35,792.05,792.05,150,48075,39400,weekly,2022-2-10T21:00:00.000,options,put
240,1644399540000,790.0,790.0,775.1,775.1,600,48075,39400,weekly,2022-2-10T21:00:00.000,options,put
241,1644399600000,783.55,783.55,783.55,783.55,25,48075,39400,weekly,2022-2-10T21:00:00.000,options,put
242,1644399660000,785.5,804.05,785.5,788.0,400,48075,39400,weekly,2022-2-10T21:00:00.000,options,put
243,1644399720000,788.0,791.4,785.0,785.0,125,48075,39400,weekly,2022-2-10T21:00:00.000,options,put
244,1644399780000,787.05,789.9,787.05,789.2,50,48100,39400,weekly,2022-2-10T21:00:00.000,options,put
245,1644399900000,785.05,795.15,784.4,791.2,8775,48100,39400,weekly,2022-2-10T21:00:00.000,options,put
246,1644399960000,791.2,797.6,791.2,797.6,225,48075,39400,weekly,2022-2-10T21:00:00.000,options,put
247,1644400020000,793.0,804.9,793.0,804.9,125,48075,39400,weekly,2022-2-10T21:00:00.000,options,put
248,1644400080000,805.6,805.6,805.6,805.6,25,48075,39400,weekly,2022-2-10T21:00:00.000,options,put
249,1644400140000,808.05,808.05,797.0,797.0,75,48075,39400,weekly,2022-2-10T21:00:00.000,options,put
250,1644400200000,797.7,802.4,790.0,790.0,225,48075,39400,weekly,2022-2-10T21:00:00.000,options,put
251,1644400260000,787.8,792.8,784.45,784.45,3125,48075,39400,weekly,2022-2-10T21:00:00.000,options,put
252,1644400380000,783.3,783.3,781.85,781.85,75,48000,39400,weekly,2022-2-10T21:00:00.000,options,put
253,1644400500000,777.4,777.4,775.0,775.0,100,48050,39400,weekly,2022-2-10T21:00:00.000,options,put
254,1644400560000,775.0,775.0,771.3,771.3,425,48050,39400,weekly,2022-2-10T21:00:00.000,options,put
255,1644400620000,773.95,781.0,772.5,780.6,625,48050,39400,weekly,2022-2-10T21:00:00.000,options,put
256,1644400680000,780.6,780.6,780.0,780.0,250,48050,39400,weekly,2022-2-10T21:00:00.000,options,put
257,1644400740000,780.0,780.0,774.25,774.25,250,48050,39400,weekly,2022-2-10T21:00:00.000,options,put
