,timestamp,open,high,low,close,volume,open_interest,strike,expiry_type,expiry,instrument,contract_type
0,1653556500000,29.0,29.0,5.65,9.5,288625,648400,33700,weekly,2022-5-26T21:00:00.000,options,put
1,1653556560000,9.3,9.65,8.95,9.45,340200,648400,33700,weekly,2022-5-26T21:00:00.000,options,put
2,1653556620000,9.5,9.55,8.25,8.8,248750,739925,33700,weekly,2022-5-26T21:00:00.000,options,put
3,1653556680000,8.75,8.85,8.1,8.2,234925,739925,33700,weekly,2022-5-26T21:00:00.000,options,put
4,1653556740000,8.15,8.35,8.0,8.35,248525,739925,33700,weekly,2022-5-26T21:00:00.000,options,put
5,1653556800000,8.3,8.5,8.1,8.3,289300,804700,33700,weekly,2022-5-26T21:00:00.000,options,put
6,1653556860000,8.3,8.55,8.2,8.55,110150,804700,33700,weekly,2022-5-26T21:00:00.000,options,put
7,1653556920000,8.6,9.15,8.55,9.05,107325,804700,33700,weekly,2022-5-26T21:00:00.000,options,put
8,1653556980000,9.15,9.25,8.3,8.3,135275,843925,33700,weekly,2022-5-26T21:00:00.000,options,put
9,1653557040000,8.25,8.3,7.75,8.05,154100,843925,33700,weekly,2022-5-26T21:00:00.000,options,put
10,1653557100000,7.9,8.25,7.7,8.15,150950,843925,33700,weekly,2022-5-26T21:00:00.000,options,put
11,1653557160000,8.1,8.25,7.8,7.9,110225,878700,33700,weekly,2022-5-26T21:00:00.000,options,put
12,1653557220000,7.85,8.1,7.8,7.9,97750,878700,33700,weekly,2022-5-26T21:00:00.000,options,put
13,1653557280000,7.85,7.95,7.7,7.75,73875,878700,33700,weekly,2022-5-26T21:00:00.000,options,put
14,1653557340000,7.7,7.9,7.65,7.65,99250,911800,33700,weekly,2022-5-26T21:00:00.000,options,put
15,1653557400000,7.65,7.8,7.5,7.8,80250,911800,33700,weekly,2022-5-26T21:00:00.000,options,put
16,1653557460000,7.7,8.0,7.65,7.95,52675,911800,33700,weekly,2022-5-26T21:00:00.000,options,put
17,1653557520000,7.9,8.2,7.9,8.15,46925,898200,33700,weekly,2022-5-26T21:00:00.000,options,put
18,1653557580000,8.1,8.15,7.65,7.75,35400,898200,33700,weekly,2022-5-26T21:00:00.000,options,put
19,1653557640000,7.7,7.7,7.45,7.6,73375,898200,33700,weekly,2022-5-26T21:00:00.000,options,put
20,1653557700000,7.6,7.6,7.35,7.35,58850,925625,33700,weekly,2022-5-26T21:00:00.000,options,put
21,1653557760000,7.4,7.5,7.35,7.4,47825,925625,33700,weekly,2022-5-26T21:00:00.000,options,put
22,1653557820000,7.4,7.4,7.25,7.35,46450,925625,33700,weekly,2022-5-26T21:00:00.000,options,put
23,1653557880000,7.35,7.5,7.25,7.5,81825,911425,33700,weekly,2022-5-26T21:00:00.000,options,put
24,1653557940000,7.45,7.85,7.45,7.85,50800,911425,33700,weekly,2022-5-26T21:00:00.000,options,put
25,1653558000000,7.85,7.9,7.7,7.75,39225,911425,33700,weekly,2022-5-26T21:00:00.000,options,put
26,1653558060000,7.8,8.1,7.7,8.1,52075,916325,33700,weekly,2022-5-26T21:00:00.000,options,put
27,1653558120000,8.0,8.0,7.65,7.8,39400,916325,33700,weekly,2022-5-26T21:00:00.000,options,put
28,1653558180000,7.8,8.1,7.7,8.1,42925,916325,33700,weekly,2022-5-26T21:00:00.000,options,put
29,1653558240000,8.1,8.1,7.85,7.95,62825,915825,33700,weekly,2022-5-26T21:00:00.000,options,put
30,1653558300000,8.0,8.7,7.95,8.15,82700,915825,33700,weekly,2022-5-26T21:00:00.000,options,put
31,1653558360000,8.1,8.5,8.1,8.3,67225,915825,33700,weekly,2022-5-26T21:00:00.000,options,put
32,1653558420000,8.3,8.3,7.55,7.6,75725,879850,33700,weekly,2022-5-26T21:00:00.000,options,put
33,1653558480000,7.6,7.6,7.2,7.2,82175,879850,33700,weekly,2022-5-26T21:00:00.000,options,put
34,1653558540000,7.3,7.8,7.2,7.75,69525,879850,33700,weekly,2022-5-26T21:00:00.000,options,put
35,1653558600000,7.85,7.95,7.7,7.75,34875,935925,33700,weekly,2022-5-26T21:00:00.000,options,put
36,1653558660000,7.75,7.8,7.55,7.55,70750,935925,33700,weekly,2022-5-26T21:00:00.000,options,put
37,1653558720000,7.65,7.7,7.5,7.5,95100,935925,33700,weekly,2022-5-26T21:00:00.000,options,put
38,1653558780000,7.45,7.5,7.25,7.3,52750,1014850,33700,weekly,2022-5-26T21:00:00.000,options,put
39,1653558840000,7.25,7.45,7.0,7.35,63075,1014850,33700,weekly,2022-5-26T21:00:00.000,options,put
40,1653558900000,7.4,7.4,7.0,7.1,52475,1014850,33700,weekly,2022-5-26T21:00:00.000,options,put
41,1653558960000,7.1,7.1,6.8,7.0,87775,1037825,33700,weekly,2022-5-26T21:00:00.000,options,put
42,1653559020000,6.95,7.45,6.9,7.35,170875,1037825,33700,weekly,2022-5-26T21:00:00.000,options,put
43,1653559080000,7.4,7.6,7.3,7.45,52225,1037825,33700,weekly,2022-5-26T21:00:00.000,options,put
44,1653559140000,7.5,7.5,7.2,7.4,36650,1106350,33700,weekly,2022-5-26T21:00:00.000,options,put
45,1653559200000,7.4,7.5,7.3,7.3,31650,1106350,33700,weekly,2022-5-26T21:00:00.000,options,put
46,1653559260000,7.25,7.5,7.25,7.4,19075,1106350,33700,weekly,2022-5-26T21:00:00.000,options,put
47,1653559320000,7.5,7.6,7.4,7.5,34050,1108100,33700,weekly,2022-5-26T21:00:00.000,options,put
48,1653559380000,7.5,7.6,7.4,7.5,14825,1108100,33700,weekly,2022-5-26T21:00:00.000,options,put
49,1653559440000,7.5,8.05,7.5,7.8,74225,1108100,33700,weekly,2022-5-26T21:00:00.000,options,put
50,1653559500000,7.75,7.95,7.25,7.3,71350,1119100,33700,weekly,2022-5-26T21:00:00.000,options,put
51,1653559560000,7.3,7.75,7.25,7.6,41775,1119100,33700,weekly,2022-5-26T21:00:00.000,options,put
52,1653559620000,7.6,7.85,7.55,7.75,19900,1119100,33700,weekly,2022-5-26T21:00:00.000,options,put
53,1653559680000,7.75,7.9,7.4,7.5,54975,1098625,33700,weekly,2022-5-26T21:00:00.000,options,put
54,1653559740000,7.5,7.65,7.45,7.55,37925,1098625,33700,weekly,2022-5-26T21:00:00.000,options,put
55,1653559800000,7.55,7.8,7.45,7.65,22875,1098625,33700,weekly,2022-5-26T21:00:00.000,options,put
56,1653559860000,7.65,7.8,7.4,7.8,21200,1083400,33700,weekly,2022-5-26T21:00:00.000,options,put
57,1653559920000,7.8,8.1,7.8,8.1,33200,1083400,33700,weekly,2022-5-26T21:00:00.000,options,put
58,1653559980000,8.05,8.1,7.7,7.85,21300,1083400,33700,weekly,2022-5-26T21:00:00.000,options,put
59,1653560040000,7.8,7.8,7.35,7.35,26650,1075200,33700,weekly,2022-5-26T21:00:00.000,options,put
60,1653560100000,7.4,7.55,7.1,7.2,45050,1075200,33700,weekly,2022-5-26T21:00:00.000,options,put
61,1653560160000,7.15,7.55,7.1,7.45,34875,1075200,33700,weekly,2022-5-26T21:00:00.000,options,put
62,1653560220000,7.45,7.6,7.3,7.6,30225,1098750,33700,weekly,2022-5-26T21:00:00.000,options,put
63,1653560280000,7.55,7.6,7.4,7.5,20150,1098750,33700,weekly,2022-5-26T21:00:00.000,options,put
64,1653560340000,7.45,7.5,7.2,7.25,15225,1098750,33700,weekly,2022-5-26T21:00:00.000,options,put
65,1653560400000,7.3,7.3,7.05,7.15,22625,1112800,33700,weekly,2022-5-26T21:00:00.000,options,put
66,1653560460000,7.1,7.6,7.1,7.5,40450,1112800,33700,weekly,2022-5-26T21:00:00.000,options,put
67,1653560520000,7.5,7.6,7.4,7.55,15600,1112800,33700,weekly,2022-5-26T21:00:00.000,options,put
68,1653560580000,7.6,7.75,7.55,7.75,30325,1127975,33700,weekly,2022-5-26T21:00:00.000,options,put
69,1653560640000,7.75,7.8,7.65,7.65,19350,1127975,33700,weekly,2022-5-26T21:00:00.000,options,put
70,1653560700000,7.65,7.95,7.65,7.95,24400,1127975,33700,weekly,2022-5-26T21:00:00.000,options,put
71,1653560760000,7.95,8.15,7.95,8.15,23850,1128000,33700,weekly,2022-5-26T21:00:00.000,options,put
72,1653560820000,8.15,8.4,8.0,8.25,41800,1128000,33700,weekly,2022-5-26T21:00:00.000,options,put
73,1653560880000,8.25,8.7,8.2,8.6,59100,1128000,33700,weekly,2022-5-26T21:00:00.000,options,put
74,1653560940000,8.55,9.45,8.05,9.1,115950,1095625,33700,weekly,2022-5-26T21:00:00.000,options,put
75,1653561000000,9.15,9.65,8.65,8.65,102100,1095625,33700,weekly,2022-5-26T21:00:00.000,options,put
76,1653561060000,8.7,8.7,8.1,8.35,82200,1095625,33700,weekly,2022-5-26T21:00:00.000,options,put
77,1653561120000,8.4,8.6,8.15,8.2,50850,1110650,33700,weekly,2022-5-26T21:00:00.000,options,put
78,1653561180000,8.2,8.95,8.15,8.85,44850,1110650,33700,weekly,2022-5-26T21:00:00.000,options,put
79,1653561240000,8.75,9.85,8.75,9.3,140975,1110650,33700,weekly,2022-5-26T21:00:00.000,options,put
80,1653561300000,9.4,9.85,8.5,9.5,122800,1107250,33700,weekly,2022-5-26T21:00:00.000,options,put
81,1653561360000,9.6,10.0,9.3,10.0,102025,1107250,33700,weekly,2022-5-26T21:00:00.000,options,put
82,1653561420000,9.8,9.8,9.15,9.4,62250,1107250,33700,weekly,2022-5-26T21:00:00.000,options,put
83,1653561480000,9.45,9.55,9.0,9.4,52525,1087600,33700,weekly,2022-5-26T21:00:00.000,options,put
84,1653561540000,9.3,9.65,9.2,9.25,114300,1087600,33700,weekly,2022-5-26T21:00:00.000,options,put
85,1653561600000,9.25,9.4,9.1,9.15,62625,1087600,33700,weekly,2022-5-26T21:00:00.000,options,put
86,1653561660000,9.1,9.5,8.85,9.35,59950,1119275,33700,weekly,2022-5-26T21:00:00.000,options,put
87,1653561720000,9.25,9.3,9.05,9.15,27850,1119275,33700,weekly,2022-5-26T21:00:00.000,options,put
88,1653561780000,9.0,9.2,8.9,9.0,39850,1119275,33700,weekly,2022-5-26T21:00:00.000,options,put
89,1653561840000,9.05,9.25,8.75,8.85,50475,1126575,33700,weekly,2022-5-26T21:00:00.000,options,put
90,1653561900000,8.75,8.9,8.4,8.5,33200,1126575,33700,weekly,2022-5-26T21:00:00.000,options,put
91,1653561960000,8.5,9.3,8.25,9.2,45950,1126575,33700,weekly,2022-5-26T21:00:00.000,options,put
92,1653562020000,9.25,9.55,8.85,9.25,49400,1122425,33700,weekly,2022-5-26T21:00:00.000,options,put
93,1653562080000,9.15,9.2,8.8,9.05,34900,1122425,33700,weekly,2022-5-26T21:00:00.000,options,put
94,1653562140000,9.15,9.25,8.85,9.05,21050,1122425,33700,weekly,2022-5-26T21:00:00.000,options,put
95,1653562200000,9.05,9.3,8.7,9.2,32575,1136550,33700,weekly,2022-5-26T21:00:00.000,options,put
96,1653562260000,9.3,9.3,9.0,9.3,25875,1136550,33700,weekly,2022-5-26T21:00:00.000,options,put
97,1653562320000,9.3,9.45,9.25,9.3,34725,1136550,33700,weekly,2022-5-26T21:00:00.000,options,put
98,1653562380000,9.35,9.8,9.1,9.75,58025,1129650,33700,weekly,2022-5-26T21:00:00.000,options,put
99,1653562440000,9.55,10.1,9.25,9.85,59575,1129650,33700,weekly,2022-5-26T21:00:00.000,options,put
100,1653562500000,9.85,9.85,9.25,9.6,38550,1129650,33700,weekly,2022-5-26T21:00:00.000,options,put
101,1653562560000,9.6,10.5,9.55,9.85,109325,1123200,33700,weekly,2022-5-26T21:00:00.000,options,put
102,1653562620000,9.9,10.1,9.65,9.9,65925,1123200,33700,weekly,2022-5-26T21:00:00.000,options,put
103,1653562680000,9.9,10.0,9.4,9.4,78775,1123200,33700,weekly,2022-5-26T21:00:00.000,options,put
104,1653562740000,9.4,9.5,9.0,9.05,60050,1150475,33700,weekly,2022-5-26T21:00:00.000,options,put
105,1653562800000,9.1,9.25,8.65,9.25,60425,1150475,33700,weekly,2022-5-26T21:00:00.000,options,put
106,1653562860000,9.25,9.35,8.9,9.05,23575,1150475,33700,weekly,2022-5-26T21:00:00.000,options,put
107,1653562920000,9.0,9.3,8.8,9.3,65350,1158975,33700,weekly,2022-5-26T21:00:00.000,options,put
108,1653562980000,9.3,9.6,9.25,9.35,16825,1158975,33700,weekly,2022-5-26T21:00:00.000,options,put
109,1653563040000,9.4,9.65,9.3,9.55,46700,1158975,33700,weekly,2022-5-26T21:00:00.000,options,put
110,1653563100000,9.6,9.65,9.15,9.25,65800,1177900,33700,weekly,2022-5-26T21:00:00.000,options,put
111,1653563160000,9.25,9.4,9.0,9.3,71700,1177900,33700,weekly,2022-5-26T21:00:00.000,options,put
112,1653563220000,9.4,9.7,9.3,9.6,37875,1177900,33700,weekly,2022-5-26T21:00:00.000,options,put
113,1653563280000,9.55,10.0,9.5,10.0,70325,1197650,33700,weekly,2022-5-26T21:00:00.000,options,put
114,1653563340000,9.95,10.4,9.9,10.25,38600,1197650,33700,weekly,2022-5-26T21:00:00.000,options,put
115,1653563400000,10.25,10.3,9.8,9.85,45150,1197650,33700,weekly,2022-5-26T21:00:00.000,options,put
116,1653563460000,9.85,9.9,9.4,9.4,21925,1213900,33700,weekly,2022-5-26T21:00:00.000,options,put
117,1653563520000,9.4,9.6,9.35,9.4,20025,1213900,33700,weekly,2022-5-26T21:00:00.000,options,put
118,1653563580000,9.35,9.55,9.3,9.5,15550,1213900,33700,weekly,2022-5-26T21:00:00.000,options,put
119,1653563640000,9.5,9.6,9.3,9.4,38450,1231650,33700,weekly,2022-5-26T21:00:00.000,options,put
120,1653563700000,9.4,9.6,9.25,9.6,35150,1231650,33700,weekly,2022-5-26T21:00:00.000,options,put
121,1653563760000,9.55,9.55,8.75,8.85,66700,1231650,33700,weekly,2022-5-26T21:00:00.000,options,put
122,1653563820000,8.75,9.25,8.7,9.1,33575,1239875,33700,weekly,2022-5-26T21:00:00.000,options,put
123,1653563880000,9.1,9.1,8.5,8.8,48075,1239875,33700,weekly,2022-5-26T21:00:00.000,options,put
124,1653563940000,8.8,8.85,7.9,7.9,111350,1239875,33700,weekly,2022-5-26T21:00:00.000,options,put
125,1653564000000,7.85,7.95,7.55,7.85,92200,1222950,33700,weekly,2022-5-26T21:00:00.000,options,put
126,1653564060000,7.95,8.75,7.9,8.65,58400,1222950,33700,weekly,2022-5-26T21:00:00.000,options,put
127,1653564120000,8.6,9.45,8.55,9.4,41475,1222950,33700,weekly,2022-5-26T21:00:00.000,options,put
128,1653564180000,9.4,9.45,9.0,9.1,32350,1226925,33700,weekly,2022-5-26T21:00:00.000,options,put
129,1653564240000,9.05,9.35,9.05,9.3,16550,1226925,33700,weekly,2022-5-26T21:00:00.000,options,put
130,1653564300000,9.35,9.4,9.15,9.2,20475,1226925,33700,weekly,2022-5-26T21:00:00.000,options,put
131,1653564360000,9.2,9.45,9.15,9.4,28575,1226925,33700,weekly,2022-5-26T21:00:00.000,options,put
132,1653564420000,9.4,9.8,9.3,9.7,32800,1225500,33700,weekly,2022-5-26T21:00:00.000,options,put
133,1653564480000,9.7,9.85,9.55,9.55,22600,1225500,33700,weekly,2022-5-26T21:00:00.000,options,put
134,1653564540000,9.6,9.65,8.85,9.05,42025,1225500,33700,weekly,2022-5-26T21:00:00.000,options,put
135,1653564600000,8.9,9.25,8.7,9.25,23775,1228775,33700,weekly,2022-5-26T21:00:00.000,options,put
136,1653564660000,9.2,9.45,9.0,9.2,28050,1228775,33700,weekly,2022-5-26T21:00:00.000,options,put
137,1653564720000,9.25,9.25,8.9,9.05,38625,1221350,33700,weekly,2022-5-26T21:00:00.000,options,put
138,1653564780000,9.05,9.25,8.95,9.1,22075,1221350,33700,weekly,2022-5-26T21:00:00.000,options,put
139,1653564840000,9.2,9.25,8.9,9.0,15400,1221350,33700,weekly,2022-5-26T21:00:00.000,options,put
140,1653564900000,9.0,9.0,8.7,8.9,21150,1221350,33700,weekly,2022-5-26T21:00:00.000,options,put
141,1653564960000,8.85,9.2,8.75,9.05,16100,1224700,33700,weekly,2022-5-26T21:00:00.000,options,put
142,1653565020000,9.15,9.25,9.0,9.2,11900,1224700,33700,weekly,2022-5-26T21:00:00.000,options,put
143,1653565080000,9.15,9.25,9.05,9.25,11400,1224700,33700,weekly,2022-5-26T21:00:00.000,options,put
144,1653565140000,9.15,9.4,9.05,9.25,28625,1224650,33700,weekly,2022-5-26T21:00:00.000,options,put
145,1653565200000,9.2,9.3,8.75,9.15,29700,1224650,33700,weekly,2022-5-26T21:00:00.000,options,put
146,1653565260000,9.1,9.1,8.6,8.75,18850,1224650,33700,weekly,2022-5-26T21:00:00.000,options,put
147,1653565320000,8.75,8.85,8.55,8.6,24600,1231750,33700,weekly,2022-5-26T21:00:00.000,options,put
148,1653565380000,8.6,8.65,8.15,8.15,18275,1231750,33700,weekly,2022-5-26T21:00:00.000,options,put
149,1653565440000,8.15,8.45,8.15,8.25,27200,1231750,33700,weekly,2022-5-26T21:00:00.000,options,put
150,1653565500000,8.2,8.25,8.0,8.0,29375,1233900,33700,weekly,2022-5-26T21:00:00.000,options,put
151,1653565560000,8.05,8.25,8.0,8.1,18900,1233900,33700,weekly,2022-5-26T21:00:00.000,options,put
152,1653565620000,8.1,8.35,8.1,8.3,25350,1233900,33700,weekly,2022-5-26T21:00:00.000,options,put
153,1653565680000,8.3,8.4,8.1,8.2,23400,1237450,33700,weekly,2022-5-26T21:00:00.000,options,put
154,1653565740000,8.15,8.35,8.05,8.35,20700,1237450,33700,weekly,2022-5-26T21:00:00.000,options,put
155,1653565800000,8.3,8.4,8.1,8.3,20075,1237450,33700,weekly,2022-5-26T21:00:00.000,options,put
156,1653565860000,8.4,8.5,8.3,8.4,17300,1248125,33700,weekly,2022-5-26T21:00:00.000,options,put
157,1653565920000,8.4,8.45,8.2,8.45,28775,1248125,33700,weekly,2022-5-26T21:00:00.000,options,put
158,1653565980000,8.45,8.45,8.1,8.2,16525,1248125,33700,weekly,2022-5-26T21:00:00.000,options,put
159,1653566040000,8.2,8.25,7.85,7.9,23950,1260650,33700,weekly,2022-5-26T21:00:00.000,options,put
160,1653566100000,7.95,8.1,7.55,7.7,33425,1260650,33700,weekly,2022-5-26T21:00:00.000,options,put
161,1653566160000,7.65,7.7,7.3,7.7,37850,1260650,33700,weekly,2022-5-26T21:00:00.000,options,put
162,1653566220000,7.7,7.85,7.45,7.7,43900,1257525,33700,weekly,2022-5-26T21:00:00.000,options,put
163,1653566280000,7.7,7.75,7.55,7.6,18125,1257525,33700,weekly,2022-5-26T21:00:00.000,options,put
164,1653566340000,7.6,7.7,7.55,7.55,14200,1257525,33700,weekly,2022-5-26T21:00:00.000,options,put
165,1653566400000,7.55,7.65,7.5,7.6,10600,1258025,33700,weekly,2022-5-26T21:00:00.000,options,put
166,1653566460000,7.6,7.7,7.3,7.4,12600,1258025,33700,weekly,2022-5-26T21:00:00.000,options,put
167,1653566520000,7.35,7.95,7.25,7.9,37025,1258025,33700,weekly,2022-5-26T21:00:00.000,options,put
168,1653566580000,7.9,8.05,7.3,7.3,49700,1256700,33700,weekly,2022-5-26T21:00:00.000,options,put
169,1653566640000,7.3,7.4,7.1,7.15,47225,1256700,33700,weekly,2022-5-26T21:00:00.000,options,put
170,1653566700000,7.1,7.3,6.85,7.2,76225,1256700,33700,weekly,2022-5-26T21:00:00.000,options,put
171,1653566760000,7.0,7.1,6.75,7.0,68075,1253675,33700,weekly,2022-5-26T21:00:00.000,options,put
172,1653566820000,7.05,7.05,6.85,7.0,28650,1253675,33700,weekly,2022-5-26T21:00:00.000,options,put
173,1653566880000,7.05,7.4,7.0,7.3,26100,1253675,33700,weekly,2022-5-26T21:00:00.000,options,put
174,1653566940000,7.25,7.25,6.8,6.85,27025,1247575,33700,weekly,2022-5-26T21:00:00.000,options,put
175,1653567000000,6.9,6.95,6.7,6.8,47725,1247575,33700,weekly,2022-5-26T21:00:00.000,options,put
176,1653567060000,6.85,6.9,6.65,6.7,39400,1247575,33700,weekly,2022-5-26T21:00:00.000,options,put
177,1653567120000,6.7,6.75,6.4,6.4,52100,1241500,33700,weekly,2022-5-26T21:00:00.000,options,put
178,1653567180000,6.4,6.5,6.3,6.45,41675,1241500,33700,weekly,2022-5-26T21:00:00.000,options,put
179,1653567240000,6.5,6.7,6.5,6.65,31450,1241500,33700,weekly,2022-5-26T21:00:00.000,options,put
180,1653567300000,6.6,6.75,6.5,6.55,33775,1264575,33700,weekly,2022-5-26T21:00:00.000,options,put
181,1653567360000,6.5,6.55,6.3,6.35,40125,1264575,33700,weekly,2022-5-26T21:00:00.000,options,put
182,1653567420000,6.4,6.4,5.95,6.1,104300,1264575,33700,weekly,2022-5-26T21:00:00.000,options,put
183,1653567480000,6.1,6.35,5.9,5.9,72225,1274600,33700,weekly,2022-5-26T21:00:00.000,options,put
184,1653567540000,5.9,6.1,5.6,5.65,54725,1274600,33700,weekly,2022-5-26T21:00:00.000,options,put
185,1653567600000,5.6,5.95,5.55,5.7,55475,1274600,33700,weekly,2022-5-26T21:00:00.000,options,put
186,1653567660000,5.7,5.7,5.25,5.4,76775,1257350,33700,weekly,2022-5-26T21:00:00.000,options,put
187,1653567720000,5.4,5.65,5.35,5.6,50475,1257350,33700,weekly,2022-5-26T21:00:00.000,options,put
188,1653567780000,5.6,5.75,5.55,5.75,38075,1257350,33700,weekly,2022-5-26T21:00:00.000,options,put
189,1653567840000,5.7,5.8,5.65,5.65,60575,1250950,33700,weekly,2022-5-26T21:00:00.000,options,put
190,1653567900000,5.65,5.7,5.45,5.65,72075,1250950,33700,weekly,2022-5-26T21:00:00.000,options,put
191,1653567960000,5.6,6.5,5.6,6.35,111650,1250950,33700,weekly,2022-5-26T21:00:00.000,options,put
192,1653568020000,6.35,7.45,6.25,6.65,168675,1303450,33700,weekly,2022-5-26T21:00:00.000,options,put
193,1653568080000,6.7,6.7,6.25,6.35,66125,1303450,33700,weekly,2022-5-26T21:00:00.000,options,put
194,1653568140000,6.3,6.35,6.0,6.3,48725,1303450,33700,weekly,2022-5-26T21:00:00.000,options,put
195,1653568200000,6.3,6.75,6.2,6.45,71175,1307550,33700,weekly,2022-5-26T21:00:00.000,options,put
196,1653568260000,6.35,6.4,5.9,6.05,71025,1307550,33700,weekly,2022-5-26T21:00:00.000,options,put
197,1653568320000,6.05,6.05,5.65,5.75,55825,1307550,33700,weekly,2022-5-26T21:00:00.000,options,put
198,1653568380000,5.8,5.8,5.4,5.5,33100,1314575,33700,weekly,2022-5-26T21:00:00.000,options,put
199,1653568440000,5.5,5.75,5.45,5.7,33575,1314575,33700,weekly,2022-5-26T21:00:00.000,options,put
200,1653568500000,5.7,5.75,5.5,5.5,54250,1314575,33700,weekly,2022-5-26T21:00:00.000,options,put
201,1653568560000,5.55,5.55,5.2,5.25,57275,1311250,33700,weekly,2022-5-26T21:00:00.000,options,put
202,1653568620000,5.2,5.4,4.75,4.85,50825,1311250,33700,weekly,2022-5-26T21:00:00.000,options,put
203,1653568680000,4.8,4.8,4.05,4.45,98325,1311250,33700,weekly,2022-5-26T21:00:00.000,options,put
204,1653568740000,4.45,4.7,4.3,4.7,109950,1296800,33700,weekly,2022-5-26T21:00:00.000,options,put
205,1653568800000,4.65,4.9,4.6,4.75,80800,1296800,33700,weekly,2022-5-26T21:00:00.000,options,put
206,1653568860000,4.75,4.75,4.5,4.7,88450,1296800,33700,weekly,2022-5-26T21:00:00.000,options,put
207,1653568920000,4.65,5.0,4.65,5.0,31975,1346175,33700,weekly,2022-5-26T21:00:00.000,options,put
208,1653568980000,5.0,5.2,4.9,4.9,38700,1346175,33700,weekly,2022-5-26T21:00:00.000,options,put
209,1653569040000,4.95,5.05,4.65,4.65,48225,1346175,33700,weekly,2022-5-26T21:00:00.000,options,put
210,1653569100000,4.65,4.75,4.55,4.6,52250,1365925,33700,weekly,2022-5-26T21:00:00.000,options,put
211,1653569160000,4.6,4.65,4.5,4.55,32525,1365925,33700,weekly,2022-5-26T21:00:00.000,options,put
212,1653569220000,4.55,4.65,4.4,4.45,51100,1365925,33700,weekly,2022-5-26T21:00:00.000,options,put
213,1653569280000,4.45,4.65,4.45,4.65,51825,1362400,33700,weekly,2022-5-26T21:00:00.000,options,put
214,1653569340000,4.6,4.65,4.5,4.5,54600,1362400,33700,weekly,2022-5-26T21:00:00.000,options,put
215,1653569400000,4.5,4.65,4.4,4.6,55475,1362400,33700,weekly,2022-5-26T21:00:00.000,options,put
216,1653569460000,4.6,4.65,4.45,4.65,61350,1378400,33700,weekly,2022-5-26T21:00:00.000,options,put
217,1653569520000,4.65,4.8,4.4,4.5,51625,1378400,33700,weekly,2022-5-26T21:00:00.000,options,put
218,1653569580000,4.5,5.0,4.45,4.75,121900,1378400,33700,weekly,2022-5-26T21:00:00.000,options,put
219,1653569640000,4.7,4.7,4.4,4.65,139675,1353325,33700,weekly,2022-5-26T21:00:00.000,options,put
220,1653569700000,4.6,4.85,4.55,4.7,175975,1353325,33700,weekly,2022-5-26T21:00:00.000,options,put
221,1653569760000,4.75,4.9,4.6,4.65,88700,1353325,33700,weekly,2022-5-26T21:00:00.000,options,put
222,1653569820000,4.65,4.65,4.45,4.45,104200,1324650,33700,weekly,2022-5-26T21:00:00.000,options,put
223,1653569880000,4.45,4.55,4.4,4.5,72450,1324650,33700,weekly,2022-5-26T21:00:00.000,options,put
224,1653569940000,4.5,4.65,4.35,4.35,116625,1324650,33700,weekly,2022-5-26T21:00:00.000,options,put
225,1653570000000,4.4,4.45,4.1,4.25,200000,1388400,33700,weekly,2022-5-26T21:00:00.000,options,put
226,1653570060000,4.25,4.35,4.25,4.25,99950,1388400,33700,weekly,2022-5-26T21:00:00.000,options,put
227,1653570120000,4.2,4.5,4.1,4.5,143550,1388400,33700,weekly,2022-5-26T21:00:00.000,options,put
228,1653570180000,4.65,4.95,4.55,4.7,197775,1330800,33700,weekly,2022-5-26T21:00:00.000,options,put
229,1653570240000,4.7,5.1,4.6,4.7,192800,1330800,33700,weekly,2022-5-26T21:00:00.000,options,put
230,1653570300000,4.7,5.4,4.7,5.15,156225,1330800,33700,weekly,2022-5-26T21:00:00.000,options,put
231,1653570360000,5.25,5.3,5.0,5.15,89525,1234975,33700,weekly,2022-5-26T21:00:00.000,options,put
232,1653570420000,5.15,5.2,4.65,4.8,91875,1234975,33700,weekly,2022-5-26T21:00:00.000,options,put
233,1653570480000,4.8,5.1,4.6,5.05,106375,1234975,33700,weekly,2022-5-26T21:00:00.000,options,put
234,1653570540000,5.1,5.2,4.7,4.7,88025,1172200,33700,weekly,2022-5-26T21:00:00.000,options,put
235,1653570600000,4.65,4.85,4.65,4.8,60175,1172200,33700,weekly,2022-5-26T21:00:00.000,options,put
236,1653570660000,4.8,4.8,4.4,4.4,57800,1172200,33700,weekly,2022-5-26T21:00:00.000,options,put
237,1653570720000,4.45,4.5,3.9,4.2,102775,1166725,33700,weekly,2022-5-26T21:00:00.000,options,put
238,1653570780000,4.2,4.25,4.0,4.15,66475,1166725,33700,weekly,2022-5-26T21:00:00.000,options,put
239,1653570840000,4.1,4.4,4.1,4.25,82175,1166725,33700,weekly,2022-5-26T21:00:00.000,options,put
240,1653570900000,4.3,4.5,4.2,4.2,98200,1153900,33700,weekly,2022-5-26T21:00:00.000,options,put
241,1653570960000,4.2,4.3,4.05,4.3,93125,1153900,33700,weekly,2022-5-26T21:00:00.000,options,put
242,1653571020000,4.3,4.6,4.25,4.35,77050,1153900,33700,weekly,2022-5-26T21:00:00.000,options,put
243,1653571080000,4.3,4.35,3.9,4.05,99225,1161150,33700,weekly,2022-5-26T21:00:00.000,options,put
244,1653571140000,4.15,4.2,4.0,4.15,85275,1161150,33700,weekly,2022-5-26T21:00:00.000,options,put
245,1653571200000,4.15,4.2,4.05,4.1,64550,1161150,33700,weekly,2022-5-26T21:00:00.000,options,put
246,1653571260000,4.15,4.25,4.1,4.1,124925,1171025,33700,weekly,2022-5-26T21:00:00.000,options,put
247,1653571320000,4.1,4.3,4.1,4.25,77775,1171025,33700,weekly,2022-5-26T21:00:00.000,options,put
248,1653571380000,4.2,4.3,4.15,4.25,63025,1171025,33700,weekly,2022-5-26T21:00:00.000,options,put
249,1653571440000,4.25,4.4,4.2,4.35,49125,1168550,33700,weekly,2022-5-26T21:00:00.000,options,put
250,1653571500000,4.35,4.4,4.15,4.15,56550,1168550,33700,weekly,2022-5-26T21:00:00.000,options,put
251,1653571560000,4.25,4.25,4.1,4.1,61275,1168550,33700,weekly,2022-5-26T21:00:00.000,options,put
252,1653571620000,4.1,4.2,4.05,4.15,53400,1170875,33700,weekly,2022-5-26T21:00:00.000,options,put
253,1653571680000,4.1,4.1,3.95,4.0,81275,1170875,33700,weekly,2022-5-26T21:00:00.000,options,put
254,1653571740000,4.0,4.0,3.85,3.85,45225,1170875,33700,weekly,2022-5-26T21:00:00.000,options,put
255,1653571800000,3.85,3.9,3.7,3.8,80650,1155550,33700,weekly,2022-5-26T21:00:00.000,options,put
256,1653571860000,3.8,3.85,3.35,3.4,57225,1155550,33700,weekly,2022-5-26T21:00:00.000,options,put
257,1653571920000,3.4,3.45,3.25,3.4,126875,1155550,33700,weekly,2022-5-26T21:00:00.000,options,put
258,1653571980000,3.4,3.5,3.35,3.5,82525,1156700,33700,weekly,2022-5-26T21:00:00.000,options,put
259,1653572040000,3.5,3.6,3.45,3.5,65625,1156700,33700,weekly,2022-5-26T21:00:00.000,options,put
260,1653572100000,3.5,4.0,3.45,3.95,62100,1156700,33700,weekly,2022-5-26T21:00:00.000,options,put
261,1653572160000,4.0,4.05,3.75,3.8,79450,1157250,33700,weekly,2022-5-26T21:00:00.000,options,put
262,1653572220000,3.8,3.8,3.4,3.5,45575,1157250,33700,weekly,2022-5-26T21:00:00.000,options,put
263,1653572280000,3.45,3.6,3.4,3.6,60175,1157250,33700,weekly,2022-5-26T21:00:00.000,options,put
264,1653572340000,3.6,3.65,3.5,3.6,43075,1152350,33700,weekly,2022-5-26T21:00:00.000,options,put
265,1653572400000,3.6,3.65,3.4,3.4,36850,1152350,33700,weekly,2022-5-26T21:00:00.000,options,put
266,1653572460000,3.45,3.45,3.15,3.2,33350,1152350,33700,weekly,2022-5-26T21:00:00.000,options,put
267,1653572520000,3.15,3.25,3.1,3.15,42350,1150325,33700,weekly,2022-5-26T21:00:00.000,options,put
268,1653572580000,3.1,3.15,3.05,3.1,38425,1150325,33700,weekly,2022-5-26T21:00:00.000,options,put
269,1653572640000,3.15,3.15,2.95,3.05,69675,1150325,33700,weekly,2022-5-26T21:00:00.000,options,put
270,1653572700000,3.0,3.0,2.85,2.85,54000,1131350,33700,weekly,2022-5-26T21:00:00.000,options,put
271,1653572760000,2.85,2.9,2.8,2.85,52000,1131350,33700,weekly,2022-5-26T21:00:00.000,options,put
272,1653572820000,2.85,3.0,2.85,2.95,57150,1131350,33700,weekly,2022-5-26T21:00:00.000,options,put
273,1653572880000,2.95,3.05,2.85,2.85,101975,1126900,33700,weekly,2022-5-26T21:00:00.000,options,put
274,1653572940000,2.85,2.9,2.65,2.65,60375,1126900,33700,weekly,2022-5-26T21:00:00.000,options,put
275,1653573000000,2.65,2.65,2.55,2.6,38800,1126900,33700,weekly,2022-5-26T21:00:00.000,options,put
276,1653573060000,2.65,2.65,2.45,2.45,134750,1085100,33700,weekly,2022-5-26T21:00:00.000,options,put
277,1653573120000,2.45,2.55,2.35,2.5,90075,1085100,33700,weekly,2022-5-26T21:00:00.000,options,put
278,1653573180000,2.5,2.75,2.5,2.7,44000,1085100,33700,weekly,2022-5-26T21:00:00.000,options,put
279,1653573240000,2.75,2.85,2.75,2.8,30175,1116500,33700,weekly,2022-5-26T21:00:00.000,options,put
280,1653573300000,2.8,2.95,2.8,2.85,37700,1116500,33700,weekly,2022-5-26T21:00:00.000,options,put
281,1653573360000,2.85,2.95,2.8,2.8,37925,1116500,33700,weekly,2022-5-26T21:00:00.000,options,put
282,1653573420000,2.85,2.85,2.7,2.75,51250,1114725,33700,weekly,2022-5-26T21:00:00.000,options,put
283,1653573480000,2.8,2.95,2.5,2.75,95400,1114725,33700,weekly,2022-5-26T21:00:00.000,options,put
284,1653573540000,2.8,2.85,2.55,2.55,81125,1114725,33700,weekly,2022-5-26T21:00:00.000,options,put
285,1653573600000,2.55,2.55,2.15,2.15,69275,1111825,33700,weekly,2022-5-26T21:00:00.000,options,put
286,1653573660000,2.15,2.3,2.0,2.3,65875,1111825,33700,weekly,2022-5-26T21:00:00.000,options,put
287,1653573720000,2.25,2.4,2.2,2.2,42900,1111825,33700,weekly,2022-5-26T21:00:00.000,options,put
288,1653573780000,2.3,2.4,2.05,2.1,72775,1095875,33700,weekly,2022-5-26T21:00:00.000,options,put
289,1653573840000,2.05,2.15,2.0,2.0,32200,1095875,33700,weekly,2022-5-26T21:00:00.000,options,put
290,1653573900000,1.95,2.05,1.9,2.0,109675,1095875,33700,weekly,2022-5-26T21:00:00.000,options,put
291,1653573960000,2.0,2.35,1.95,2.2,75150,1071675,33700,weekly,2022-5-26T21:00:00.000,options,put
292,1653574020000,2.2,2.3,2.15,2.25,67550,1071675,33700,weekly,2022-5-26T21:00:00.000,options,put
293,1653574080000,2.25,2.3,2.1,2.15,51325,1071675,33700,weekly,2022-5-26T21:00:00.000,options,put
294,1653574140000,2.1,2.15,2.0,2.05,41400,1090850,33700,weekly,2022-5-26T21:00:00.000,options,put
295,1653574200000,2.0,2.0,1.8,1.85,26375,1090850,33700,weekly,2022-5-26T21:00:00.000,options,put
296,1653574260000,1.85,1.9,1.8,1.85,20025,1090850,33700,weekly,2022-5-26T21:00:00.000,options,put
297,1653574320000,1.85,1.9,1.8,1.9,14725,1091525,33700,weekly,2022-5-26T21:00:00.000,options,put
298,1653574380000,1.9,1.9,1.5,1.55,28350,1091525,33700,weekly,2022-5-26T21:00:00.000,options,put
299,1653574440000,1.55,1.65,1.45,1.5,42900,1091525,33700,weekly,2022-5-26T21:00:00.000,options,put
300,1653574500000,1.45,1.55,1.4,1.5,43175,1087275,33700,weekly,2022-5-26T21:00:00.000,options,put
301,1653574560000,1.5,1.5,1.3,1.35,40650,1087275,33700,weekly,2022-5-26T21:00:00.000,options,put
302,1653574620000,1.3,1.4,1.3,1.35,28500,1087275,33700,weekly,2022-5-26T21:00:00.000,options,put
303,1653574680000,1.4,1.45,1.35,1.35,30750,1075350,33700,weekly,2022-5-26T21:00:00.000,options,put
304,1653574740000,1.35,1.4,1.3,1.35,38850,1075350,33700,weekly,2022-5-26T21:00:00.000,options,put
305,1653574800000,1.35,1.45,1.35,1.4,26025,1075350,33700,weekly,2022-5-26T21:00:00.000,options,put
306,1653574860000,1.35,1.45,1.25,1.3,44350,1061750,33700,weekly,2022-5-26T21:00:00.000,options,put
307,1653574920000,1.25,1.3,1.15,1.15,26975,1061750,33700,weekly,2022-5-26T21:00:00.000,options,put
308,1653574980000,1.2,1.3,1.1,1.3,74125,1061750,33700,weekly,2022-5-26T21:00:00.000,options,put
309,1653575040000,1.3,1.5,1.3,1.45,39825,1034225,33700,weekly,2022-5-26T21:00:00.000,options,put
310,1653575100000,1.45,1.5,1.35,1.45,37250,1034225,33700,weekly,2022-5-26T21:00:00.000,options,put
311,1653575160000,1.45,1.55,1.35,1.35,53500,1034225,33700,weekly,2022-5-26T21:00:00.000,options,put
312,1653575220000,1.35,1.4,1.15,1.15,93250,1009450,33700,weekly,2022-5-26T21:00:00.000,options,put
313,1653575280000,1.15,1.25,1.1,1.15,30200,1009450,33700,weekly,2022-5-26T21:00:00.000,options,put
314,1653575340000,1.15,1.2,1.15,1.15,18750,1009450,33700,weekly,2022-5-26T21:00:00.000,options,put
315,1653575400000,1.2,1.2,1.15,1.2,16800,997400,33700,weekly,2022-5-26T21:00:00.000,options,put
316,1653575460000,1.2,1.25,1.05,1.05,55375,997400,33700,weekly,2022-5-26T21:00:00.000,options,put
317,1653575520000,1.05,1.1,1.05,1.05,27150,997400,33700,weekly,2022-5-26T21:00:00.000,options,put
318,1653575580000,1.1,1.15,1.05,1.1,38475,993325,33700,weekly,2022-5-26T21:00:00.000,options,put
319,1653575640000,1.05,1.1,1.05,1.05,12825,993325,33700,weekly,2022-5-26T21:00:00.000,options,put
320,1653575700000,1.05,1.1,0.95,1.0,35600,993325,33700,weekly,2022-5-26T21:00:00.000,options,put
321,1653575760000,1.0,1.0,0.95,0.95,11450,983550,33700,weekly,2022-5-26T21:00:00.000,options,put
322,1653575820000,0.95,1.05,0.95,1.0,39275,983550,33700,weekly,2022-5-26T21:00:00.000,options,put
323,1653575880000,1.05,1.05,0.7,0.75,64575,983550,33700,weekly,2022-5-26T21:00:00.000,options,put
324,1653575940000,0.75,0.8,0.7,0.75,46125,975550,33700,weekly,2022-5-26T21:00:00.000,options,put
325,1653576000000,0.75,0.8,0.6,0.7,54675,975550,33700,weekly,2022-5-26T21:00:00.000,options,put
326,1653576060000,0.75,0.8,0.65,0.75,25600,975550,33700,weekly,2022-5-26T21:00:00.000,options,put
327,1653576120000,0.7,0.8,0.65,0.75,37975,932975,33700,weekly,2022-5-26T21:00:00.000,options,put
328,1653576180000,0.7,0.75,0.65,0.65,18500,932975,33700,weekly,2022-5-26T21:00:00.000,options,put
329,1653576240000,0.7,0.75,0.65,0.7,31425,932975,33700,weekly,2022-5-26T21:00:00.000,options,put
330,1653576300000,0.7,0.75,0.6,0.6,30900,921100,33700,weekly,2022-5-26T21:00:00.000,options,put
331,1653576360000,0.6,0.7,0.6,0.6,11100,921100,33700,weekly,2022-5-26T21:00:00.000,options,put
332,1653576420000,0.6,0.7,0.55,0.6,20200,921100,33700,weekly,2022-5-26T21:00:00.000,options,put
333,1653576480000,0.65,0.75,0.6,0.65,20300,893675,33700,weekly,2022-5-26T21:00:00.000,options,put
334,1653576540000,0.65,0.7,0.55,0.6,15350,893675,33700,weekly,2022-5-26T21:00:00.000,options,put
335,1653576600000,0.55,0.7,0.55,0.6,23300,893675,33700,weekly,2022-5-26T21:00:00.000,options,put
336,1653576660000,0.6,0.7,0.55,0.7,10700,881425,33700,weekly,2022-5-26T21:00:00.000,options,put
337,1653576720000,0.6,0.75,0.6,0.7,38900,881425,33700,weekly,2022-5-26T21:00:00.000,options,put
338,1653576780000,0.7,0.75,0.65,0.7,16600,881425,33700,weekly,2022-5-26T21:00:00.000,options,put
339,1653576840000,0.7,0.75,0.65,0.7,10100,858450,33700,weekly,2022-5-26T21:00:00.000,options,put
340,1653576900000,0.7,0.7,0.6,0.65,17100,858450,33700,weekly,2022-5-26T21:00:00.000,options,put
341,1653576960000,0.65,0.7,0.6,0.65,8975,858450,33700,weekly,2022-5-26T21:00:00.000,options,put
342,1653577020000,0.65,0.75,0.6,0.65,11900,851425,33700,weekly,2022-5-26T21:00:00.000,options,put
343,1653577080000,0.65,0.8,0.65,0.7,13925,851425,33700,weekly,2022-5-26T21:00:00.000,options,put
344,1653577140000,0.75,0.75,0.65,0.7,18025,851425,33700,weekly,2022-5-26T21:00:00.000,options,put
345,1653577200000,0.7,0.7,0.65,0.7,11825,845325,33700,weekly,2022-5-26T21:00:00.000,options,put
346,1653577260000,0.65,0.65,0.5,0.5,33175,845325,33700,weekly,2022-5-26T21:00:00.000,options,put
347,1653577320000,0.5,0.6,0.4,0.5,34650,845325,33700,weekly,2022-5-26T21:00:00.000,options,put
348,1653577380000,0.5,0.5,0.25,0.5,56300,822000,33700,weekly,2022-5-26T21:00:00.000,options,put
349,1653577440000,0.55,0.6,0.4,0.45,29275,822000,33700,weekly,2022-5-26T21:00:00.000,options,put
350,1653577500000,0.45,0.5,0.35,0.4,48975,822000,33700,weekly,2022-5-26T21:00:00.000,options,put
351,1653577560000,0.35,0.4,0.3,0.3,23400,791800,33700,weekly,2022-5-26T21:00:00.000,options,put
352,1653577620000,0.35,0.35,0.25,0.25,18400,791800,33700,weekly,2022-5-26T21:00:00.000,options,put
353,1653577680000,0.25,0.3,0.1,0.15,118600,791800,33700,weekly,2022-5-26T21:00:00.000,options,put
354,1653577740000,0.15,0.2,0.1,0.2,22100,742650,33700,weekly,2022-5-26T21:00:00.000,options,put
355,1653577800000,0.2,0.2,0.15,0.2,14475,742650,33700,weekly,2022-5-26T21:00:00.000,options,put
356,1653577860000,0.2,0.2,0.1,0.15,48050,742650,33700,weekly,2022-5-26T21:00:00.000,options,put
357,1653577920000,0.15,0.2,0.1,0.15,17775,712900,33700,weekly,2022-5-26T21:00:00.000,options,put
358,1653577980000,0.15,0.2,0.1,0.15,11800,712900,33700,weekly,2022-5-26T21:00:00.000,options,put
359,1653578040000,0.15,0.15,0.1,0.1,19325,712900,33700,weekly,2022-5-26T21:00:00.000,options,put
360,1653578100000,0.1,0.2,0.1,0.1,44475,682700,33700,weekly,2022-5-26T21:00:00.000,options,put
361,1653578160000,0.15,0.15,0.1,0.1,29975,682700,33700,weekly,2022-5-26T21:00:00.000,options,put
362,1653578220000,0.2,0.2,0.1,0.1,14200,682700,33700,weekly,2022-5-26T21:00:00.000,options,put
363,1653578280000,0.1,0.2,0.05,0.1,42100,629325,33700,weekly,2022-5-26T21:00:00.000,options,put
364,1653578340000,0.05,0.1,0.05,0.05,32450,629325,33700,weekly,2022-5-26T21:00:00.000,options,put
365,1653578400000,0.1,0.2,0.05,0.05,26825,629325,33700,weekly,2022-5-26T21:00:00.000,options,put
366,1653578460000,0.1,0.2,0.05,0.05,26075,595625,33700,weekly,2022-5-26T21:00:00.000,options,put
367,1653578520000,0.05,0.1,0.05,0.05,16450,595625,33700,weekly,2022-5-26T21:00:00.000,options,put
368,1653578580000,0.1,0.1,0.05,0.05,24025,595625,33700,weekly,2022-5-26T21:00:00.000,options,put
369,1653578640000,0.05,0.1,0.05,0.05,8475,561775,33700,weekly,2022-5-26T21:00:00.000,options,put
370,1653578700000,0.05,0.1,0.05,0.05,20675,561775,33700,weekly,2022-5-26T21:00:00.000,options,put
371,1653578760000,0.05,0.1,0.05,0.05,7400,561775,33700,weekly,2022-5-26T21:00:00.000,options,put
372,1653578820000,0.05,0.05,0.05,0.05,2625,561775,33700,weekly,2022-5-26T21:00:00.000,options,put
373,1653578880000,0.05,0.05,0.05,0.05,8325,536200,33700,weekly,2022-5-26T21:00:00.000,options,put
374,1653578940000,0.05,0.05,0.05,0.05,25800,536200,33700,weekly,2022-5-26T21:00:00.000,options,put
