,timestamp,open,high,low,close,volume,open_interest,strike,expiry_type,expiry,instrument,contract_type
0,1603185300000,629.45,629.45,575.55,611.15,6225,,24000,weekly,2020-10-29T21:00:00.000,options,call
1,1603185360000,620.85,621.9,602.3,609.5,4300,,24000,weekly,2020-10-29T21:00:00.000,options,call
2,1603185420000,616.4,624.15,610.5,623.85,2175,,24000,weekly,2020-10-29T21:00:00.000,options,call
3,1603185480000,624.25,631.5,617.4,624.95,3325,,24000,weekly,2020-10-29T21:00:00.000,options,call
4,1603185540000,623.25,629.25,616.85,625.35,3725,,24000,weekly,2020-10-29T21:00:00.000,options,call
5,1603185600000,624.5,627.35,608.6,611.35,4675,,24000,weekly,2020-10-29T21:00:00.000,options,call
6,1603185660000,605.95,617.05,601.4,616.7,5325,,24000,weekly,2020-10-29T21:00:00.000,options,call
7,1603185720000,617.4,631.3,617.4,626.65,3200,,24000,weekly,2020-10-29T21:00:00.000,options,call
8,1603185780000,630.0,637.7,623.6,627.0,3050,,24000,weekly,2020-10-29T21:00:00.000,options,call
9,1603185840000,628.25,673.8,626.25,667.25,7125,,24000,weekly,2020-10-29T21:00:00.000,options,call
10,1603185900000,674.0,698.55,673.95,678.75,9500,,24000,weekly,2020-10-29T21:00:00.000,options,call
11,1603185960000,676.2,677.0,655.25,660.0,4525,,24000,weekly,2020-10-29T21:00:00.000,options,call
12,1603186020000,660.1,661.15,647.8,655.2,2575,,24000,weekly,2020-10-29T21:00:00.000,options,call
13,1603186080000,655.0,669.75,651.8,664.8,2375,,24000,weekly,2020-10-29T21:00:00.000,options,call
14,1603186140000,664.8,672.9,664.8,672.55,11850,,24000,weekly,2020-10-29T21:00:00.000,options,call
15,1603186200000,672.55,699.0,671.95,697.6,9125,,24000,weekly,2020-10-29T21:00:00.000,options,call
16,1603186260000,698.0,709.95,692.9,692.9,6500,,24000,weekly,2020-10-29T21:00:00.000,options,call
17,1603186320000,695.3,698.8,687.3,688.6,1350,,24000,weekly,2020-10-29T21:00:00.000,options,call
18,1603186380000,687.75,700.0,680.3,700.0,1800,,24000,weekly,2020-10-29T21:00:00.000,options,call
19,1603186440000,704.75,707.15,696.55,707.15,5325,,24000,weekly,2020-10-29T21:00:00.000,options,call
20,1603186500000,710.0,722.85,702.35,702.35,5425,,24000,weekly,2020-10-29T21:00:00.000,options,call
21,1603186560000,703.5,712.85,698.95,708.5,1375,,24000,weekly,2020-10-29T21:00:00.000,options,call
22,1603186620000,710.1,717.55,701.6,706.65,2550,,24000,weekly,2020-10-29T21:00:00.000,options,call
23,1603186680000,706.65,709.85,701.0,701.0,1750,,24000,weekly,2020-10-29T21:00:00.000,options,call
24,1603186740000,700.9,720.95,698.0,713.1,1300,,24000,weekly,2020-10-29T21:00:00.000,options,call
25,1603186800000,719.05,720.45,696.6,700.45,2075,,24000,weekly,2020-10-29T21:00:00.000,options,call
26,1603186860000,699.0,699.0,687.0,695.65,1050,,24000,weekly,2020-10-29T21:00:00.000,options,call
27,1603186920000,695.65,698.1,691.8,698.1,375,,24000,weekly,2020-10-29T21:00:00.000,options,call
28,1603186980000,697.6,706.65,697.3,706.65,1775,,24000,weekly,2020-10-29T21:00:00.000,options,call
29,1603187040000,707.8,707.8,700.0,700.0,2450,,24000,weekly,2020-10-29T21:00:00.000,options,call
30,1603187100000,706.65,715.85,695.3,699.7,1100,,24000,weekly,2020-10-29T21:00:00.000,options,call
31,1603187160000,699.7,699.7,694.15,694.15,650,,24000,weekly,2020-10-29T21:00:00.000,options,call
32,1603187220000,695.2,696.0,690.0,690.0,2450,,24000,weekly,2020-10-29T21:00:00.000,options,call
33,1603187280000,690.0,691.65,675.0,685.0,2825,,24000,weekly,2020-10-29T21:00:00.000,options,call
34,1603187340000,686.9,686.9,675.15,682.85,1550,,24000,weekly,2020-10-29T21:00:00.000,options,call
35,1603187400000,682.85,682.85,647.45,650.5,3350,,24000,weekly,2020-10-29T21:00:00.000,options,call
36,1603187460000,650.5,651.0,646.2,650.0,3900,,24000,weekly,2020-10-29T21:00:00.000,options,call
37,1603187520000,648.4,649.75,638.25,648.3,1675,,24000,weekly,2020-10-29T21:00:00.000,options,call
38,1603187580000,652.9,659.1,650.15,656.2,2200,,24000,weekly,2020-10-29T21:00:00.000,options,call
39,1603187640000,656.2,656.2,647.0,648.4,1025,,24000,weekly,2020-10-29T21:00:00.000,options,call
40,1603187700000,645.45,647.25,619.5,619.5,2350,,24000,weekly,2020-10-29T21:00:00.000,options,call
41,1603187760000,618.45,625.95,618.0,623.4,2275,,24000,weekly,2020-10-29T21:00:00.000,options,call
42,1603187820000,623.4,637.2,623.4,635.0,1275,,24000,weekly,2020-10-29T21:00:00.000,options,call
43,1603187880000,634.15,654.2,634.15,651.65,475,,24000,weekly,2020-10-29T21:00:00.000,options,call
44,1603187940000,643.4,644.45,631.55,633.95,650,,24000,weekly,2020-10-29T21:00:00.000,options,call
45,1603188000000,632.05,632.05,615.0,615.05,2225,,24000,weekly,2020-10-29T21:00:00.000,options,call
46,1603188060000,617.45,637.2,614.65,636.6,1250,,24000,weekly,2020-10-29T21:00:00.000,options,call
47,1603188120000,636.05,643.55,630.05,643.55,1225,,24000,weekly,2020-10-29T21:00:00.000,options,call
48,1603188180000,643.95,644.0,636.1,636.6,725,,24000,weekly,2020-10-29T21:00:00.000,options,call
49,1603188240000,635.85,648.35,635.85,640.85,1000,,24000,weekly,2020-10-29T21:00:00.000,options,call
50,1603188300000,642.65,653.2,642.65,653.2,1125,,24000,weekly,2020-10-29T21:00:00.000,options,call
51,1603188360000,654.05,654.05,650.0,654.0,225,,24000,weekly,2020-10-29T21:00:00.000,options,call
52,1603188420000,651.7,661.0,650.0,650.0,1300,,24000,weekly,2020-10-29T21:00:00.000,options,call
53,1603188480000,647.1,654.0,646.75,654.0,300,,24000,weekly,2020-10-29T21:00:00.000,options,call
54,1603188540000,646.2,647.0,644.3,644.3,500,,24000,weekly,2020-10-29T21:00:00.000,options,call
55,1603188600000,644.3,644.3,625.0,625.0,925,,24000,weekly,2020-10-29T21:00:00.000,options,call
56,1603188660000,625.0,636.0,624.2,636.0,550,,24000,weekly,2020-10-29T21:00:00.000,options,call
57,1603188720000,639.2,647.75,639.2,643.0,175,,24000,weekly,2020-10-29T21:00:00.000,options,call
58,1603188780000,644.15,648.95,644.15,648.5,200,,24000,weekly,2020-10-29T21:00:00.000,options,call
59,1603188840000,648.95,653.75,648.45,653.75,1500,,24000,weekly,2020-10-29T21:00:00.000,options,call
60,1603188900000,653.75,654.0,640.0,649.3,1200,,24000,weekly,2020-10-29T21:00:00.000,options,call
61,1603188960000,647.0,648.7,647.0,647.6,100,,24000,weekly,2020-10-29T21:00:00.000,options,call
62,1603189020000,645.35,645.35,640.0,642.2,850,,24000,weekly,2020-10-29T21:00:00.000,options,call
63,1603189080000,648.7,649.6,641.3,642.0,1125,,24000,weekly,2020-10-29T21:00:00.000,options,call
64,1603189140000,640.55,640.55,630.0,630.0,400,,24000,weekly,2020-10-29T21:00:00.000,options,call
65,1603189200000,630.0,640.0,625.75,635.25,400,,24000,weekly,2020-10-29T21:00:00.000,options,call
66,1603189260000,640.0,643.35,637.25,637.25,350,,24000,weekly,2020-10-29T21:00:00.000,options,call
67,1603189320000,635.2,640.0,635.2,640.0,50,,24000,weekly,2020-10-29T21:00:00.000,options,call
68,1603189380000,639.2,639.2,639.2,639.2,25,,24000,weekly,2020-10-29T21:00:00.000,options,call
69,1603189440000,639.0,639.0,639.0,639.0,50,,24000,weekly,2020-10-29T21:00:00.000,options,call
70,1603189500000,636.2,641.25,636.2,641.25,125,,24000,weekly,2020-10-29T21:00:00.000,options,call
71,1603189560000,640.2,640.2,630.55,634.25,725,,24000,weekly,2020-10-29T21:00:00.000,options,call
72,1603189620000,635.6,641.0,635.6,641.0,250,,24000,weekly,2020-10-29T21:00:00.000,options,call
73,1603189680000,641.0,644.0,639.3,644.0,150,,24000,weekly,2020-10-29T21:00:00.000,options,call
74,1603189740000,650.0,653.0,645.0,653.0,550,,24000,weekly,2020-10-29T21:00:00.000,options,call
75,1603189800000,653.0,653.0,645.9,648.25,600,,24000,weekly,2020-10-29T21:00:00.000,options,call
76,1603189860000,648.25,648.25,647.1,647.1,100,,24000,weekly,2020-10-29T21:00:00.000,options,call
77,1603189920000,647.1,649.35,645.0,645.0,575,,24000,weekly,2020-10-29T21:00:00.000,options,call
78,1603189980000,645.0,645.0,644.7,644.7,75,,24000,weekly,2020-10-29T21:00:00.000,options,call
79,1603190040000,644.7,650.15,644.7,649.0,500,,24000,weekly,2020-10-29T21:00:00.000,options,call
80,1603190100000,650.3,664.95,650.3,658.85,1775,,24000,weekly,2020-10-29T21:00:00.000,options,call
81,1603190160000,658.85,672.0,658.55,670.0,1150,,24000,weekly,2020-10-29T21:00:00.000,options,call
82,1603190220000,672.6,678.0,667.6,667.6,1325,,24000,weekly,2020-10-29T21:00:00.000,options,call
83,1603190280000,670.8,674.15,667.75,670.95,375,,24000,weekly,2020-10-29T21:00:00.000,options,call
84,1603190340000,667.0,673.0,667.0,673.0,500,,24000,weekly,2020-10-29T21:00:00.000,options,call
85,1603190400000,675.0,677.95,671.05,673.5,1350,,24000,weekly,2020-10-29T21:00:00.000,options,call
86,1603190460000,672.2,672.2,663.65,668.35,1050,,24000,weekly,2020-10-29T21:00:00.000,options,call
87,1603190520000,668.35,675.05,668.0,675.0,925,,24000,weekly,2020-10-29T21:00:00.000,options,call
88,1603190580000,675.0,689.0,675.0,683.2,2775,,24000,weekly,2020-10-29T21:00:00.000,options,call
89,1603190640000,683.2,716.1,683.2,713.6,4300,,24000,weekly,2020-10-29T21:00:00.000,options,call
90,1603190700000,712.25,729.95,710.5,710.5,6325,,24000,weekly,2020-10-29T21:00:00.000,options,call
91,1603190760000,710.5,712.35,698.35,704.3,1700,,24000,weekly,2020-10-29T21:00:00.000,options,call
92,1603190820000,703.25,713.1,701.35,713.1,975,,24000,weekly,2020-10-29T21:00:00.000,options,call
93,1603190880000,713.1,713.1,706.85,711.1,1075,,24000,weekly,2020-10-29T21:00:00.000,options,call
94,1603190940000,711.1,716.2,710.2,715.95,1175,,24000,weekly,2020-10-29T21:00:00.000,options,call
95,1603191000000,720.0,729.95,717.55,724.25,1675,,24000,weekly,2020-10-29T21:00:00.000,options,call
96,1603191060000,724.25,725.0,719.4,720.25,725,,24000,weekly,2020-10-29T21:00:00.000,options,call
97,1603191120000,720.0,721.25,694.05,698.4,2950,,24000,weekly,2020-10-29T21:00:00.000,options,call
98,1603191180000,697.1,697.1,693.3,696.05,400,,24000,weekly,2020-10-29T21:00:00.000,options,call
99,1603191240000,696.05,699.6,678.35,682.6,1825,,24000,weekly,2020-10-29T21:00:00.000,options,call
100,1603191300000,683.95,690.0,676.25,690.0,1450,,24000,weekly,2020-10-29T21:00:00.000,options,call
101,1603191360000,690.0,690.9,688.15,688.9,1325,,24000,weekly,2020-10-29T21:00:00.000,options,call
102,1603191420000,691.0,697.75,688.0,697.75,350,,24000,weekly,2020-10-29T21:00:00.000,options,call
103,1603191480000,694.5,705.75,694.5,702.95,850,,24000,weekly,2020-10-29T21:00:00.000,options,call
104,1603191540000,702.95,704.0,699.0,700.9,550,,24000,weekly,2020-10-29T21:00:00.000,options,call
105,1603191600000,700.9,711.15,698.8,707.45,1950,,24000,weekly,2020-10-29T21:00:00.000,options,call
106,1603191660000,707.45,712.0,699.45,699.45,650,,24000,weekly,2020-10-29T21:00:00.000,options,call
107,1603191720000,699.45,699.45,690.25,691.25,600,,24000,weekly,2020-10-29T21:00:00.000,options,call
108,1603191780000,695.5,698.45,695.5,696.05,300,,24000,weekly,2020-10-29T21:00:00.000,options,call
109,1603191840000,697.05,702.8,697.05,701.15,925,,24000,weekly,2020-10-29T21:00:00.000,options,call
110,1603191900000,701.15,707.1,701.0,703.05,450,,24000,weekly,2020-10-29T21:00:00.000,options,call
111,1603191960000,702.95,710.0,701.25,704.25,1125,,24000,weekly,2020-10-29T21:00:00.000,options,call
112,1603192020000,704.45,707.2,704.25,704.75,125,,24000,weekly,2020-10-29T21:00:00.000,options,call
113,1603192080000,704.75,709.1,703.95,703.95,400,,24000,weekly,2020-10-29T21:00:00.000,options,call
114,1603192140000,706.15,710.0,702.0,709.2,500,,24000,weekly,2020-10-29T21:00:00.000,options,call
115,1603192200000,709.2,745.0,709.0,736.6,5800,,24000,weekly,2020-10-29T21:00:00.000,options,call
116,1603192260000,739.8,740.9,731.0,733.6,3125,,24000,weekly,2020-10-29T21:00:00.000,options,call
117,1603192320000,734.25,756.0,733.7,752.3,4600,,24000,weekly,2020-10-29T21:00:00.000,options,call
118,1603192380000,751.15,775.0,750.3,760.35,6875,,24000,weekly,2020-10-29T21:00:00.000,options,call
119,1603192440000,762.1,764.1,759.35,761.5,8600,,24000,weekly,2020-10-29T21:00:00.000,options,call
120,1603192500000,761.55,777.5,761.55,765.5,4975,,24000,weekly,2020-10-29T21:00:00.000,options,call
121,1603192560000,765.5,771.5,762.95,768.15,4600,,24000,weekly,2020-10-29T21:00:00.000,options,call
122,1603192620000,769.9,775.1,762.3,762.3,2025,,24000,weekly,2020-10-29T21:00:00.000,options,call
123,1603192680000,762.3,765.0,755.9,761.0,1450,,24000,weekly,2020-10-29T21:00:00.000,options,call
124,1603192740000,761.0,761.0,750.15,760.25,1650,,24000,weekly,2020-10-29T21:00:00.000,options,call
125,1603192800000,757.55,761.15,754.4,759.0,1075,,24000,weekly,2020-10-29T21:00:00.000,options,call
126,1603192860000,757.75,760.8,757.6,758.15,525,,24000,weekly,2020-10-29T21:00:00.000,options,call
127,1603192920000,759.2,760.0,757.0,757.4,450,,24000,weekly,2020-10-29T21:00:00.000,options,call
128,1603192980000,758.15,758.5,748.1,748.1,625,,24000,weekly,2020-10-29T21:00:00.000,options,call
129,1603193040000,743.6,754.6,743.6,753.3,975,,24000,weekly,2020-10-29T21:00:00.000,options,call
130,1603193100000,754.65,759.75,753.95,758.0,1275,,24000,weekly,2020-10-29T21:00:00.000,options,call
131,1603193160000,751.75,752.0,745.9,751.9,1025,,24000,weekly,2020-10-29T21:00:00.000,options,call
132,1603193220000,753.15,757.9,753.15,757.9,800,,24000,weekly,2020-10-29T21:00:00.000,options,call
133,1603193280000,757.9,771.6,757.9,771.6,1400,,24000,weekly,2020-10-29T21:00:00.000,options,call
134,1603193340000,771.6,771.6,756.4,761.0,1125,,24000,weekly,2020-10-29T21:00:00.000,options,call
135,1603193400000,761.0,761.0,748.0,753.5,600,,24000,weekly,2020-10-29T21:00:00.000,options,call
136,1603193460000,754.95,754.95,750.75,750.9,650,,24000,weekly,2020-10-29T21:00:00.000,options,call
137,1603193520000,752.0,752.0,733.35,736.5,950,,24000,weekly,2020-10-29T21:00:00.000,options,call
138,1603193580000,740.0,747.15,738.6,746.2,1150,,24000,weekly,2020-10-29T21:00:00.000,options,call
139,1603193640000,749.05,749.05,745.8,746.0,325,,24000,weekly,2020-10-29T21:00:00.000,options,call
140,1603193700000,743.65,745.2,742.75,744.5,250,,24000,weekly,2020-10-29T21:00:00.000,options,call
141,1603193760000,745.0,745.0,735.0,740.9,700,,24000,weekly,2020-10-29T21:00:00.000,options,call
142,1603193820000,739.35,743.6,736.0,737.6,275,,24000,weekly,2020-10-29T21:00:00.000,options,call
143,1603193880000,730.1,737.0,724.7,737.0,825,,24000,weekly,2020-10-29T21:00:00.000,options,call
144,1603193940000,739.9,753.05,739.9,753.05,450,,24000,weekly,2020-10-29T21:00:00.000,options,call
145,1603194000000,754.55,758.1,754.55,757.9,575,,24000,weekly,2020-10-29T21:00:00.000,options,call
146,1603194060000,758.0,760.0,750.0,750.05,825,,24000,weekly,2020-10-29T21:00:00.000,options,call
147,1603194120000,752.45,752.95,747.0,749.45,1100,,24000,weekly,2020-10-29T21:00:00.000,options,call
148,1603194180000,750.95,750.95,750.0,750.0,125,,24000,weekly,2020-10-29T21:00:00.000,options,call
149,1603194240000,746.25,752.0,744.3,750.55,500,,24000,weekly,2020-10-29T21:00:00.000,options,call
150,1603194300000,745.1,759.1,743.35,756.05,1475,,24000,weekly,2020-10-29T21:00:00.000,options,call
151,1603194360000,757.85,762.4,757.85,758.45,750,,24000,weekly,2020-10-29T21:00:00.000,options,call
152,1603194420000,759.3,759.3,752.45,755.0,725,,24000,weekly,2020-10-29T21:00:00.000,options,call
153,1603194480000,751.1,751.1,750.0,751.1,75,,24000,weekly,2020-10-29T21:00:00.000,options,call
154,1603194540000,751.1,754.1,748.05,748.5,350,,24000,weekly,2020-10-29T21:00:00.000,options,call
155,1603194600000,753.05,757.05,753.05,755.45,675,,24000,weekly,2020-10-29T21:00:00.000,options,call
156,1603194660000,757.0,766.75,757.0,760.7,875,,24000,weekly,2020-10-29T21:00:00.000,options,call
157,1603194720000,760.45,770.0,760.45,770.0,350,,24000,weekly,2020-10-29T21:00:00.000,options,call
158,1603194780000,785.0,785.0,776.95,780.0,5275,,24000,weekly,2020-10-29T21:00:00.000,options,call
159,1603194840000,777.5,784.95,777.5,781.45,1000,,24000,weekly,2020-10-29T21:00:00.000,options,call
160,1603194900000,781.45,795.0,781.45,786.25,1875,,24000,weekly,2020-10-29T21:00:00.000,options,call
161,1603194960000,785.05,790.0,783.85,784.1,1425,,24000,weekly,2020-10-29T21:00:00.000,options,call
162,1603195020000,784.1,785.0,780.05,783.25,925,,24000,weekly,2020-10-29T21:00:00.000,options,call
163,1603195080000,783.2,783.2,774.2,777.0,1600,,24000,weekly,2020-10-29T21:00:00.000,options,call
164,1603195140000,778.0,782.0,777.05,782.0,850,,24000,weekly,2020-10-29T21:00:00.000,options,call
165,1603195200000,780.7,782.95,774.8,774.8,825,,24000,weekly,2020-10-29T21:00:00.000,options,call
166,1603195260000,773.5,776.45,773.5,776.45,125,,24000,weekly,2020-10-29T21:00:00.000,options,call
167,1603195320000,769.95,773.45,769.75,769.75,350,,24000,weekly,2020-10-29T21:00:00.000,options,call
168,1603195380000,769.75,773.45,767.85,769.8,700,,24000,weekly,2020-10-29T21:00:00.000,options,call
169,1603195440000,765.85,771.25,765.85,769.35,475,,24000,weekly,2020-10-29T21:00:00.000,options,call
170,1603195500000,769.35,774.7,767.6,774.25,675,,24000,weekly,2020-10-29T21:00:00.000,options,call
171,1603195560000,774.25,774.45,773.95,774.3,150,,24000,weekly,2020-10-29T21:00:00.000,options,call
172,1603195620000,771.95,771.95,750.15,758.35,1100,,24000,weekly,2020-10-29T21:00:00.000,options,call
173,1603195680000,760.75,760.75,753.4,753.4,350,,24000,weekly,2020-10-29T21:00:00.000,options,call
174,1603195740000,754.8,754.8,744.2,750.35,725,,24000,weekly,2020-10-29T21:00:00.000,options,call
175,1603195800000,746.6,751.45,746.6,749.7,400,,24000,weekly,2020-10-29T21:00:00.000,options,call
176,1603195860000,754.6,758.1,751.1,753.45,475,,24000,weekly,2020-10-29T21:00:00.000,options,call
177,1603195920000,753.45,755.0,751.05,752.3,400,,24000,weekly,2020-10-29T21:00:00.000,options,call
178,1603195980000,753.75,758.95,752.55,758.95,1125,,24000,weekly,2020-10-29T21:00:00.000,options,call
179,1603196040000,759.0,759.0,752.85,753.45,2300,,24000,weekly,2020-10-29T21:00:00.000,options,call
180,1603196100000,753.7,753.7,750.8,753.4,900,,24000,weekly,2020-10-29T21:00:00.000,options,call
181,1603196160000,757.1,758.0,753.4,758.0,900,,24000,weekly,2020-10-29T21:00:00.000,options,call
182,1603196220000,762.8,762.8,758.9,762.8,400,,24000,weekly,2020-10-29T21:00:00.000,options,call
183,1603196280000,761.3,762.8,758.1,758.1,350,,24000,weekly,2020-10-29T21:00:00.000,options,call
184,1603196340000,758.55,760.1,756.95,757.75,250,,24000,weekly,2020-10-29T21:00:00.000,options,call
185,1603196400000,756.85,758.0,751.15,756.1,650,,24000,weekly,2020-10-29T21:00:00.000,options,call
186,1603196460000,757.05,757.7,756.45,757.7,150,,24000,weekly,2020-10-29T21:00:00.000,options,call
187,1603196520000,759.05,759.05,755.45,757.1,125,,24000,weekly,2020-10-29T21:00:00.000,options,call
188,1603196580000,756.2,756.2,730.75,743.2,1625,,24000,weekly,2020-10-29T21:00:00.000,options,call
189,1603196640000,739.55,739.55,708.9,720.45,3500,,24000,weekly,2020-10-29T21:00:00.000,options,call
190,1603196700000,720.25,728.1,713.05,724.1,1900,,24000,weekly,2020-10-29T21:00:00.000,options,call
191,1603196760000,723.0,730.9,723.0,730.35,450,,24000,weekly,2020-10-29T21:00:00.000,options,call
192,1603196820000,731.0,733.25,725.0,728.1,800,,24000,weekly,2020-10-29T21:00:00.000,options,call
193,1603196880000,729.4,738.0,729.4,735.1,200,,24000,weekly,2020-10-29T21:00:00.000,options,call
194,1603196940000,730.0,732.3,730.0,732.15,425,,24000,weekly,2020-10-29T21:00:00.000,options,call
195,1603197000000,735.85,751.05,733.7,748.25,975,,24000,weekly,2020-10-29T21:00:00.000,options,call
196,1603197060000,745.45,751.1,745.45,748.65,1100,,24000,weekly,2020-10-29T21:00:00.000,options,call
197,1603197120000,750.0,751.2,748.4,749.85,275,,24000,weekly,2020-10-29T21:00:00.000,options,call
198,1603197180000,749.85,750.3,734.05,735.8,1350,,24000,weekly,2020-10-29T21:00:00.000,options,call
199,1603197240000,735.35,739.3,735.0,737.2,350,,24000,weekly,2020-10-29T21:00:00.000,options,call
200,1603197300000,730.0,734.2,730.0,734.0,250,,24000,weekly,2020-10-29T21:00:00.000,options,call
201,1603197360000,736.3,744.85,736.3,741.9,425,,24000,weekly,2020-10-29T21:00:00.000,options,call
202,1603197420000,740.6,741.4,740.6,741.4,50,,24000,weekly,2020-10-29T21:00:00.000,options,call
203,1603197480000,744.85,744.85,740.8,740.8,150,,24000,weekly,2020-10-29T21:00:00.000,options,call
204,1603197540000,744.7,748.45,738.65,738.65,1025,,24000,weekly,2020-10-29T21:00:00.000,options,call
205,1603197600000,742.3,742.3,742.3,742.3,25,,24000,weekly,2020-10-29T21:00:00.000,options,call
206,1603197660000,733.55,736.6,733.55,736.6,625,,24000,weekly,2020-10-29T21:00:00.000,options,call
207,1603197720000,735.7,739.1,733.8,739.1,375,,24000,weekly,2020-10-29T21:00:00.000,options,call
208,1603197780000,740.85,754.95,740.85,753.4,475,,24000,weekly,2020-10-29T21:00:00.000,options,call
209,1603197840000,750.0,770.0,750.0,757.75,2600,,24000,weekly,2020-10-29T21:00:00.000,options,call
210,1603197900000,760.0,770.0,760.0,766.0,750,,24000,weekly,2020-10-29T21:00:00.000,options,call
211,1603197960000,765.15,765.15,755.0,755.0,525,,24000,weekly,2020-10-29T21:00:00.000,options,call
212,1603198020000,759.45,760.35,756.95,759.25,475,,24000,weekly,2020-10-29T21:00:00.000,options,call
213,1603198080000,755.25,755.25,751.0,751.35,375,,24000,weekly,2020-10-29T21:00:00.000,options,call
214,1603198140000,752.55,755.3,750.25,753.9,425,,24000,weekly,2020-10-29T21:00:00.000,options,call
215,1603198200000,756.15,757.05,745.55,747.5,650,,24000,weekly,2020-10-29T21:00:00.000,options,call
216,1603198260000,747.5,747.5,737.2,739.9,1400,,24000,weekly,2020-10-29T21:00:00.000,options,call
217,1603198320000,736.6,738.0,730.0,730.0,475,,24000,weekly,2020-10-29T21:00:00.000,options,call
218,1603198380000,728.35,736.95,721.75,735.0,750,,24000,weekly,2020-10-29T21:00:00.000,options,call
219,1603198440000,738.05,741.5,730.0,730.0,875,,24000,weekly,2020-10-29T21:00:00.000,options,call
220,1603198500000,730.0,735.0,728.35,731.85,850,,24000,weekly,2020-10-29T21:00:00.000,options,call
221,1603198560000,731.85,731.85,717.0,720.0,950,,24000,weekly,2020-10-29T21:00:00.000,options,call
222,1603198620000,720.0,720.0,705.0,714.9,1850,,24000,weekly,2020-10-29T21:00:00.000,options,call
223,1603198680000,714.9,720.3,711.25,711.35,1100,,24000,weekly,2020-10-29T21:00:00.000,options,call
224,1603198740000,712.5,715.45,705.85,708.2,1275,,24000,weekly,2020-10-29T21:00:00.000,options,call
225,1603198800000,704.9,704.9,687.1,694.0,5950,,24000,weekly,2020-10-29T21:00:00.000,options,call
226,1603198860000,694.25,696.0,681.15,690.6,1425,,24000,weekly,2020-10-29T21:00:00.000,options,call
227,1603198920000,690.1,692.55,676.55,678.85,725,,24000,weekly,2020-10-29T21:00:00.000,options,call
228,1603198980000,678.6,681.65,665.55,679.0,4625,,24000,weekly,2020-10-29T21:00:00.000,options,call
229,1603199040000,681.6,694.6,680.25,694.5,875,,24000,weekly,2020-10-29T21:00:00.000,options,call
230,1603199100000,694.2,715.25,694.2,712.85,1750,,24000,weekly,2020-10-29T21:00:00.000,options,call
231,1603199160000,712.85,712.85,707.15,707.15,575,,24000,weekly,2020-10-29T21:00:00.000,options,call
232,1603199220000,707.15,707.15,702.7,704.2,425,,24000,weekly,2020-10-29T21:00:00.000,options,call
233,1603199280000,703.35,706.8,697.35,705.8,1025,,24000,weekly,2020-10-29T21:00:00.000,options,call
234,1603199340000,711.5,711.5,702.65,706.85,775,,24000,weekly,2020-10-29T21:00:00.000,options,call
235,1603199400000,705.55,706.95,699.55,700.0,1225,,24000,weekly,2020-10-29T21:00:00.000,options,call
236,1603199460000,698.15,710.5,698.15,710.5,1275,,24000,weekly,2020-10-29T21:00:00.000,options,call
237,1603199520000,714.1,723.65,714.1,721.15,1425,,24000,weekly,2020-10-29T21:00:00.000,options,call
238,1603199580000,721.15,725.0,720.0,720.0,1350,,24000,weekly,2020-10-29T21:00:00.000,options,call
239,1603199640000,720.4,720.4,711.35,717.1,225,,24000,weekly,2020-10-29T21:00:00.000,options,call
240,1603199700000,719.95,720.75,713.6,713.6,1100,,24000,weekly,2020-10-29T21:00:00.000,options,call
241,1603199760000,715.7,717.9,696.8,703.7,3425,,24000,weekly,2020-10-29T21:00:00.000,options,call
242,1603199820000,703.7,705.4,699.0,704.0,1625,,24000,weekly,2020-10-29T21:00:00.000,options,call
243,1603199880000,701.1,712.85,701.1,712.05,1025,,24000,weekly,2020-10-29T21:00:00.000,options,call
244,1603199940000,712.05,718.15,712.05,713.65,700,,24000,weekly,2020-10-29T21:00:00.000,options,call
245,1603200000000,716.5,738.8,714.8,737.35,3675,,24000,weekly,2020-10-29T21:00:00.000,options,call
246,1603200060000,737.6,758.85,737.0,754.95,2750,,24000,weekly,2020-10-29T21:00:00.000,options,call
247,1603200120000,753.35,758.95,736.2,740.65,1850,,24000,weekly,2020-10-29T21:00:00.000,options,call
248,1603200180000,740.95,743.65,737.2,741.55,1425,,24000,weekly,2020-10-29T21:00:00.000,options,call
249,1603200240000,741.55,742.55,739.0,739.0,900,,24000,weekly,2020-10-29T21:00:00.000,options,call
250,1603200300000,738.15,748.0,738.15,748.0,900,,24000,weekly,2020-10-29T21:00:00.000,options,call
251,1603200360000,745.85,745.85,738.85,738.85,125,,24000,weekly,2020-10-29T21:00:00.000,options,call
252,1603200420000,742.0,752.8,742.0,748.5,1375,,24000,weekly,2020-10-29T21:00:00.000,options,call
253,1603200480000,751.35,753.3,748.65,748.65,350,,24000,weekly,2020-10-29T21:00:00.000,options,call
254,1603200540000,750.6,751.85,747.1,749.55,400,,24000,weekly,2020-10-29T21:00:00.000,options,call
255,1603200600000,750.0,750.0,739.15,741.2,700,,24000,weekly,2020-10-29T21:00:00.000,options,call
256,1603200660000,745.85,745.85,741.2,741.2,475,,24000,weekly,2020-10-29T21:00:00.000,options,call
257,1603200720000,748.0,748.0,741.7,746.55,75,,24000,weekly,2020-10-29T21:00:00.000,options,call
258,1603200780000,744.1,761.8,744.1,761.25,2800,,24000,weekly,2020-10-29T21:00:00.000,options,call
259,1603200840000,759.65,761.25,752.0,752.4,525,,24000,weekly,2020-10-29T21:00:00.000,options,call
260,1603200900000,752.0,758.6,752.0,758.6,875,,24000,weekly,2020-10-29T21:00:00.000,options,call
261,1603200960000,758.6,760.0,754.35,754.35,575,,24000,weekly,2020-10-29T21:00:00.000,options,call
262,1603201020000,750.0,750.0,742.95,742.95,450,,24000,weekly,2020-10-29T21:00:00.000,options,call
263,1603201080000,742.05,742.05,715.05,724.05,1775,,24000,weekly,2020-10-29T21:00:00.000,options,call
264,1603201140000,724.95,727.8,721.65,721.65,200,,24000,weekly,2020-10-29T21:00:00.000,options,call
265,1603201200000,723.45,728.05,712.45,728.05,2850,,24000,weekly,2020-10-29T21:00:00.000,options,call
266,1603201260000,728.05,729.0,726.0,726.0,1025,,24000,weekly,2020-10-29T21:00:00.000,options,call
267,1603201320000,732.85,744.55,732.85,743.1,450,,24000,weekly,2020-10-29T21:00:00.000,options,call
268,1603201380000,743.1,745.0,742.45,745.0,625,,24000,weekly,2020-10-29T21:00:00.000,options,call
269,1603201440000,745.0,751.4,731.0,731.0,2175,,24000,weekly,2020-10-29T21:00:00.000,options,call
270,1603201500000,730.05,741.8,725.1,741.8,625,,24000,weekly,2020-10-29T21:00:00.000,options,call
271,1603201560000,746.0,746.35,738.5,742.1,825,,24000,weekly,2020-10-29T21:00:00.000,options,call
272,1603201620000,741.3,741.8,739.8,741.25,275,,24000,weekly,2020-10-29T21:00:00.000,options,call
273,1603201680000,743.95,748.1,743.95,745.7,125,,24000,weekly,2020-10-29T21:00:00.000,options,call
274,1603201740000,747.2,752.9,745.7,751.8,950,,24000,weekly,2020-10-29T21:00:00.000,options,call
275,1603201800000,752.9,761.0,752.0,755.0,1350,,24000,weekly,2020-10-29T21:00:00.000,options,call
276,1603201860000,755.0,755.0,748.4,748.6,125,,24000,weekly,2020-10-29T21:00:00.000,options,call
277,1603201920000,751.75,751.75,741.75,744.0,950,,24000,weekly,2020-10-29T21:00:00.000,options,call
278,1603201980000,742.4,743.5,740.4,740.4,375,,24000,weekly,2020-10-29T21:00:00.000,options,call
279,1603202040000,740.4,754.1,740.4,749.95,475,,24000,weekly,2020-10-29T21:00:00.000,options,call
280,1603202100000,750.15,750.65,740.0,740.0,550,,24000,weekly,2020-10-29T21:00:00.000,options,call
281,1603202160000,737.45,742.95,733.0,733.0,200,,24000,weekly,2020-10-29T21:00:00.000,options,call
282,1603202220000,733.0,742.6,727.8,742.6,950,,24000,weekly,2020-10-29T21:00:00.000,options,call
283,1603202280000,742.6,742.6,737.5,737.8,175,,24000,weekly,2020-10-29T21:00:00.000,options,call
284,1603202340000,743.15,748.35,737.8,743.45,700,,24000,weekly,2020-10-29T21:00:00.000,options,call
285,1603202400000,743.3,747.6,721.1,724.2,1075,,24000,weekly,2020-10-29T21:00:00.000,options,call
286,1603202460000,721.0,723.8,700.0,718.1,3450,,24000,weekly,2020-10-29T21:00:00.000,options,call
287,1603202520000,718.1,720.6,714.0,720.6,225,,24000,weekly,2020-10-29T21:00:00.000,options,call
288,1603202580000,720.7,720.7,704.65,709.1,1375,,24000,weekly,2020-10-29T21:00:00.000,options,call
289,1603202640000,708.0,714.3,706.9,708.85,525,,24000,weekly,2020-10-29T21:00:00.000,options,call
290,1603202700000,707.0,726.45,700.5,724.9,1675,,24000,weekly,2020-10-29T21:00:00.000,options,call
291,1603202760000,721.0,726.35,718.9,726.35,350,,24000,weekly,2020-10-29T21:00:00.000,options,call
292,1603202820000,721.2,723.1,718.0,719.1,1350,,24000,weekly,2020-10-29T21:00:00.000,options,call
293,1603202880000,718.45,718.45,708.0,708.0,650,,24000,weekly,2020-10-29T21:00:00.000,options,call
294,1603202940000,705.15,716.6,705.15,713.1,725,,24000,weekly,2020-10-29T21:00:00.000,options,call
295,1603203000000,707.5,707.5,699.2,707.35,2575,,24000,weekly,2020-10-29T21:00:00.000,options,call
296,1603203060000,706.9,752.15,706.9,746.25,3650,,24000,weekly,2020-10-29T21:00:00.000,options,call
297,1603203120000,743.75,749.0,735.15,744.4,1350,,24000,weekly,2020-10-29T21:00:00.000,options,call
298,1603203180000,741.85,743.55,737.75,741.6,375,,24000,weekly,2020-10-29T21:00:00.000,options,call
299,1603203240000,742.4,745.45,738.4,743.75,525,,24000,weekly,2020-10-29T21:00:00.000,options,call
300,1603203300000,744.8,783.15,744.8,767.35,6450,,24000,weekly,2020-10-29T21:00:00.000,options,call
301,1603203360000,769.55,774.8,762.0,770.0,3425,,24000,weekly,2020-10-29T21:00:00.000,options,call
302,1603203420000,769.8,774.25,765.0,770.6,1100,,24000,weekly,2020-10-29T21:00:00.000,options,call
303,1603203480000,770.0,770.6,759.45,761.4,950,,24000,weekly,2020-10-29T21:00:00.000,options,call
304,1603203540000,766.75,766.75,758.55,760.7,525,,24000,weekly,2020-10-29T21:00:00.000,options,call
305,1603203600000,760.7,767.75,759.0,761.0,1100,,24000,weekly,2020-10-29T21:00:00.000,options,call
306,1603203660000,760.8,760.8,755.05,755.05,975,,24000,weekly,2020-10-29T21:00:00.000,options,call
307,1603203720000,755.0,755.0,735.0,742.0,1575,,24000,weekly,2020-10-29T21:00:00.000,options,call
308,1603203780000,743.95,747.2,742.0,742.0,850,,24000,weekly,2020-10-29T21:00:00.000,options,call
309,1603203840000,742.0,750.5,742.0,743.45,575,,24000,weekly,2020-10-29T21:00:00.000,options,call
310,1603203900000,743.45,747.05,736.95,742.5,550,,24000,weekly,2020-10-29T21:00:00.000,options,call
311,1603203960000,747.9,747.9,743.45,745.5,375,,24000,weekly,2020-10-29T21:00:00.000,options,call
312,1603204020000,742.95,754.15,742.95,748.2,425,,24000,weekly,2020-10-29T21:00:00.000,options,call
313,1603204080000,748.9,756.7,743.8,753.8,850,,24000,weekly,2020-10-29T21:00:00.000,options,call
314,1603204140000,753.05,760.9,752.5,760.9,775,,24000,weekly,2020-10-29T21:00:00.000,options,call
315,1603204200000,765.1,765.1,759.8,761.7,1575,,24000,weekly,2020-10-29T21:00:00.000,options,call
316,1603204260000,759.25,762.05,759.25,762.05,200,,24000,weekly,2020-10-29T21:00:00.000,options,call
317,1603204320000,757.35,760.0,745.75,747.25,1075,,24000,weekly,2020-10-29T21:00:00.000,options,call
318,1603204380000,747.25,748.4,740.0,740.0,1050,,24000,weekly,2020-10-29T21:00:00.000,options,call
319,1603204440000,741.15,743.75,730.05,738.35,1500,,24000,weekly,2020-10-29T21:00:00.000,options,call
320,1603204500000,737.7,746.35,737.7,746.35,525,,24000,weekly,2020-10-29T21:00:00.000,options,call
321,1603204560000,746.35,746.35,739.65,740.8,525,,24000,weekly,2020-10-29T21:00:00.000,options,call
322,1603204620000,740.8,746.25,737.2,737.2,500,,24000,weekly,2020-10-29T21:00:00.000,options,call
323,1603204680000,733.55,738.05,715.85,720.9,2475,,24000,weekly,2020-10-29T21:00:00.000,options,call
324,1603204740000,720.9,723.5,715.0,719.15,1500,,24000,weekly,2020-10-29T21:00:00.000,options,call
325,1603204800000,721.4,736.5,721.4,727.1,1625,,24000,weekly,2020-10-29T21:00:00.000,options,call
326,1603204860000,730.25,734.35,729.0,734.35,475,,24000,weekly,2020-10-29T21:00:00.000,options,call
327,1603204920000,732.95,740.0,728.2,740.0,350,,24000,weekly,2020-10-29T21:00:00.000,options,call
328,1603204980000,740.0,744.2,737.4,738.8,1825,,24000,weekly,2020-10-29T21:00:00.000,options,call
329,1603205040000,738.95,740.25,728.65,728.65,1125,,24000,weekly,2020-10-29T21:00:00.000,options,call
330,1603205100000,733.4,736.0,730.1,732.35,600,,24000,weekly,2020-10-29T21:00:00.000,options,call
331,1603205160000,731.25,736.1,730.95,732.05,1725,,24000,weekly,2020-10-29T21:00:00.000,options,call
332,1603205220000,732.0,740.6,732.0,740.6,525,,24000,weekly,2020-10-29T21:00:00.000,options,call
333,1603205280000,738.0,738.0,727.65,730.5,600,,24000,weekly,2020-10-29T21:00:00.000,options,call
334,1603205340000,733.65,740.0,733.65,740.0,250,,24000,weekly,2020-10-29T21:00:00.000,options,call
335,1603205400000,737.35,740.5,737.35,738.85,400,,24000,weekly,2020-10-29T21:00:00.000,options,call
336,1603205460000,738.3,741.25,737.4,740.05,725,,24000,weekly,2020-10-29T21:00:00.000,options,call
337,1603205520000,737.9,740.35,734.95,737.15,725,,24000,weekly,2020-10-29T21:00:00.000,options,call
338,1603205580000,734.65,734.65,729.5,731.3,1625,,24000,weekly,2020-10-29T21:00:00.000,options,call
339,1603205640000,730.0,731.6,727.0,727.0,375,,24000,weekly,2020-10-29T21:00:00.000,options,call
340,1603205700000,726.0,732.45,718.0,730.8,1575,,24000,weekly,2020-10-29T21:00:00.000,options,call
341,1603205760000,730.8,735.0,730.8,734.0,700,,24000,weekly,2020-10-29T21:00:00.000,options,call
342,1603205820000,736.55,736.55,730.0,730.7,325,,24000,weekly,2020-10-29T21:00:00.000,options,call
343,1603205880000,729.9,736.5,729.9,736.5,600,,24000,weekly,2020-10-29T21:00:00.000,options,call
344,1603205940000,740.1,741.1,734.75,739.0,1125,,24000,weekly,2020-10-29T21:00:00.000,options,call
345,1603206000000,742.15,746.15,730.05,736.25,600,,24000,weekly,2020-10-29T21:00:00.000,options,call
346,1603206060000,732.6,732.7,730.1,732.7,375,,24000,weekly,2020-10-29T21:00:00.000,options,call
347,1603206120000,732.9,745.0,731.05,744.5,2525,,24000,weekly,2020-10-29T21:00:00.000,options,call
348,1603206180000,746.25,746.25,736.45,739.6,1025,,24000,weekly,2020-10-29T21:00:00.000,options,call
349,1603206240000,736.45,742.05,736.35,739.05,775,,24000,weekly,2020-10-29T21:00:00.000,options,call
350,1603206300000,741.1,741.75,735.45,741.2,875,,24000,weekly,2020-10-29T21:00:00.000,options,call
351,1603206360000,741.75,741.75,736.45,740.0,400,,24000,weekly,2020-10-29T21:00:00.000,options,call
352,1603206420000,742.15,742.2,738.35,739.25,675,,24000,weekly,2020-10-29T21:00:00.000,options,call
353,1603206480000,738.65,741.0,735.15,735.15,600,,24000,weekly,2020-10-29T21:00:00.000,options,call
354,1603206540000,739.25,739.9,735.95,735.95,1175,,24000,weekly,2020-10-29T21:00:00.000,options,call
355,1603206600000,735.0,743.0,732.9,738.7,1800,,24000,weekly,2020-10-29T21:00:00.000,options,call
356,1603206660000,736.65,742.8,735.8,739.45,400,,24000,weekly,2020-10-29T21:00:00.000,options,call
357,1603206720000,739.85,740.45,737.0,740.45,150,,24000,weekly,2020-10-29T21:00:00.000,options,call
358,1603206780000,737.4,738.95,737.25,737.45,300,,24000,weekly,2020-10-29T21:00:00.000,options,call
359,1603206840000,737.0,740.0,733.8,733.8,650,,24000,weekly,2020-10-29T21:00:00.000,options,call
360,1603206900000,733.8,734.15,730.65,731.0,875,,24000,weekly,2020-10-29T21:00:00.000,options,call
361,1603206960000,730.7,731.9,722.15,722.15,900,,24000,weekly,2020-10-29T21:00:00.000,options,call
362,1603207020000,721.55,727.55,720.15,727.55,1500,,24000,weekly,2020-10-29T21:00:00.000,options,call
363,1603207080000,726.4,732.5,725.8,731.55,2125,,24000,weekly,2020-10-29T21:00:00.000,options,call
364,1603207140000,729.9,731.3,727.75,728.3,675,,24000,weekly,2020-10-29T21:00:00.000,options,call
365,1603207200000,727.75,731.0,726.85,729.95,3150,,24000,weekly,2020-10-29T21:00:00.000,options,call
366,1603207260000,729.95,734.0,725.75,733.05,1825,,24000,weekly,2020-10-29T21:00:00.000,options,call
367,1603207320000,732.05,734.9,730.25,732.75,2500,,24000,weekly,2020-10-29T21:00:00.000,options,call
368,1603207380000,733.75,734.2,732.55,733.45,1175,,24000,weekly,2020-10-29T21:00:00.000,options,call
369,1603207440000,734.3,734.3,730.6,730.6,975,,24000,weekly,2020-10-29T21:00:00.000,options,call
370,1603207500000,731.0,733.95,727.55,731.65,2125,,24000,weekly,2020-10-29T21:00:00.000,options,call
371,1603207560000,730.6,734.75,730.45,734.2,2950,,24000,weekly,2020-10-29T21:00:00.000,options,call
372,1603207620000,735.0,736.0,734.9,735.0,3525,,24000,weekly,2020-10-29T21:00:00.000,options,call
373,1603207680000,735.0,735.0,731.1,731.1,825,,24000,weekly,2020-10-29T21:00:00.000,options,call
374,1603207740000,732.4,733.7,728.15,729.15,1700,,24000,weekly,2020-10-29T21:00:00.000,options,call
