,timestamp,open,high,low,close,volume,open_interest,strike,expiry_type,expiry,instrument,contract_type
0,1616125500000,92.35,101.6,74.75,99.05,57475,462600,35500,weekly,2021-3-25T21:00:00.000,options,call
1,1616125560000,100.1,118.2,99.25,107.0,56450,462600,35500,weekly,2021-3-25T21:00:00.000,options,call
2,1616125620000,106.3,110.0,97.2,108.9,76525,472900,35500,weekly,2021-3-25T21:00:00.000,options,call
3,1616125680000,110.7,111.4,101.25,107.25,75050,472900,35500,weekly,2021-3-25T21:00:00.000,options,call
4,1616125740000,108.0,108.0,103.45,103.65,31350,472900,35500,weekly,2021-3-25T21:00:00.000,options,call
5,1616125800000,104.55,113.4,104.3,109.75,53275,489800,35500,weekly,2021-3-25T21:00:00.000,options,call
6,1616125860000,110.45,112.1,107.4,108.65,49100,489800,35500,weekly,2021-3-25T21:00:00.000,options,call
7,1616125920000,109.45,113.75,108.15,109.1,32400,489800,35500,weekly,2021-3-25T21:00:00.000,options,call
8,1616125980000,109.4,109.5,106.1,108.05,24400,517775,35500,weekly,2021-3-25T21:00:00.000,options,call
9,1616126040000,108.4,109.9,105.95,106.1,19375,517775,35500,weekly,2021-3-25T21:00:00.000,options,call
10,1616126100000,107.0,108.6,104.35,107.75,25150,517775,35500,weekly,2021-3-25T21:00:00.000,options,call
11,1616126160000,107.4,110.9,101.35,103.55,28100,532600,35500,weekly,2021-3-25T21:00:00.000,options,call
12,1616126220000,102.35,102.35,92.25,92.35,71600,532600,35500,weekly,2021-3-25T21:00:00.000,options,call
13,1616126280000,92.3,96.75,92.15,94.15,40475,532600,35500,weekly,2021-3-25T21:00:00.000,options,call
14,1616126340000,94.5,95.7,92.95,95.45,34325,553300,35500,weekly,2021-3-25T21:00:00.000,options,call
15,1616126400000,95.45,96.6,90.85,95.75,37350,553300,35500,weekly,2021-3-25T21:00:00.000,options,call
16,1616126460000,96.3,99.85,93.2,93.2,49600,553300,35500,weekly,2021-3-25T21:00:00.000,options,call
17,1616126520000,93.1,97.7,93.1,95.95,25725,557325,35500,weekly,2021-3-25T21:00:00.000,options,call
18,1616126580000,96.55,98.75,95.35,98.0,18675,557325,35500,weekly,2021-3-25T21:00:00.000,options,call
19,1616126640000,98.8,101.0,97.05,99.1,28850,557325,35500,weekly,2021-3-25T21:00:00.000,options,call
20,1616126700000,99.1,102.55,98.2,101.5,21825,563050,35500,weekly,2021-3-25T21:00:00.000,options,call
21,1616126760000,102.25,103.95,96.45,98.55,40600,563050,35500,weekly,2021-3-25T21:00:00.000,options,call
22,1616126820000,98.15,98.25,93.7,97.65,24100,563050,35500,weekly,2021-3-25T21:00:00.000,options,call
23,1616126880000,98.0,100.5,97.4,100.5,19750,574500,35500,weekly,2021-3-25T21:00:00.000,options,call
24,1616126940000,100.45,102.4,97.15,98.35,27550,574500,35500,weekly,2021-3-25T21:00:00.000,options,call
25,1616127000000,98.45,104.5,98.45,101.0,25600,574500,35500,weekly,2021-3-25T21:00:00.000,options,call
26,1616127060000,100.85,101.1,97.7,100.8,23100,584400,35500,weekly,2021-3-25T21:00:00.000,options,call
27,1616127120000,101.3,103.15,98.65,99.8,25650,584400,35500,weekly,2021-3-25T21:00:00.000,options,call
28,1616127180000,100.25,100.25,100.25,100.25,1069125,584400,35500,weekly,2021-3-25T21:00:00.000,options,call
29,1616127240000,100.0,101.65,97.4,97.4,17650,589875,35500,weekly,2021-3-25T21:00:00.000,options,call
30,1616127300000,97.9,97.9,94.2,97.55,27775,589875,35500,weekly,2021-3-25T21:00:00.000,options,call
31,1616127360000,97.55,103.5,97.15,100.9,25475,589875,35500,weekly,2021-3-25T21:00:00.000,options,call
32,1616127420000,100.7,107.15,100.65,105.9,28675,593025,35500,weekly,2021-3-25T21:00:00.000,options,call
33,1616127480000,106.65,109.8,104.55,107.8,24975,593025,35500,weekly,2021-3-25T21:00:00.000,options,call
34,1616127540000,108.95,110.8,101.15,104.1,36900,593025,35500,weekly,2021-3-25T21:00:00.000,options,call
35,1616127600000,104.3,109.3,104.25,107.85,24825,600325,35500,weekly,2021-3-25T21:00:00.000,options,call
36,1616127660000,108.0,109.65,107.0,108.0,19100,600325,35500,weekly,2021-3-25T21:00:00.000,options,call
37,1616127720000,107.65,109.95,106.3,109.6,19025,600325,35500,weekly,2021-3-25T21:00:00.000,options,call
38,1616127780000,109.5,116.25,109.5,113.75,38225,600450,35500,weekly,2021-3-25T21:00:00.000,options,call
39,1616127840000,114.55,118.85,111.9,115.5,34450,600450,35500,weekly,2021-3-25T21:00:00.000,options,call
40,1616127900000,115.75,121.3,113.35,116.55,67250,600450,35500,weekly,2021-3-25T21:00:00.000,options,call
41,1616127960000,116.25,116.25,108.0,112.7,40625,605850,35500,weekly,2021-3-25T21:00:00.000,options,call
42,1616128020000,112.7,117.35,112.05,116.55,20375,605850,35500,weekly,2021-3-25T21:00:00.000,options,call
43,1616128080000,115.9,115.9,109.0,113.45,26775,605850,35500,weekly,2021-3-25T21:00:00.000,options,call
44,1616128140000,113.45,118.4,112.3,117.55,24600,611425,35500,weekly,2021-3-25T21:00:00.000,options,call
45,1616128200000,117.55,121.65,111.0,111.65,38425,611425,35500,weekly,2021-3-25T21:00:00.000,options,call
46,1616128260000,112.4,113.75,106.95,110.35,26550,611425,35500,weekly,2021-3-25T21:00:00.000,options,call
47,1616128320000,110.1,114.7,110.1,113.95,14000,606525,35500,weekly,2021-3-25T21:00:00.000,options,call
48,1616128380000,113.7,121.15,113.5,119.55,25725,606525,35500,weekly,2021-3-25T21:00:00.000,options,call
49,1616128440000,118.5,119.4,114.3,115.5,18225,606525,35500,weekly,2021-3-25T21:00:00.000,options,call
50,1616128500000,115.7,116.1,110.65,116.1,21900,603975,35500,weekly,2021-3-25T21:00:00.000,options,call
51,1616128560000,116.5,121.85,114.85,121.85,21625,603975,35500,weekly,2021-3-25T21:00:00.000,options,call
52,1616128620000,122.2,128.25,120.6,125.0,50050,603975,35500,weekly,2021-3-25T21:00:00.000,options,call
53,1616128680000,125.3,125.3,119.05,122.65,23300,607125,35500,weekly,2021-3-25T21:00:00.000,options,call
54,1616128740000,123.9,128.8,121.3,128.75,27925,607125,35500,weekly,2021-3-25T21:00:00.000,options,call
55,1616128800000,129.0,129.4,120.6,121.5,36600,607125,35500,weekly,2021-3-25T21:00:00.000,options,call
56,1616128860000,120.85,123.0,117.65,119.95,32450,609350,35500,weekly,2021-3-25T21:00:00.000,options,call
57,1616128920000,119.75,126.45,119.75,123.1,22975,609350,35500,weekly,2021-3-25T21:00:00.000,options,call
58,1616128980000,124.0,126.4,120.75,122.55,25625,609350,35500,weekly,2021-3-25T21:00:00.000,options,call
59,1616129040000,123.1,124.2,120.65,121.15,16850,606600,35500,weekly,2021-3-25T21:00:00.000,options,call
60,1616129100000,121.1,126.2,120.9,122.6,23850,606600,35500,weekly,2021-3-25T21:00:00.000,options,call
61,1616129160000,121.85,122.05,110.85,113.1,40475,606600,35500,weekly,2021-3-25T21:00:00.000,options,call
62,1616129220000,112.45,119.65,112.45,117.35,11300,604750,35500,weekly,2021-3-25T21:00:00.000,options,call
63,1616129280000,117.6,118.7,113.0,113.65,8175,604750,35500,weekly,2021-3-25T21:00:00.000,options,call
64,1616129340000,113.0,115.5,113.0,113.15,9625,604750,35500,weekly,2021-3-25T21:00:00.000,options,call
65,1616129400000,113.0,113.6,102.55,105.2,38125,606300,35500,weekly,2021-3-25T21:00:00.000,options,call
66,1616129460000,103.95,109.1,103.15,109.1,14275,606300,35500,weekly,2021-3-25T21:00:00.000,options,call
67,1616129520000,109.2,109.6,106.15,109.5,11025,606300,35500,weekly,2021-3-25T21:00:00.000,options,call
68,1616129580000,109.65,114.0,108.8,114.0,18150,610125,35500,weekly,2021-3-25T21:00:00.000,options,call
69,1616129640000,114.0,125.1,112.5,122.3,21225,610125,35500,weekly,2021-3-25T21:00:00.000,options,call
70,1616129700000,125.75,134.2,124.45,127.45,51050,610125,35500,weekly,2021-3-25T21:00:00.000,options,call
71,1616129760000,127.5,128.35,120.05,121.95,16525,615475,35500,weekly,2021-3-25T21:00:00.000,options,call
72,1616129820000,122.4,127.55,122.0,124.6,12700,615475,35500,weekly,2021-3-25T21:00:00.000,options,call
73,1616129880000,123.45,125.2,121.2,123.0,17600,615475,35500,weekly,2021-3-25T21:00:00.000,options,call
74,1616129940000,122.2,124.8,117.4,123.95,13325,618000,35500,weekly,2021-3-25T21:00:00.000,options,call
75,1616130000000,124.7,128.7,123.8,126.25,28475,618000,35500,weekly,2021-3-25T21:00:00.000,options,call
76,1616130060000,125.45,125.45,115.25,115.7,33825,618000,35500,weekly,2021-3-25T21:00:00.000,options,call
77,1616130120000,116.5,120.85,115.15,119.0,9275,615400,35500,weekly,2021-3-25T21:00:00.000,options,call
78,1616130180000,119.0,121.75,117.65,120.7,14550,615400,35500,weekly,2021-3-25T21:00:00.000,options,call
79,1616130240000,121.6,126.9,121.15,123.45,15950,615400,35500,weekly,2021-3-25T21:00:00.000,options,call
80,1616130300000,123.95,130.25,123.95,125.95,18675,621850,35500,weekly,2021-3-25T21:00:00.000,options,call
81,1616130360000,125.95,126.15,117.05,120.2,22500,621850,35500,weekly,2021-3-25T21:00:00.000,options,call
82,1616130420000,120.0,123.3,117.35,123.05,8425,621850,35500,weekly,2021-3-25T21:00:00.000,options,call
83,1616130480000,123.95,125.15,120.85,121.65,12250,614375,35500,weekly,2021-3-25T21:00:00.000,options,call
84,1616130540000,122.85,126.35,122.2,123.3,11825,614375,35500,weekly,2021-3-25T21:00:00.000,options,call
85,1616130600000,122.95,125.95,121.7,125.95,7175,614375,35500,weekly,2021-3-25T21:00:00.000,options,call
86,1616130660000,126.0,126.05,119.15,121.15,12375,623150,35500,weekly,2021-3-25T21:00:00.000,options,call
87,1616130720000,121.3,123.5,119.2,122.2,9650,623150,35500,weekly,2021-3-25T21:00:00.000,options,call
88,1616130780000,121.45,123.2,117.95,121.6,9850,623150,35500,weekly,2021-3-25T21:00:00.000,options,call
89,1616130840000,120.8,121.4,116.4,117.7,8250,623150,35500,weekly,2021-3-25T21:00:00.000,options,call
90,1616130900000,118.0,118.4,113.25,116.1,20750,623150,35500,weekly,2021-3-25T21:00:00.000,options,call
91,1616130960000,115.8,117.05,110.0,112.25,13325,623150,35500,weekly,2021-3-25T21:00:00.000,options,call
92,1616131020000,112.05,122.0,112.05,122.0,14000,624500,35500,weekly,2021-3-25T21:00:00.000,options,call
93,1616131080000,122.9,129.75,122.0,129.75,25750,624500,35500,weekly,2021-3-25T21:00:00.000,options,call
94,1616131140000,128.8,130.8,126.1,127.9,13800,624500,35500,weekly,2021-3-25T21:00:00.000,options,call
95,1616131200000,127.8,127.8,120.7,123.35,12225,622025,35500,weekly,2021-3-25T21:00:00.000,options,call
96,1616131260000,123.15,124.55,120.3,122.85,10900,622025,35500,weekly,2021-3-25T21:00:00.000,options,call
97,1616131320000,121.3,127.25,121.3,123.7,20325,622025,35500,weekly,2021-3-25T21:00:00.000,options,call
98,1616131380000,123.85,128.9,123.45,127.0,18325,624325,35500,weekly,2021-3-25T21:00:00.000,options,call
99,1616131440000,127.95,130.0,125.35,130.0,15150,624325,35500,weekly,2021-3-25T21:00:00.000,options,call
100,1616131500000,129.35,133.95,124.8,127.55,19100,624325,35500,weekly,2021-3-25T21:00:00.000,options,call
101,1616131560000,127.05,128.55,122.25,123.9,15350,628175,35500,weekly,2021-3-25T21:00:00.000,options,call
102,1616131620000,124.5,125.8,119.0,122.55,11900,628175,35500,weekly,2021-3-25T21:00:00.000,options,call
103,1616131680000,122.65,127.0,122.0,125.9,15675,628175,35500,weekly,2021-3-25T21:00:00.000,options,call
104,1616131740000,125.6,133.15,125.6,133.15,14450,627125,35500,weekly,2021-3-25T21:00:00.000,options,call
105,1616131800000,136.6,148.65,133.7,144.45,92350,627125,35500,weekly,2021-3-25T21:00:00.000,options,call
106,1616131860000,144.05,144.05,136.2,141.05,23450,627125,35500,weekly,2021-3-25T21:00:00.000,options,call
107,1616131920000,141.05,144.95,136.45,144.25,28650,635750,35500,weekly,2021-3-25T21:00:00.000,options,call
108,1616131980000,143.9,158.85,143.9,153.6,69400,635750,35500,weekly,2021-3-25T21:00:00.000,options,call
109,1616132040000,154.2,159.0,148.95,158.6,33150,635750,35500,weekly,2021-3-25T21:00:00.000,options,call
110,1616132100000,161.8,172.65,159.3,166.6,67250,627350,35500,weekly,2021-3-25T21:00:00.000,options,call
111,1616132160000,166.4,166.5,156.45,160.0,45150,627350,35500,weekly,2021-3-25T21:00:00.000,options,call
112,1616132220000,159.4,162.0,153.9,158.15,30925,627350,35500,weekly,2021-3-25T21:00:00.000,options,call
113,1616132280000,157.9,165.1,157.9,161.5,35675,638975,35500,weekly,2021-3-25T21:00:00.000,options,call
114,1616132340000,161.5,161.7,153.5,155.65,34350,638975,35500,weekly,2021-3-25T21:00:00.000,options,call
115,1616132400000,155.35,162.4,155.1,157.65,31850,638975,35500,weekly,2021-3-25T21:00:00.000,options,call
116,1616132460000,158.55,162.1,156.0,160.5,29875,650800,35500,weekly,2021-3-25T21:00:00.000,options,call
117,1616132520000,161.2,167.05,157.3,160.05,33825,650800,35500,weekly,2021-3-25T21:00:00.000,options,call
118,1616132580000,160.5,163.55,158.55,160.0,18850,650800,35500,weekly,2021-3-25T21:00:00.000,options,call
119,1616132640000,160.0,164.05,154.55,158.0,27900,655525,35500,weekly,2021-3-25T21:00:00.000,options,call
120,1616132700000,157.5,162.0,149.55,150.0,33300,655525,35500,weekly,2021-3-25T21:00:00.000,options,call
121,1616132760000,149.35,149.35,134.95,136.55,42025,655525,35500,weekly,2021-3-25T21:00:00.000,options,call
122,1616132820000,137.35,138.75,127.75,134.6,33800,649875,35500,weekly,2021-3-25T21:00:00.000,options,call
123,1616132880000,133.85,135.0,122.75,123.5,25300,649875,35500,weekly,2021-3-25T21:00:00.000,options,call
124,1616132940000,122.0,135.85,120.25,134.75,22000,649875,35500,weekly,2021-3-25T21:00:00.000,options,call
125,1616133000000,135.2,136.8,125.5,126.85,27725,644350,35500,weekly,2021-3-25T21:00:00.000,options,call
126,1616133060000,126.05,133.45,125.1,133.45,13950,644350,35500,weekly,2021-3-25T21:00:00.000,options,call
127,1616133120000,134.0,134.0,125.0,127.2,14650,644350,35500,weekly,2021-3-25T21:00:00.000,options,call
128,1616133180000,127.25,130.2,125.5,126.8,9200,648350,35500,weekly,2021-3-25T21:00:00.000,options,call
129,1616133240000,127.0,130.0,122.1,122.1,9075,648350,35500,weekly,2021-3-25T21:00:00.000,options,call
130,1616133300000,123.8,124.95,112.75,112.75,38125,648350,35500,weekly,2021-3-25T21:00:00.000,options,call
131,1616133360000,111.9,121.2,111.9,121.1,25175,646925,35500,weekly,2021-3-25T21:00:00.000,options,call
132,1616133420000,121.0,125.0,120.15,125.0,13775,646925,35500,weekly,2021-3-25T21:00:00.000,options,call
133,1616133480000,124.65,129.7,123.9,128.55,15650,646925,35500,weekly,2021-3-25T21:00:00.000,options,call
134,1616133540000,128.8,128.8,123.4,124.4,8250,644925,35500,weekly,2021-3-25T21:00:00.000,options,call
135,1616133600000,124.7,128.2,119.7,127.95,20350,644925,35500,weekly,2021-3-25T21:00:00.000,options,call
136,1616133660000,128.0,128.95,122.1,124.95,11400,644925,35500,weekly,2021-3-25T21:00:00.000,options,call
137,1616133720000,125.05,127.95,123.05,123.05,10325,645475,35500,weekly,2021-3-25T21:00:00.000,options,call
138,1616133780000,122.05,124.0,119.7,124.0,19150,645475,35500,weekly,2021-3-25T21:00:00.000,options,call
139,1616133840000,124.0,125.45,121.95,123.1,7325,645475,35500,weekly,2021-3-25T21:00:00.000,options,call
140,1616133900000,123.2,123.25,114.95,119.65,15825,647825,35500,weekly,2021-3-25T21:00:00.000,options,call
141,1616133960000,119.65,122.95,117.9,120.85,12150,647825,35500,weekly,2021-3-25T21:00:00.000,options,call
142,1616134020000,119.55,128.45,118.6,126.0,15250,647825,35500,weekly,2021-3-25T21:00:00.000,options,call
143,1616134080000,125.1,126.4,119.6,121.1,7675,648525,35500,weekly,2021-3-25T21:00:00.000,options,call
144,1616134140000,120.35,123.5,118.4,122.95,20700,648525,35500,weekly,2021-3-25T21:00:00.000,options,call
145,1616134200000,123.7,124.6,117.95,117.95,14925,648525,35500,weekly,2021-3-25T21:00:00.000,options,call
146,1616134260000,118.35,119.1,109.8,111.5,28375,642400,35500,weekly,2021-3-25T21:00:00.000,options,call
147,1616134320000,111.35,111.65,106.0,108.25,23925,642400,35500,weekly,2021-3-25T21:00:00.000,options,call
148,1616134380000,108.55,113.05,108.0,108.0,26425,642400,35500,weekly,2021-3-25T21:00:00.000,options,call
149,1616134440000,107.6,109.95,105.05,109.95,14975,634925,35500,weekly,2021-3-25T21:00:00.000,options,call
150,1616134500000,109.95,112.95,103.25,104.45,22450,634925,35500,weekly,2021-3-25T21:00:00.000,options,call
151,1616134560000,104.45,107.3,103.35,106.7,15650,634925,35500,weekly,2021-3-25T21:00:00.000,options,call
152,1616134620000,107.15,110.2,105.55,109.4,14700,634925,35500,weekly,2021-3-25T21:00:00.000,options,call
153,1616134680000,108.9,111.6,107.5,107.5,10700,632050,35500,weekly,2021-3-25T21:00:00.000,options,call
154,1616134740000,108.45,115.15,108.45,113.4,14700,632050,35500,weekly,2021-3-25T21:00:00.000,options,call
155,1616134800000,113.5,114.4,110.2,114.0,11000,632050,35500,weekly,2021-3-25T21:00:00.000,options,call
156,1616134860000,114.25,115.0,110.85,111.15,9150,630725,35500,weekly,2021-3-25T21:00:00.000,options,call
157,1616134920000,110.6,114.25,110.5,112.6,8100,630725,35500,weekly,2021-3-25T21:00:00.000,options,call
158,1616134980000,112.6,115.0,110.7,114.6,11625,630725,35500,weekly,2021-3-25T21:00:00.000,options,call
159,1616135040000,114.65,119.15,113.4,116.45,12400,634700,35500,weekly,2021-3-25T21:00:00.000,options,call
160,1616135100000,115.65,119.75,115.15,115.95,7125,634700,35500,weekly,2021-3-25T21:00:00.000,options,call
161,1616135160000,115.95,116.0,108.5,109.05,8875,634700,35500,weekly,2021-3-25T21:00:00.000,options,call
162,1616135220000,109.2,113.0,108.0,111.4,6650,636775,35500,weekly,2021-3-25T21:00:00.000,options,call
163,1616135280000,111.4,114.0,110.75,114.0,3200,636775,35500,weekly,2021-3-25T21:00:00.000,options,call
164,1616135340000,115.0,116.95,113.6,114.75,18200,636775,35500,weekly,2021-3-25T21:00:00.000,options,call
165,1616135400000,114.2,115.25,111.4,111.4,6825,645125,35500,weekly,2021-3-25T21:00:00.000,options,call
166,1616135460000,111.3,113.45,110.0,110.75,6625,645125,35500,weekly,2021-3-25T21:00:00.000,options,call
167,1616135520000,112.0,112.65,107.45,110.0,12875,645125,35500,weekly,2021-3-25T21:00:00.000,options,call
168,1616135580000,103.95,103.95,103.95,103.95,4119600,648250,35500,weekly,2021-3-25T21:00:00.000,options,call
169,1616135640000,104.85,108.0,104.0,107.05,6500,648250,35500,weekly,2021-3-25T21:00:00.000,options,call
170,1616135700000,107.2,110.55,106.4,109.0,12925,648250,35500,weekly,2021-3-25T21:00:00.000,options,call
171,1616135760000,109.0,110.85,107.25,109.65,3700,643025,35500,weekly,2021-3-25T21:00:00.000,options,call
172,1616135820000,109.5,109.65,106.65,107.0,8225,643025,35500,weekly,2021-3-25T21:00:00.000,options,call
173,1616135880000,107.0,108.65,99.35,101.1,25150,643025,35500,weekly,2021-3-25T21:00:00.000,options,call
174,1616135940000,101.05,103.75,100.8,102.3,12725,639850,35500,weekly,2021-3-25T21:00:00.000,options,call
175,1616136000000,102.1,102.15,96.75,97.7,14275,639850,35500,weekly,2021-3-25T21:00:00.000,options,call
176,1616136060000,97.4,100.3,96.95,99.6,20700,639850,35500,weekly,2021-3-25T21:00:00.000,options,call
177,1616136120000,99.1,99.65,95.95,96.4,14850,636825,35500,weekly,2021-3-25T21:00:00.000,options,call
178,1616136180000,95.3,96.5,91.0,93.75,30825,636825,35500,weekly,2021-3-25T21:00:00.000,options,call
179,1616136240000,93.75,95.9,91.3,94.8,21750,636825,35500,weekly,2021-3-25T21:00:00.000,options,call
180,1616136300000,93.9,95.0,92.0,93.5,17300,630375,35500,weekly,2021-3-25T21:00:00.000,options,call
181,1616136360000,93.0,93.35,88.9,90.3,20500,630375,35500,weekly,2021-3-25T21:00:00.000,options,call
182,1616136420000,89.8,93.8,88.65,93.7,19650,630375,35500,weekly,2021-3-25T21:00:00.000,options,call
183,1616136480000,94.35,100.55,93.7,99.15,23275,632500,35500,weekly,2021-3-25T21:00:00.000,options,call
184,1616136540000,99.0,102.7,98.3,100.45,14925,632500,35500,weekly,2021-3-25T21:00:00.000,options,call
185,1616136600000,100.7,104.8,99.0,103.6,17225,632500,35500,weekly,2021-3-25T21:00:00.000,options,call
186,1616136660000,103.6,104.1,98.05,99.5,9650,630100,35500,weekly,2021-3-25T21:00:00.000,options,call
187,1616136720000,99.5,99.95,96.55,98.8,9250,630100,35500,weekly,2021-3-25T21:00:00.000,options,call
188,1616136780000,99.3,101.0,98.6,100.95,6650,630100,35500,weekly,2021-3-25T21:00:00.000,options,call
189,1616136840000,99.95,101.0,98.6,99.65,6400,630475,35500,weekly,2021-3-25T21:00:00.000,options,call
190,1616136900000,99.2,101.6,98.2,98.2,8550,630475,35500,weekly,2021-3-25T21:00:00.000,options,call
191,1616136960000,98.2,100.5,97.25,99.6,7225,630475,35500,weekly,2021-3-25T21:00:00.000,options,call
192,1616137020000,98.4,105.1,97.75,102.15,9400,628150,35500,weekly,2021-3-25T21:00:00.000,options,call
193,1616137080000,104.05,109.25,103.85,107.85,12975,628150,35500,weekly,2021-3-25T21:00:00.000,options,call
194,1616137140000,107.6,108.5,103.95,104.55,16700,628150,35500,weekly,2021-3-25T21:00:00.000,options,call
195,1616137200000,105.15,106.6,100.1,100.2,9125,623200,35500,weekly,2021-3-25T21:00:00.000,options,call
196,1616137260000,100.4,104.0,100.05,101.0,5300,623200,35500,weekly,2021-3-25T21:00:00.000,options,call
197,1616137320000,100.85,104.4,100.6,102.95,7225,623200,35500,weekly,2021-3-25T21:00:00.000,options,call
198,1616137380000,103.0,103.2,97.95,99.45,11225,620025,35500,weekly,2021-3-25T21:00:00.000,options,call
199,1616137440000,99.75,103.0,99.65,101.2,3525,620025,35500,weekly,2021-3-25T21:00:00.000,options,call
200,1616137500000,101.2,108.2,100.8,106.0,8100,620025,35500,weekly,2021-3-25T21:00:00.000,options,call
201,1616137560000,105.8,114.0,105.8,112.85,18600,618150,35500,weekly,2021-3-25T21:00:00.000,options,call
202,1616137620000,112.6,113.05,109.2,110.75,16800,618150,35500,weekly,2021-3-25T21:00:00.000,options,call
203,1616137680000,110.2,110.6,108.0,108.9,6925,618150,35500,weekly,2021-3-25T21:00:00.000,options,call
204,1616137740000,108.55,111.25,108.0,110.35,6900,616975,35500,weekly,2021-3-25T21:00:00.000,options,call
205,1616137800000,110.35,113.65,108.75,110.85,11050,616975,35500,weekly,2021-3-25T21:00:00.000,options,call
206,1616137860000,111.25,111.45,105.0,105.0,12325,616975,35500,weekly,2021-3-25T21:00:00.000,options,call
207,1616137920000,104.8,105.0,97.0,98.5,18550,618825,35500,weekly,2021-3-25T21:00:00.000,options,call
208,1616137980000,98.55,100.9,97.0,97.0,11775,618825,35500,weekly,2021-3-25T21:00:00.000,options,call
209,1616138040000,96.75,100.65,96.0,99.9,11450,618825,35500,weekly,2021-3-25T21:00:00.000,options,call
210,1616138100000,99.55,99.55,95.85,97.05,6900,620175,35500,weekly,2021-3-25T21:00:00.000,options,call
211,1616138160000,97.75,102.0,97.75,102.0,19300,620175,35500,weekly,2021-3-25T21:00:00.000,options,call
212,1616138220000,102.45,104.15,100.85,102.1,7750,620175,35500,weekly,2021-3-25T21:00:00.000,options,call
213,1616138280000,101.4,104.6,101.4,103.1,5500,621075,35500,weekly,2021-3-25T21:00:00.000,options,call
214,1616138340000,103.4,107.3,102.15,107.3,11200,621075,35500,weekly,2021-3-25T21:00:00.000,options,call
215,1616138400000,107.2,107.8,104.0,104.45,6375,621075,35500,weekly,2021-3-25T21:00:00.000,options,call
216,1616138460000,106.55,106.55,106.55,106.55,4709850,619150,35500,weekly,2021-3-25T21:00:00.000,options,call
217,1616138520000,107.5,107.75,104.45,106.55,4850,619150,35500,weekly,2021-3-25T21:00:00.000,options,call
218,1616138580000,105.65,112.15,105.65,110.2,12400,619150,35500,weekly,2021-3-25T21:00:00.000,options,call
219,1616138640000,109.65,110.45,108.25,108.25,3225,617650,35500,weekly,2021-3-25T21:00:00.000,options,call
220,1616138700000,107.4,107.9,103.3,104.35,5775,617650,35500,weekly,2021-3-25T21:00:00.000,options,call
221,1616138760000,103.5,103.5,100.25,102.9,9075,617650,35500,weekly,2021-3-25T21:00:00.000,options,call
222,1616138820000,102.15,104.0,99.35,99.8,9050,620875,35500,weekly,2021-3-25T21:00:00.000,options,call
223,1616138880000,99.15,99.75,98.1,98.85,7000,620875,35500,weekly,2021-3-25T21:00:00.000,options,call
224,1616138940000,99.05,99.9,97.6,98.75,8300,620875,35500,weekly,2021-3-25T21:00:00.000,options,call
225,1616139000000,98.95,99.45,96.0,98.55,8125,623875,35500,weekly,2021-3-25T21:00:00.000,options,call
226,1616139060000,99.0,103.4,98.3,102.9,9225,623875,35500,weekly,2021-3-25T21:00:00.000,options,call
227,1616139120000,103.0,104.35,102.0,103.35,3900,623875,35500,weekly,2021-3-25T21:00:00.000,options,call
228,1616139180000,102.7,102.8,98.65,102.1,4250,622825,35500,weekly,2021-3-25T21:00:00.000,options,call
229,1616139240000,101.35,101.75,99.4,100.8,4400,622825,35500,weekly,2021-3-25T21:00:00.000,options,call
230,1616139300000,100.1,100.7,97.4,99.0,3275,622825,35500,weekly,2021-3-25T21:00:00.000,options,call
231,1616139360000,98.75,101.4,98.0,100.2,3625,625500,35500,weekly,2021-3-25T21:00:00.000,options,call
232,1616139420000,101.25,101.35,98.4,98.5,3900,625500,35500,weekly,2021-3-25T21:00:00.000,options,call
233,1616139480000,98.0,98.5,96.9,97.1,4250,625500,35500,weekly,2021-3-25T21:00:00.000,options,call
234,1616139540000,97.5,100.75,97.0,99.4,5625,627525,35500,weekly,2021-3-25T21:00:00.000,options,call
235,1616139600000,99.45,102.0,98.0,102.0,6000,627525,35500,weekly,2021-3-25T21:00:00.000,options,call
236,1616139660000,101.75,102.15,98.75,101.1,8550,627525,35500,weekly,2021-3-25T21:00:00.000,options,call
237,1616139720000,100.85,105.0,100.65,105.0,12025,627475,35500,weekly,2021-3-25T21:00:00.000,options,call
238,1616139780000,104.45,108.0,104.35,104.35,10750,627475,35500,weekly,2021-3-25T21:00:00.000,options,call
239,1616139840000,104.5,106.4,104.15,105.9,10775,627475,35500,weekly,2021-3-25T21:00:00.000,options,call
240,1616139900000,106.0,111.05,106.0,108.9,20525,637350,35500,weekly,2021-3-25T21:00:00.000,options,call
241,1616139960000,108.8,108.8,105.0,105.05,8200,637350,35500,weekly,2021-3-25T21:00:00.000,options,call
242,1616140020000,104.6,104.6,100.65,101.85,9875,637350,35500,weekly,2021-3-25T21:00:00.000,options,call
243,1616140080000,102.1,111.5,101.65,111.5,6800,639775,35500,weekly,2021-3-25T21:00:00.000,options,call
244,1616140140000,111.8,112.0,108.2,108.85,12500,639775,35500,weekly,2021-3-25T21:00:00.000,options,call
245,1616140200000,109.65,118.3,107.15,116.35,22000,639775,35500,weekly,2021-3-25T21:00:00.000,options,call
246,1616140260000,116.4,126.2,113.75,122.0,29550,634400,35500,weekly,2021-3-25T21:00:00.000,options,call
247,1616140320000,121.55,127.55,120.95,124.65,18275,634400,35500,weekly,2021-3-25T21:00:00.000,options,call
248,1616140380000,125.95,127.75,120.8,121.55,13750,634400,35500,weekly,2021-3-25T21:00:00.000,options,call
249,1616140440000,122.05,122.2,118.7,122.2,15225,628000,35500,weekly,2021-3-25T21:00:00.000,options,call
250,1616140500000,121.9,125.3,119.9,120.7,13500,628000,35500,weekly,2021-3-25T21:00:00.000,options,call
251,1616140560000,120.8,123.9,117.95,123.9,9500,628000,35500,weekly,2021-3-25T21:00:00.000,options,call
252,1616140620000,124.0,130.9,122.6,126.65,23125,629750,35500,weekly,2021-3-25T21:00:00.000,options,call
253,1616140680000,126.45,126.95,121.4,121.8,11125,629750,35500,weekly,2021-3-25T21:00:00.000,options,call
254,1616140740000,121.4,121.45,115.0,115.0,14475,629750,35500,weekly,2021-3-25T21:00:00.000,options,call
255,1616140800000,117.0,117.0,98.0,101.95,62075,632550,35500,weekly,2021-3-25T21:00:00.000,options,call
256,1616140860000,102.45,115.55,101.7,115.55,37975,632550,35500,weekly,2021-3-25T21:00:00.000,options,call
257,1616140920000,115.35,126.05,114.35,120.2,42100,632550,35500,weekly,2021-3-25T21:00:00.000,options,call
258,1616140980000,121.0,123.95,118.95,119.65,23575,629000,35500,weekly,2021-3-25T21:00:00.000,options,call
259,1616141040000,119.55,130.55,119.55,128.4,26300,629000,35500,weekly,2021-3-25T21:00:00.000,options,call
260,1616141100000,127.75,127.95,121.3,123.8,17500,629000,35500,weekly,2021-3-25T21:00:00.000,options,call
261,1616141160000,123.95,130.4,123.0,127.3,25325,624125,35500,weekly,2021-3-25T21:00:00.000,options,call
262,1616141220000,128.95,129.0,123.4,125.95,16400,624125,35500,weekly,2021-3-25T21:00:00.000,options,call
263,1616141280000,125.2,130.15,120.65,128.9,16375,624125,35500,weekly,2021-3-25T21:00:00.000,options,call
264,1616141340000,131.05,136.35,125.5,127.4,31150,622450,35500,weekly,2021-3-25T21:00:00.000,options,call
265,1616141400000,128.45,134.75,127.0,127.0,21050,622450,35500,weekly,2021-3-25T21:00:00.000,options,call
266,1616141460000,127.0,128.45,119.25,120.6,25550,622450,35500,weekly,2021-3-25T21:00:00.000,options,call
267,1616141520000,120.85,120.85,107.4,112.8,39575,628475,35500,weekly,2021-3-25T21:00:00.000,options,call
268,1616141580000,113.65,117.75,109.35,116.75,17200,628475,35500,weekly,2021-3-25T21:00:00.000,options,call
269,1616141640000,116.75,118.95,114.3,114.3,5850,628475,35500,weekly,2021-3-25T21:00:00.000,options,call
270,1616141700000,114.6,117.65,111.05,116.95,7150,626050,35500,weekly,2021-3-25T21:00:00.000,options,call
271,1616141760000,116.7,121.35,116.55,118.35,6950,626050,35500,weekly,2021-3-25T21:00:00.000,options,call
272,1616141820000,118.45,124.95,118.1,119.4,10750,626050,35500,weekly,2021-3-25T21:00:00.000,options,call
273,1616141880000,119.4,121.75,117.1,119.0,3700,626575,35500,weekly,2021-3-25T21:00:00.000,options,call
274,1616141940000,117.15,122.4,117.15,122.2,5150,626575,35500,weekly,2021-3-25T21:00:00.000,options,call
275,1616142000000,122.1,125.0,119.4,121.75,12375,626575,35500,weekly,2021-3-25T21:00:00.000,options,call
276,1616142060000,122.15,124.4,118.65,121.95,6075,624625,35500,weekly,2021-3-25T21:00:00.000,options,call
277,1616142120000,121.75,124.6,119.5,124.5,7675,624625,35500,weekly,2021-3-25T21:00:00.000,options,call
278,1616142180000,123.5,125.85,118.95,120.35,9925,624625,35500,weekly,2021-3-25T21:00:00.000,options,call
279,1616142240000,120.2,120.75,114.05,116.85,11950,624650,35500,weekly,2021-3-25T21:00:00.000,options,call
280,1616142300000,117.8,120.35,115.4,118.3,11575,624650,35500,weekly,2021-3-25T21:00:00.000,options,call
281,1616142360000,122.55,123.15,122.55,123.15,5610050,624650,35500,weekly,2021-3-25T21:00:00.000,options,call
282,1616142420000,123.2,130.35,123.15,130.0,24850,624475,35500,weekly,2021-3-25T21:00:00.000,options,call
283,1616142480000,129.55,137.35,129.55,135.15,27850,624475,35500,weekly,2021-3-25T21:00:00.000,options,call
284,1616142540000,135.5,143.35,134.0,140.35,30550,624475,35500,weekly,2021-3-25T21:00:00.000,options,call
285,1616142600000,141.1,148.25,138.25,146.0,54175,622375,35500,weekly,2021-3-25T21:00:00.000,options,call
286,1616142660000,146.3,146.3,134.1,141.6,40875,622375,35500,weekly,2021-3-25T21:00:00.000,options,call
287,1616142720000,142.05,142.15,130.0,130.0,31550,622375,35500,weekly,2021-3-25T21:00:00.000,options,call
288,1616142780000,129.35,133.75,129.35,130.4,21050,623250,35500,weekly,2021-3-25T21:00:00.000,options,call
289,1616142840000,129.65,130.75,122.8,129.65,18775,623250,35500,weekly,2021-3-25T21:00:00.000,options,call
290,1616142900000,129.3,134.35,128.75,134.35,20675,623250,35500,weekly,2021-3-25T21:00:00.000,options,call
291,1616142960000,137.55,140.35,133.7,134.6,34850,615750,35500,weekly,2021-3-25T21:00:00.000,options,call
292,1616143020000,134.5,134.5,129.0,131.1,15875,615750,35500,weekly,2021-3-25T21:00:00.000,options,call
293,1616143080000,130.15,132.9,129.0,130.0,14050,615750,35500,weekly,2021-3-25T21:00:00.000,options,call
294,1616143140000,129.0,136.45,127.65,136.05,23650,621000,35500,weekly,2021-3-25T21:00:00.000,options,call
295,1616143200000,136.4,136.65,132.45,134.25,9850,621000,35500,weekly,2021-3-25T21:00:00.000,options,call
296,1616143260000,134.2,138.85,129.7,130.2,24325,621000,35500,weekly,2021-3-25T21:00:00.000,options,call
297,1616143320000,130.45,141.15,130.1,138.6,27500,621925,35500,weekly,2021-3-25T21:00:00.000,options,call
298,1616143380000,139.65,141.1,132.45,134.3,21425,621925,35500,weekly,2021-3-25T21:00:00.000,options,call
299,1616143440000,134.5,134.55,126.0,129.35,36675,621925,35500,weekly,2021-3-25T21:00:00.000,options,call
300,1616143500000,130.3,134.95,129.95,134.0,22500,628925,35500,weekly,2021-3-25T21:00:00.000,options,call
301,1616143560000,134.0,140.05,130.7,131.2,33400,628925,35500,weekly,2021-3-25T21:00:00.000,options,call
302,1616143620000,132.6,132.6,112.25,112.25,65325,628925,35500,weekly,2021-3-25T21:00:00.000,options,call
303,1616143680000,110.65,113.7,101.7,113.7,46000,638275,35500,weekly,2021-3-25T21:00:00.000,options,call
304,1616143740000,114.1,116.85,110.8,114.85,26600,638275,35500,weekly,2021-3-25T21:00:00.000,options,call
305,1616143800000,121.45,121.45,121.45,121.45,6297700,638275,35500,weekly,2021-3-25T21:00:00.000,options,call
306,1616143860000,121.6,124.2,119.1,124.2,15400,638400,35500,weekly,2021-3-25T21:00:00.000,options,call
307,1616143920000,123.4,126.85,122.0,123.4,14950,638400,35500,weekly,2021-3-25T21:00:00.000,options,call
308,1616143980000,124.35,124.35,124.35,124.35,6338025,638400,35500,weekly,2021-3-25T21:00:00.000,options,call
309,1616144040000,124.25,126.0,121.9,122.8,8175,638150,35500,weekly,2021-3-25T21:00:00.000,options,call
310,1616144100000,122.7,125.05,116.95,122.45,11625,638150,35500,weekly,2021-3-25T21:00:00.000,options,call
311,1616144160000,122.0,122.9,118.05,119.4,17325,638150,35500,weekly,2021-3-25T21:00:00.000,options,call
312,1616144220000,120.2,123.05,115.85,120.8,15725,642900,35500,weekly,2021-3-25T21:00:00.000,options,call
313,1616144280000,121.2,121.2,117.45,119.4,12650,642900,35500,weekly,2021-3-25T21:00:00.000,options,call
314,1616144340000,119.6,124.6,119.1,123.65,21425,642900,35500,weekly,2021-3-25T21:00:00.000,options,call
315,1616144400000,124.45,144.3,123.2,140.75,55125,636000,35500,weekly,2021-3-25T21:00:00.000,options,call
316,1616144460000,139.75,143.45,136.4,137.45,57800,636000,35500,weekly,2021-3-25T21:00:00.000,options,call
317,1616144520000,137.4,142.8,135.6,142.8,38125,636000,35500,weekly,2021-3-25T21:00:00.000,options,call
318,1616144580000,142.35,147.45,137.25,147.45,49075,632325,35500,weekly,2021-3-25T21:00:00.000,options,call
319,1616144640000,147.5,158.85,147.5,158.65,86900,632325,35500,weekly,2021-3-25T21:00:00.000,options,call
320,1616144700000,160.0,164.35,148.25,150.05,82150,632325,35500,weekly,2021-3-25T21:00:00.000,options,call
321,1616144760000,150.25,152.95,145.05,151.9,59600,625950,35500,weekly,2021-3-25T21:00:00.000,options,call
322,1616144820000,152.4,154.4,145.05,146.85,34250,625950,35500,weekly,2021-3-25T21:00:00.000,options,call
323,1616144880000,147.0,150.8,144.2,148.1,28375,625950,35500,weekly,2021-3-25T21:00:00.000,options,call
324,1616144940000,148.85,152.5,142.85,152.5,42725,621550,35500,weekly,2021-3-25T21:00:00.000,options,call
325,1616145000000,153.3,163.4,150.2,150.2,87075,621550,35500,weekly,2021-3-25T21:00:00.000,options,call
326,1616145060000,149.0,150.75,137.1,141.2,56775,621550,35500,weekly,2021-3-25T21:00:00.000,options,call
327,1616145120000,140.85,154.55,140.1,154.0,33400,612300,35500,weekly,2021-3-25T21:00:00.000,options,call
328,1616145180000,153.1,154.95,148.9,151.9,28925,612300,35500,weekly,2021-3-25T21:00:00.000,options,call
329,1616145240000,151.5,155.7,145.6,155.0,23575,612300,35500,weekly,2021-3-25T21:00:00.000,options,call
330,1616145300000,154.6,164.0,153.9,161.9,47550,607100,35500,weekly,2021-3-25T21:00:00.000,options,call
331,1616145360000,161.9,161.9,153.9,155.65,35250,607100,35500,weekly,2021-3-25T21:00:00.000,options,call
332,1616145420000,155.85,158.35,150.25,158.05,23650,607100,35500,weekly,2021-3-25T21:00:00.000,options,call
333,1616145480000,158.7,163.1,151.85,153.45,43975,607375,35500,weekly,2021-3-25T21:00:00.000,options,call
334,1616145540000,152.55,156.35,146.65,155.35,42200,607375,35500,weekly,2021-3-25T21:00:00.000,options,call
335,1616145600000,155.1,160.5,152.0,153.6,33950,607375,35500,weekly,2021-3-25T21:00:00.000,options,call
336,1616145660000,152.45,152.45,146.55,147.95,33450,613900,35500,weekly,2021-3-25T21:00:00.000,options,call
337,1616145720000,146.2,151.0,140.0,147.05,35550,613900,35500,weekly,2021-3-25T21:00:00.000,options,call
338,1616145780000,146.65,150.0,143.2,150.0,25650,613900,35500,weekly,2021-3-25T21:00:00.000,options,call
339,1616145840000,150.6,154.4,149.05,152.7,30550,605575,35500,weekly,2021-3-25T21:00:00.000,options,call
340,1616145900000,153.65,153.65,143.9,147.1,20475,605575,35500,weekly,2021-3-25T21:00:00.000,options,call
341,1616145960000,147.2,152.45,143.3,151.7,25800,605575,35500,weekly,2021-3-25T21:00:00.000,options,call
342,1616146020000,151.95,156.9,147.85,149.0,39475,601100,35500,weekly,2021-3-25T21:00:00.000,options,call
343,1616146080000,148.6,152.15,145.05,149.6,24675,601100,35500,weekly,2021-3-25T21:00:00.000,options,call
344,1616146140000,151.0,167.15,147.55,166.35,59775,601100,35500,weekly,2021-3-25T21:00:00.000,options,call
345,1616146200000,166.25,210.8,165.0,210.8,155825,579550,35500,weekly,2021-3-25T21:00:00.000,options,call
346,1616146260000,210.85,222.9,202.8,213.7,208075,579550,35500,weekly,2021-3-25T21:00:00.000,options,call
347,1616146320000,215.55,215.55,196.1,203.15,97375,579550,35500,weekly,2021-3-25T21:00:00.000,options,call
348,1616146380000,204.6,210.0,194.2,194.9,76725,578050,35500,weekly,2021-3-25T21:00:00.000,options,call
349,1616146440000,194.9,201.35,189.35,201.35,66950,578050,35500,weekly,2021-3-25T21:00:00.000,options,call
350,1616146500000,200.9,201.6,192.5,195.55,64575,578050,35500,weekly,2021-3-25T21:00:00.000,options,call
351,1616146560000,195.6,200.25,187.1,187.45,53875,592475,35500,weekly,2021-3-25T21:00:00.000,options,call
352,1616146620000,187.75,189.55,169.65,169.65,63850,592475,35500,weekly,2021-3-25T21:00:00.000,options,call
353,1616146680000,169.65,177.5,166.05,169.75,58775,592475,35500,weekly,2021-3-25T21:00:00.000,options,call
354,1616146740000,169.3,169.3,160.55,162.95,50350,584725,35500,weekly,2021-3-25T21:00:00.000,options,call
355,1616146800000,162.5,163.25,132.65,135.0,90350,584725,35500,weekly,2021-3-25T21:00:00.000,options,call
356,1616146860000,134.9,143.8,134.9,142.75,54825,584725,35500,weekly,2021-3-25T21:00:00.000,options,call
357,1616146920000,141.7,146.5,133.2,133.2,45550,583025,35500,weekly,2021-3-25T21:00:00.000,options,call
358,1616146980000,133.75,145.0,132.55,145.0,49475,583025,35500,weekly,2021-3-25T21:00:00.000,options,call
359,1616147040000,145.05,146.65,140.0,146.3,54775,583025,35500,weekly,2021-3-25T21:00:00.000,options,call
360,1616147100000,146.65,147.8,134.0,134.95,36100,571525,35500,weekly,2021-3-25T21:00:00.000,options,call
361,1616147160000,134.0,134.0,120.9,125.4,56825,571525,35500,weekly,2021-3-25T21:00:00.000,options,call
362,1616147220000,125.1,132.15,125.1,132.05,34975,571525,35500,weekly,2021-3-25T21:00:00.000,options,call
363,1616147280000,132.5,144.1,131.85,144.1,34225,580525,35500,weekly,2021-3-25T21:00:00.000,options,call
364,1616147340000,143.65,145.4,138.7,139.8,21375,580525,35500,weekly,2021-3-25T21:00:00.000,options,call
365,1616147400000,138.6,138.6,110.0,110.2,77775,580525,35500,weekly,2021-3-25T21:00:00.000,options,call
366,1616147460000,110.6,116.1,109.5,115.0,66900,567775,35500,weekly,2021-3-25T21:00:00.000,options,call
367,1616147520000,115.05,115.05,109.05,114.2,39675,567775,35500,weekly,2021-3-25T21:00:00.000,options,call
368,1616147580000,114.35,115.8,111.4,114.95,29200,567775,35500,weekly,2021-3-25T21:00:00.000,options,call
369,1616147640000,115.25,118.85,115.25,117.2,26450,564150,35500,weekly,2021-3-25T21:00:00.000,options,call
370,1616147700000,116.85,120.0,115.95,118.05,26425,564150,35500,weekly,2021-3-25T21:00:00.000,options,call
371,1616147760000,117.15,119.25,116.1,116.25,25900,564150,35500,weekly,2021-3-25T21:00:00.000,options,call
372,1616147820000,116.75,118.35,116.0,116.65,40325,560325,35500,weekly,2021-3-25T21:00:00.000,options,call
373,1616147880000,116.1,116.45,112.2,114.05,65225,560325,35500,weekly,2021-3-25T21:00:00.000,options,call
374,1616147940000,114.6,116.8,114.3,116.8,34450,560325,35500,weekly,2021-3-25T21:00:00.000,options,call
