,timestamp,open,high,low,close,volume,open_interest,strike,expiry_type,expiry,instrument,contract_type
0,1639646100000,4.0,4.05,2.35,2.9,248850,1104050,35000,weekly,2021-12-16T21:00:00.000,options,put
1,1639646160000,2.85,2.9,2.65,2.7,185925,1104050,35000,weekly,2021-12-16T21:00:00.000,options,put
2,1639646220000,2.7,2.75,2.5,2.65,128250,1141700,35000,weekly,2021-12-16T21:00:00.000,options,put
3,1639646280000,2.65,2.8,2.6,2.7,111825,1141700,35000,weekly,2021-12-16T21:00:00.000,options,put
4,1639646340000,2.75,2.8,2.45,2.5,112950,1141700,35000,weekly,2021-12-16T21:00:00.000,options,put
5,1639646400000,2.45,2.55,2.3,2.45,135800,1181175,35000,weekly,2021-12-16T21:00:00.000,options,put
6,1639646460000,2.5,2.5,2.3,2.4,146875,1181175,35000,weekly,2021-12-16T21:00:00.000,options,put
7,1639646520000,2.45,2.45,2.25,2.35,180350,1181175,35000,weekly,2021-12-16T21:00:00.000,options,put
8,1639646580000,2.35,2.45,2.2,2.3,89525,1089725,35000,weekly,2021-12-16T21:00:00.000,options,put
9,1639646640000,2.35,2.4,2.25,2.3,82475,1089725,35000,weekly,2021-12-16T21:00:00.000,options,put
10,1639646700000,2.3,2.55,2.3,2.5,134900,1089725,35000,weekly,2021-12-16T21:00:00.000,options,put
11,1639646760000,2.45,2.5,2.4,2.4,77325,1139225,35000,weekly,2021-12-16T21:00:00.000,options,put
12,1639646820000,2.45,2.5,2.4,2.5,71200,1139225,35000,weekly,2021-12-16T21:00:00.000,options,put
13,1639646880000,2.5,2.55,2.4,2.5,65625,1139225,35000,weekly,2021-12-16T21:00:00.000,options,put
14,1639646940000,2.5,2.55,2.45,2.55,84000,1168125,35000,weekly,2021-12-16T21:00:00.000,options,put
15,1639647000000,2.5,2.55,2.45,2.45,70700,1168125,35000,weekly,2021-12-16T21:00:00.000,options,put
16,1639647060000,2.45,2.45,2.3,2.3,51075,1168125,35000,weekly,2021-12-16T21:00:00.000,options,put
17,1639647120000,2.35,2.35,2.3,2.35,41950,1157650,35000,weekly,2021-12-16T21:00:00.000,options,put
18,1639647180000,2.35,2.4,2.3,2.35,44675,1157650,35000,weekly,2021-12-16T21:00:00.000,options,put
19,1639647240000,2.4,2.4,2.35,2.35,28750,1157650,35000,weekly,2021-12-16T21:00:00.000,options,put
20,1639647300000,2.4,2.4,2.3,2.35,26650,1158175,35000,weekly,2021-12-16T21:00:00.000,options,put
21,1639647360000,2.4,2.45,2.35,2.4,37125,1158175,35000,weekly,2021-12-16T21:00:00.000,options,put
22,1639647420000,2.35,2.4,2.3,2.35,21950,1158175,35000,weekly,2021-12-16T21:00:00.000,options,put
23,1639647480000,2.35,2.45,2.3,2.4,38300,1162950,35000,weekly,2021-12-16T21:00:00.000,options,put
24,1639647540000,2.45,2.45,2.35,2.35,56450,1162950,35000,weekly,2021-12-16T21:00:00.000,options,put
25,1639647600000,2.3,2.35,2.25,2.3,54175,1162950,35000,weekly,2021-12-16T21:00:00.000,options,put
26,1639647660000,2.35,2.35,2.2,2.2,25100,1174975,35000,weekly,2021-12-16T21:00:00.000,options,put
27,1639647720000,2.25,2.3,2.2,2.25,29775,1174975,35000,weekly,2021-12-16T21:00:00.000,options,put
28,1639647780000,2.25,2.3,2.2,2.25,28500,1174975,35000,weekly,2021-12-16T21:00:00.000,options,put
29,1639647840000,2.25,2.25,2.2,2.25,19650,1195250,35000,weekly,2021-12-16T21:00:00.000,options,put
30,1639647900000,2.25,2.35,2.2,2.35,35500,1195250,35000,weekly,2021-12-16T21:00:00.000,options,put
31,1639647960000,2.3,2.35,2.3,2.3,34250,1195250,35000,weekly,2021-12-16T21:00:00.000,options,put
32,1639648020000,2.3,2.35,2.15,2.2,60175,1220800,35000,weekly,2021-12-16T21:00:00.000,options,put
33,1639648080000,2.25,2.25,2.2,2.2,53350,1220800,35000,weekly,2021-12-16T21:00:00.000,options,put
34,1639648140000,2.25,2.25,2.2,2.25,26400,1220800,35000,weekly,2021-12-16T21:00:00.000,options,put
35,1639648200000,2.25,2.4,2.25,2.25,75500,1248425,35000,weekly,2021-12-16T21:00:00.000,options,put
36,1639648260000,2.3,2.35,2.25,2.25,39300,1248425,35000,weekly,2021-12-16T21:00:00.000,options,put
37,1639648320000,2.25,2.3,2.1,2.15,83725,1248425,35000,weekly,2021-12-16T21:00:00.000,options,put
38,1639648380000,2.15,2.25,2.15,2.2,23450,1280900,35000,weekly,2021-12-16T21:00:00.000,options,put
39,1639648440000,2.2,2.25,2.15,2.2,56575,1280900,35000,weekly,2021-12-16T21:00:00.000,options,put
40,1639648500000,2.25,2.25,2.2,2.2,13775,1280900,35000,weekly,2021-12-16T21:00:00.000,options,put
41,1639648560000,2.2,2.3,2.2,2.3,36650,1296050,35000,weekly,2021-12-16T21:00:00.000,options,put
42,1639648620000,2.25,2.3,2.25,2.3,21900,1296050,35000,weekly,2021-12-16T21:00:00.000,options,put
43,1639648680000,2.3,2.3,2.2,2.25,36250,1296050,35000,weekly,2021-12-16T21:00:00.000,options,put
44,1639648740000,2.25,2.35,2.2,2.35,53200,1309550,35000,weekly,2021-12-16T21:00:00.000,options,put
45,1639648800000,2.3,2.35,2.3,2.3,47100,1309550,35000,weekly,2021-12-16T21:00:00.000,options,put
46,1639648860000,2.3,2.35,2.3,2.3,15550,1309550,35000,weekly,2021-12-16T21:00:00.000,options,put
47,1639648920000,2.3,2.35,2.2,2.25,28750,1315150,35000,weekly,2021-12-16T21:00:00.000,options,put
48,1639648980000,2.25,2.25,2.15,2.15,22800,1315150,35000,weekly,2021-12-16T21:00:00.000,options,put
49,1639649040000,2.2,2.2,2.1,2.1,49975,1315150,35000,weekly,2021-12-16T21:00:00.000,options,put
50,1639649100000,2.15,2.15,2.1,2.1,25075,1324400,35000,weekly,2021-12-16T21:00:00.000,options,put
51,1639649160000,2.15,2.2,2.1,2.2,31050,1324400,35000,weekly,2021-12-16T21:00:00.000,options,put
52,1639649220000,2.15,2.2,2.1,2.15,26025,1324400,35000,weekly,2021-12-16T21:00:00.000,options,put
53,1639649280000,2.1,2.15,2.1,2.1,28625,1326475,35000,weekly,2021-12-16T21:00:00.000,options,put
54,1639649340000,2.1,2.15,2.1,2.1,18600,1326475,35000,weekly,2021-12-16T21:00:00.000,options,put
55,1639649400000,2.15,2.2,2.1,2.2,16125,1326475,35000,weekly,2021-12-16T21:00:00.000,options,put
56,1639649460000,2.2,2.25,2.15,2.2,21400,1329375,35000,weekly,2021-12-16T21:00:00.000,options,put
57,1639649520000,2.25,2.25,2.2,2.25,11700,1329375,35000,weekly,2021-12-16T21:00:00.000,options,put
58,1639649580000,2.25,2.3,2.25,2.25,14800,1329375,35000,weekly,2021-12-16T21:00:00.000,options,put
59,1639649640000,2.3,2.3,2.25,2.3,32275,1332750,35000,weekly,2021-12-16T21:00:00.000,options,put
60,1639649700000,2.3,2.35,2.25,2.3,33525,1332750,35000,weekly,2021-12-16T21:00:00.000,options,put
61,1639649760000,2.3,2.3,2.15,2.2,32325,1332750,35000,weekly,2021-12-16T21:00:00.000,options,put
62,1639649820000,2.2,2.2,2.15,2.2,8500,1328700,35000,weekly,2021-12-16T21:00:00.000,options,put
63,1639649880000,2.2,2.2,2.15,2.15,10100,1328700,35000,weekly,2021-12-16T21:00:00.000,options,put
64,1639649940000,2.15,2.2,2.1,2.15,37475,1328700,35000,weekly,2021-12-16T21:00:00.000,options,put
65,1639650000000,2.15,2.2,2.1,2.15,59625,1312050,35000,weekly,2021-12-16T21:00:00.000,options,put
66,1639650060000,2.2,2.25,2.15,2.2,27725,1312050,35000,weekly,2021-12-16T21:00:00.000,options,put
67,1639650120000,2.2,2.25,2.15,2.25,25450,1312050,35000,weekly,2021-12-16T21:00:00.000,options,put
68,1639650180000,2.2,2.25,2.15,2.2,26600,1293750,35000,weekly,2021-12-16T21:00:00.000,options,put
69,1639650240000,2.2,2.25,2.1,2.1,30200,1293750,35000,weekly,2021-12-16T21:00:00.000,options,put
70,1639650300000,2.1,2.15,2.05,2.15,33400,1293750,35000,weekly,2021-12-16T21:00:00.000,options,put
71,1639650360000,2.15,2.2,2.15,2.15,27200,1285325,35000,weekly,2021-12-16T21:00:00.000,options,put
72,1639650420000,2.15,2.2,2.05,2.05,23375,1285325,35000,weekly,2021-12-16T21:00:00.000,options,put
73,1639650480000,2.1,2.1,1.9,2.0,70350,1285325,35000,weekly,2021-12-16T21:00:00.000,options,put
74,1639650540000,2.0,2.05,1.9,2.0,55450,1260625,35000,weekly,2021-12-16T21:00:00.000,options,put
75,1639650600000,1.95,2.1,1.95,2.05,19400,1260625,35000,weekly,2021-12-16T21:00:00.000,options,put
76,1639650660000,2.05,2.1,2.05,2.05,17975,1260625,35000,weekly,2021-12-16T21:00:00.000,options,put
77,1639650720000,2.05,2.1,2.05,2.05,5925,1249875,35000,weekly,2021-12-16T21:00:00.000,options,put
78,1639650780000,2.05,2.1,2.05,2.05,7225,1249875,35000,weekly,2021-12-16T21:00:00.000,options,put
79,1639650840000,2.05,2.15,2.0,2.1,29500,1249875,35000,weekly,2021-12-16T21:00:00.000,options,put
80,1639650900000,2.05,2.1,2.0,2.0,22075,1246875,35000,weekly,2021-12-16T21:00:00.000,options,put
81,1639650960000,2.0,2.05,1.95,2.0,7725,1246875,35000,weekly,2021-12-16T21:00:00.000,options,put
82,1639651020000,1.95,2.05,1.95,2.0,17875,1246875,35000,weekly,2021-12-16T21:00:00.000,options,put
83,1639651080000,2.0,2.1,2.0,2.05,17925,1237225,35000,weekly,2021-12-16T21:00:00.000,options,put
84,1639651140000,2.1,2.15,2.05,2.1,16200,1237225,35000,weekly,2021-12-16T21:00:00.000,options,put
85,1639651200000,2.1,2.15,2.1,2.15,14800,1237225,35000,weekly,2021-12-16T21:00:00.000,options,put
86,1639651260000,2.1,2.2,2.1,2.15,16225,1235050,35000,weekly,2021-12-16T21:00:00.000,options,put
87,1639651320000,2.15,2.15,2.1,2.1,8050,1235050,35000,weekly,2021-12-16T21:00:00.000,options,put
88,1639651380000,2.1,2.15,2.05,2.1,15350,1235050,35000,weekly,2021-12-16T21:00:00.000,options,put
89,1639651440000,2.1,2.15,2.05,2.1,18800,1231525,35000,weekly,2021-12-16T21:00:00.000,options,put
90,1639651500000,2.1,2.15,2.05,2.1,16925,1231525,35000,weekly,2021-12-16T21:00:00.000,options,put
91,1639651560000,2.1,2.15,1.95,1.95,57950,1231525,35000,weekly,2021-12-16T21:00:00.000,options,put
92,1639651620000,1.95,2.0,1.95,2.0,4025,1249225,35000,weekly,2021-12-16T21:00:00.000,options,put
93,1639651680000,2.0,2.0,1.95,2.0,5225,1249225,35000,weekly,2021-12-16T21:00:00.000,options,put
94,1639651740000,1.95,2.0,1.85,1.9,24550,1249225,35000,weekly,2021-12-16T21:00:00.000,options,put
95,1639651800000,1.9,1.95,1.8,1.8,52975,1262300,35000,weekly,2021-12-16T21:00:00.000,options,put
96,1639651860000,1.85,1.85,1.8,1.85,14600,1262300,35000,weekly,2021-12-16T21:00:00.000,options,put
97,1639651920000,1.8,1.9,1.8,1.9,7975,1262300,35000,weekly,2021-12-16T21:00:00.000,options,put
98,1639651980000,1.9,1.9,1.85,1.85,7800,1262350,35000,weekly,2021-12-16T21:00:00.000,options,put
99,1639652040000,1.85,1.9,1.85,1.9,5100,1262350,35000,weekly,2021-12-16T21:00:00.000,options,put
100,1639652100000,1.9,1.9,1.85,1.9,16875,1262350,35000,weekly,2021-12-16T21:00:00.000,options,put
101,1639652160000,1.9,1.9,1.85,1.9,19200,1251100,35000,weekly,2021-12-16T21:00:00.000,options,put
102,1639652220000,1.85,1.9,1.8,1.8,12550,1251100,35000,weekly,2021-12-16T21:00:00.000,options,put
103,1639652280000,1.85,1.85,1.8,1.8,18400,1251100,35000,weekly,2021-12-16T21:00:00.000,options,put
104,1639652340000,1.85,1.85,1.8,1.8,5975,1247175,35000,weekly,2021-12-16T21:00:00.000,options,put
105,1639652400000,1.85,1.85,1.75,1.75,20600,1247175,35000,weekly,2021-12-16T21:00:00.000,options,put
106,1639652460000,1.8,1.8,1.75,1.8,8425,1247175,35000,weekly,2021-12-16T21:00:00.000,options,put
107,1639652520000,1.75,1.8,1.75,1.8,7675,1257000,35000,weekly,2021-12-16T21:00:00.000,options,put
108,1639652580000,1.75,1.8,1.75,1.75,15725,1257000,35000,weekly,2021-12-16T21:00:00.000,options,put
109,1639652640000,1.75,1.8,1.7,1.75,10600,1257000,35000,weekly,2021-12-16T21:00:00.000,options,put
110,1639652700000,1.75,1.8,1.7,1.7,23450,1258350,35000,weekly,2021-12-16T21:00:00.000,options,put
111,1639652760000,1.75,1.75,1.7,1.75,4425,1258350,35000,weekly,2021-12-16T21:00:00.000,options,put
112,1639652820000,1.7,1.75,1.7,1.7,1450,1258350,35000,weekly,2021-12-16T21:00:00.000,options,put
113,1639652880000,1.7,1.75,1.7,1.7,2500,1261225,35000,weekly,2021-12-16T21:00:00.000,options,put
114,1639652940000,1.7,1.75,1.7,1.7,6075,1261225,35000,weekly,2021-12-16T21:00:00.000,options,put
115,1639653000000,1.7,1.75,1.7,1.7,9550,1261225,35000,weekly,2021-12-16T21:00:00.000,options,put
116,1639653060000,1.75,1.75,1.6,1.65,17350,1265150,35000,weekly,2021-12-16T21:00:00.000,options,put
117,1639653120000,1.6,1.65,1.6,1.6,7225,1265150,35000,weekly,2021-12-16T21:00:00.000,options,put
118,1639653180000,1.65,1.65,1.55,1.6,7450,1265150,35000,weekly,2021-12-16T21:00:00.000,options,put
119,1639653240000,1.6,1.6,1.55,1.6,12325,1267150,35000,weekly,2021-12-16T21:00:00.000,options,put
120,1639653300000,1.6,1.65,1.55,1.6,11925,1267150,35000,weekly,2021-12-16T21:00:00.000,options,put
121,1639653360000,1.65,1.65,1.55,1.6,8775,1267150,35000,weekly,2021-12-16T21:00:00.000,options,put
122,1639653420000,1.55,1.6,1.55,1.6,6475,1264250,35000,weekly,2021-12-16T21:00:00.000,options,put
123,1639653480000,1.55,1.65,1.55,1.6,14300,1264250,35000,weekly,2021-12-16T21:00:00.000,options,put
124,1639653540000,1.65,1.65,1.55,1.55,21450,1264250,35000,weekly,2021-12-16T21:00:00.000,options,put
125,1639653600000,1.55,1.65,1.55,1.6,29875,1274775,35000,weekly,2021-12-16T21:00:00.000,options,put
126,1639653660000,1.6,1.85,1.6,1.75,81150,1274775,35000,weekly,2021-12-16T21:00:00.000,options,put
127,1639653720000,1.75,1.8,1.6,1.65,71225,1274775,35000,weekly,2021-12-16T21:00:00.000,options,put
128,1639653780000,1.65,1.7,1.6,1.65,40175,1253675,35000,weekly,2021-12-16T21:00:00.000,options,put
129,1639653840000,1.65,1.85,1.6,1.8,45475,1253675,35000,weekly,2021-12-16T21:00:00.000,options,put
130,1639653900000,1.8,1.95,1.7,1.7,57275,1253675,35000,weekly,2021-12-16T21:00:00.000,options,put
131,1639653960000,1.75,1.85,1.65,1.7,71775,1233825,35000,weekly,2021-12-16T21:00:00.000,options,put
132,1639654020000,1.75,1.8,1.6,1.65,38100,1233825,35000,weekly,2021-12-16T21:00:00.000,options,put
133,1639654080000,1.65,1.7,1.6,1.65,19875,1233825,35000,weekly,2021-12-16T21:00:00.000,options,put
134,1639654140000,1.65,1.75,1.6,1.75,32425,1253275,35000,weekly,2021-12-16T21:00:00.000,options,put
135,1639654200000,1.75,1.75,1.55,1.65,55175,1253275,35000,weekly,2021-12-16T21:00:00.000,options,put
136,1639654260000,1.65,1.65,1.5,1.6,33925,1253275,35000,weekly,2021-12-16T21:00:00.000,options,put
137,1639654320000,1.6,1.6,1.55,1.6,16525,1268375,35000,weekly,2021-12-16T21:00:00.000,options,put
138,1639654380000,1.6,1.7,1.6,1.7,16325,1268375,35000,weekly,2021-12-16T21:00:00.000,options,put
139,1639654440000,1.7,1.75,1.6,1.7,17500,1268375,35000,weekly,2021-12-16T21:00:00.000,options,put
140,1639654500000,1.7,1.75,1.6,1.65,24600,1258150,35000,weekly,2021-12-16T21:00:00.000,options,put
141,1639654560000,1.65,1.65,1.6,1.65,11075,1258150,35000,weekly,2021-12-16T21:00:00.000,options,put
142,1639654620000,1.65,1.85,1.6,1.8,33425,1258150,35000,weekly,2021-12-16T21:00:00.000,options,put
143,1639654680000,1.8,1.85,1.75,1.75,15950,1258150,35000,weekly,2021-12-16T21:00:00.000,options,put
144,1639654740000,1.75,1.8,1.65,1.7,20875,1217850,35000,weekly,2021-12-16T21:00:00.000,options,put
145,1639654800000,1.7,1.7,1.65,1.7,3825,1217850,35000,weekly,2021-12-16T21:00:00.000,options,put
146,1639654860000,1.7,1.75,1.65,1.7,8600,1218050,35000,weekly,2021-12-16T21:00:00.000,options,put
147,1639654920000,1.7,1.75,1.65,1.65,3825,1218050,35000,weekly,2021-12-16T21:00:00.000,options,put
148,1639654980000,1.7,1.7,1.6,1.6,17925,1218050,35000,weekly,2021-12-16T21:00:00.000,options,put
149,1639655040000,1.6,1.65,1.6,1.65,9525,1218050,35000,weekly,2021-12-16T21:00:00.000,options,put
150,1639655100000,1.6,1.65,1.6,1.65,14050,1216050,35000,weekly,2021-12-16T21:00:00.000,options,put
151,1639655160000,1.65,1.65,1.6,1.65,11475,1216050,35000,weekly,2021-12-16T21:00:00.000,options,put
152,1639655220000,1.65,1.65,1.6,1.6,5575,1208375,35000,weekly,2021-12-16T21:00:00.000,options,put
153,1639655280000,1.6,1.6,1.55,1.55,4175,1208375,35000,weekly,2021-12-16T21:00:00.000,options,put
154,1639655340000,1.6,1.65,1.55,1.65,14725,1208375,35000,weekly,2021-12-16T21:00:00.000,options,put
155,1639655400000,1.65,1.8,1.6,1.8,18475,1216000,35000,weekly,2021-12-16T21:00:00.000,options,put
156,1639655460000,1.75,1.85,1.7,1.8,9350,1216000,35000,weekly,2021-12-16T21:00:00.000,options,put
157,1639655520000,1.75,1.85,1.7,1.75,20100,1216000,35000,weekly,2021-12-16T21:00:00.000,options,put
158,1639655580000,1.75,1.75,1.7,1.7,5650,1216000,35000,weekly,2021-12-16T21:00:00.000,options,put
159,1639655640000,1.7,1.75,1.65,1.65,7725,1228675,35000,weekly,2021-12-16T21:00:00.000,options,put
160,1639655700000,1.65,1.8,1.65,1.7,15150,1228675,35000,weekly,2021-12-16T21:00:00.000,options,put
161,1639655760000,1.65,1.8,1.65,1.8,15100,1228675,35000,weekly,2021-12-16T21:00:00.000,options,put
162,1639655820000,1.75,1.8,1.75,1.75,4100,1239625,35000,weekly,2021-12-16T21:00:00.000,options,put
163,1639655880000,1.8,1.85,1.75,1.75,11750,1239625,35000,weekly,2021-12-16T21:00:00.000,options,put
164,1639655940000,1.75,1.8,1.7,1.75,9175,1239625,35000,weekly,2021-12-16T21:00:00.000,options,put
165,1639656000000,1.85,1.95,1.85,1.85,16525,1241300,35000,weekly,2021-12-16T21:00:00.000,options,put
166,1639656060000,1.85,2.0,1.75,1.75,31150,1241300,35000,weekly,2021-12-16T21:00:00.000,options,put
167,1639656120000,1.75,1.85,1.7,1.8,24825,1241300,35000,weekly,2021-12-16T21:00:00.000,options,put
168,1639656180000,1.8,1.85,1.75,1.8,17475,1238875,35000,weekly,2021-12-16T21:00:00.000,options,put
169,1639656240000,1.8,1.95,1.8,1.95,18325,1238875,35000,weekly,2021-12-16T21:00:00.000,options,put
170,1639656300000,2.0,2.0,1.65,1.7,67900,1238875,35000,weekly,2021-12-16T21:00:00.000,options,put
171,1639656360000,1.7,1.7,1.65,1.7,23575,1242200,35000,weekly,2021-12-16T21:00:00.000,options,put
172,1639656420000,1.65,2.1,1.65,1.9,57200,1242200,35000,weekly,2021-12-16T21:00:00.000,options,put
173,1639656480000,1.9,2.05,1.8,2.05,26050,1242200,35000,weekly,2021-12-16T21:00:00.000,options,put
174,1639656540000,2.0,2.1,1.95,2.0,20750,1237225,35000,weekly,2021-12-16T21:00:00.000,options,put
175,1639656600000,2.0,2.05,1.85,1.85,13425,1237225,35000,weekly,2021-12-16T21:00:00.000,options,put
176,1639656660000,1.85,2.05,1.75,2.05,13275,1237225,35000,weekly,2021-12-16T21:00:00.000,options,put
177,1639656720000,2.05,2.1,1.95,1.95,24925,1237325,35000,weekly,2021-12-16T21:00:00.000,options,put
178,1639656780000,1.95,2.15,1.95,2.0,6625,1237325,35000,weekly,2021-12-16T21:00:00.000,options,put
179,1639656840000,2.0,2.1,1.95,1.95,45875,1237325,35000,weekly,2021-12-16T21:00:00.000,options,put
180,1639656900000,2.0,2.1,1.95,1.95,18250,1229325,35000,weekly,2021-12-16T21:00:00.000,options,put
181,1639656960000,1.9,2.05,1.75,1.75,27775,1229325,35000,weekly,2021-12-16T21:00:00.000,options,put
182,1639657020000,1.7,1.85,1.7,1.75,14050,1229325,35000,weekly,2021-12-16T21:00:00.000,options,put
183,1639657080000,1.7,1.75,1.65,1.75,13375,1231400,35000,weekly,2021-12-16T21:00:00.000,options,put
184,1639657140000,1.75,1.9,1.7,1.75,26625,1231400,35000,weekly,2021-12-16T21:00:00.000,options,put
185,1639657200000,1.8,1.95,1.8,1.95,14000,1231400,35000,weekly,2021-12-16T21:00:00.000,options,put
186,1639657260000,1.95,2.05,1.95,1.95,16350,1241625,35000,weekly,2021-12-16T21:00:00.000,options,put
187,1639657320000,1.95,2.1,1.95,2.1,10450,1241625,35000,weekly,2021-12-16T21:00:00.000,options,put
188,1639657380000,2.1,2.1,2.0,2.0,8100,1241625,35000,weekly,2021-12-16T21:00:00.000,options,put
189,1639657440000,2.05,2.1,1.95,1.95,9775,1243125,35000,weekly,2021-12-16T21:00:00.000,options,put
190,1639657500000,1.95,2.0,1.9,2.0,15425,1243125,35000,weekly,2021-12-16T21:00:00.000,options,put
191,1639657560000,1.95,2.0,1.85,1.9,15350,1243125,35000,weekly,2021-12-16T21:00:00.000,options,put
192,1639657620000,1.9,1.9,1.7,1.8,16450,1246375,35000,weekly,2021-12-16T21:00:00.000,options,put
193,1639657680000,1.8,1.85,1.8,1.8,5400,1246375,35000,weekly,2021-12-16T21:00:00.000,options,put
194,1639657740000,1.8,1.95,1.8,1.85,17300,1246375,35000,weekly,2021-12-16T21:00:00.000,options,put
195,1639657800000,1.85,1.9,1.75,1.75,15350,1240050,35000,weekly,2021-12-16T21:00:00.000,options,put
196,1639657860000,1.8,1.85,1.75,1.8,15675,1240050,35000,weekly,2021-12-16T21:00:00.000,options,put
197,1639657920000,1.8,1.8,1.7,1.8,20650,1240050,35000,weekly,2021-12-16T21:00:00.000,options,put
198,1639657980000,1.8,1.8,1.65,1.65,18750,1235575,35000,weekly,2021-12-16T21:00:00.000,options,put
199,1639658040000,1.7,1.7,1.6,1.65,9700,1235575,35000,weekly,2021-12-16T21:00:00.000,options,put
200,1639658100000,1.65,1.65,1.6,1.6,17575,1235575,35000,weekly,2021-12-16T21:00:00.000,options,put
201,1639658160000,1.6,1.65,1.6,1.6,20225,1229450,35000,weekly,2021-12-16T21:00:00.000,options,put
202,1639658220000,1.6,1.7,1.6,1.7,13725,1229450,35000,weekly,2021-12-16T21:00:00.000,options,put
203,1639658280000,1.7,1.8,1.65,1.75,10100,1229450,35000,weekly,2021-12-16T21:00:00.000,options,put
204,1639658340000,1.8,1.8,1.7,1.7,6250,1234750,35000,weekly,2021-12-16T21:00:00.000,options,put
205,1639658400000,1.7,1.75,1.6,1.6,10275,1234750,35000,weekly,2021-12-16T21:00:00.000,options,put
206,1639658460000,1.6,1.65,1.6,1.65,5750,1234750,35000,weekly,2021-12-16T21:00:00.000,options,put
207,1639658520000,1.6,1.65,1.6,1.65,16950,1236025,35000,weekly,2021-12-16T21:00:00.000,options,put
208,1639658580000,1.65,1.65,1.35,1.4,68125,1236025,35000,weekly,2021-12-16T21:00:00.000,options,put
209,1639658640000,1.35,1.45,1.35,1.4,18700,1236025,35000,weekly,2021-12-16T21:00:00.000,options,put
210,1639658700000,1.4,1.55,1.4,1.5,8500,1267950,35000,weekly,2021-12-16T21:00:00.000,options,put
211,1639658760000,1.5,1.55,1.4,1.45,6175,1267950,35000,weekly,2021-12-16T21:00:00.000,options,put
212,1639658820000,1.45,1.6,1.45,1.6,15925,1267950,35000,weekly,2021-12-16T21:00:00.000,options,put
213,1639658880000,1.55,1.6,1.55,1.55,5850,1250925,35000,weekly,2021-12-16T21:00:00.000,options,put
214,1639658940000,1.55,1.6,1.55,1.6,11350,1250925,35000,weekly,2021-12-16T21:00:00.000,options,put
215,1639659000000,1.6,1.7,1.6,1.65,18150,1250925,35000,weekly,2021-12-16T21:00:00.000,options,put
216,1639659060000,1.65,1.65,1.55,1.6,19100,1239275,35000,weekly,2021-12-16T21:00:00.000,options,put
217,1639659120000,1.6,1.6,1.5,1.5,13325,1239275,35000,weekly,2021-12-16T21:00:00.000,options,put
218,1639659180000,1.55,1.6,1.5,1.6,13950,1239275,35000,weekly,2021-12-16T21:00:00.000,options,put
219,1639659240000,1.6,1.6,1.55,1.6,24950,1235350,35000,weekly,2021-12-16T21:00:00.000,options,put
220,1639659300000,1.55,1.6,1.5,1.55,17050,1235350,35000,weekly,2021-12-16T21:00:00.000,options,put
221,1639659360000,1.55,1.65,1.55,1.55,14075,1235350,35000,weekly,2021-12-16T21:00:00.000,options,put
222,1639659420000,1.6,1.6,1.55,1.55,4125,1249950,35000,weekly,2021-12-16T21:00:00.000,options,put
223,1639659480000,1.55,1.6,1.55,1.55,9875,1249950,35000,weekly,2021-12-16T21:00:00.000,options,put
224,1639659540000,1.55,1.55,1.45,1.5,18125,1249950,35000,weekly,2021-12-16T21:00:00.000,options,put
225,1639659600000,1.5,1.6,1.5,1.5,19650,1236025,35000,weekly,2021-12-16T21:00:00.000,options,put
226,1639659660000,1.5,1.6,1.5,1.55,6850,1236025,35000,weekly,2021-12-16T21:00:00.000,options,put
227,1639659720000,1.55,1.6,1.5,1.6,13025,1236025,35000,weekly,2021-12-16T21:00:00.000,options,put
228,1639659780000,1.6,1.65,1.5,1.5,21625,1234700,35000,weekly,2021-12-16T21:00:00.000,options,put
229,1639659840000,1.5,1.55,1.5,1.55,13775,1234700,35000,weekly,2021-12-16T21:00:00.000,options,put
230,1639659900000,1.55,1.55,1.35,1.45,57775,1234700,35000,weekly,2021-12-16T21:00:00.000,options,put
231,1639659960000,1.45,1.45,1.4,1.45,4450,1254300,35000,weekly,2021-12-16T21:00:00.000,options,put
232,1639660020000,1.45,1.45,1.35,1.35,10650,1254300,35000,weekly,2021-12-16T21:00:00.000,options,put
233,1639660080000,1.35,1.4,1.3,1.3,26875,1254300,35000,weekly,2021-12-16T21:00:00.000,options,put
234,1639660140000,1.35,1.4,1.3,1.35,23225,1247300,35000,weekly,2021-12-16T21:00:00.000,options,put
235,1639660200000,1.4,1.4,1.3,1.35,17375,1247300,35000,weekly,2021-12-16T21:00:00.000,options,put
236,1639660260000,1.35,1.35,1.25,1.3,10825,1247300,35000,weekly,2021-12-16T21:00:00.000,options,put
237,1639660320000,1.3,1.3,1.25,1.3,14150,1253600,35000,weekly,2021-12-16T21:00:00.000,options,put
238,1639660380000,1.3,1.35,1.25,1.3,5250,1253600,35000,weekly,2021-12-16T21:00:00.000,options,put
239,1639660440000,1.3,1.35,1.2,1.2,15575,1253600,35000,weekly,2021-12-16T21:00:00.000,options,put
240,1639660500000,1.25,1.25,1.15,1.2,21875,1257250,35000,weekly,2021-12-16T21:00:00.000,options,put
241,1639660560000,1.2,1.2,1.15,1.2,10350,1257250,35000,weekly,2021-12-16T21:00:00.000,options,put
242,1639660620000,1.2,1.25,1.1,1.15,27275,1257250,35000,weekly,2021-12-16T21:00:00.000,options,put
243,1639660680000,1.15,1.2,1.1,1.15,30375,1247550,35000,weekly,2021-12-16T21:00:00.000,options,put
244,1639660740000,1.15,1.15,1.05,1.1,27300,1247550,35000,weekly,2021-12-16T21:00:00.000,options,put
245,1639660800000,1.1,1.15,1.05,1.15,33075,1247550,35000,weekly,2021-12-16T21:00:00.000,options,put
246,1639660860000,1.1,1.1,1.05,1.05,16700,1227850,35000,weekly,2021-12-16T21:00:00.000,options,put
247,1639660920000,1.05,1.1,1.0,1.1,23850,1227850,35000,weekly,2021-12-16T21:00:00.000,options,put
248,1639660980000,1.05,1.1,1.05,1.05,11900,1227850,35000,weekly,2021-12-16T21:00:00.000,options,put
249,1639661040000,1.05,1.1,1.0,1.0,17450,1229675,35000,weekly,2021-12-16T21:00:00.000,options,put
250,1639661100000,1.0,1.05,0.9,0.95,32425,1229675,35000,weekly,2021-12-16T21:00:00.000,options,put
251,1639661160000,0.95,0.95,0.85,0.9,10000,1229675,35000,weekly,2021-12-16T21:00:00.000,options,put
252,1639661220000,0.9,0.9,0.85,0.85,13100,1211325,35000,weekly,2021-12-16T21:00:00.000,options,put
253,1639661280000,0.85,0.9,0.8,0.85,13400,1211325,35000,weekly,2021-12-16T21:00:00.000,options,put
254,1639661340000,0.8,0.95,0.8,0.9,9275,1211325,35000,weekly,2021-12-16T21:00:00.000,options,put
255,1639661400000,0.9,1.05,0.9,1.05,18850,1205925,35000,weekly,2021-12-16T21:00:00.000,options,put
256,1639661460000,1.05,1.05,1.0,1.0,8225,1205925,35000,weekly,2021-12-16T21:00:00.000,options,put
257,1639661520000,1.0,1.05,0.85,0.95,28050,1205925,35000,weekly,2021-12-16T21:00:00.000,options,put
258,1639661580000,0.9,0.95,0.85,0.9,22400,1199775,35000,weekly,2021-12-16T21:00:00.000,options,put
259,1639661640000,0.85,0.95,0.85,0.95,9775,1199775,35000,weekly,2021-12-16T21:00:00.000,options,put
260,1639661700000,1.0,1.0,0.9,0.95,16675,1199775,35000,weekly,2021-12-16T21:00:00.000,options,put
261,1639661760000,0.95,1.0,0.95,1.0,8200,1205425,35000,weekly,2021-12-16T21:00:00.000,options,put
262,1639661820000,1.0,1.0,0.9,0.9,8075,1205425,35000,weekly,2021-12-16T21:00:00.000,options,put
263,1639661880000,0.9,0.95,0.85,0.9,16325,1205425,35000,weekly,2021-12-16T21:00:00.000,options,put
264,1639661940000,0.85,0.95,0.85,0.95,24750,1205650,35000,weekly,2021-12-16T21:00:00.000,options,put
265,1639662000000,0.95,1.0,0.9,0.95,22325,1205650,35000,weekly,2021-12-16T21:00:00.000,options,put
266,1639662060000,0.95,1.0,0.9,0.9,2400,1205650,35000,weekly,2021-12-16T21:00:00.000,options,put
267,1639662120000,0.9,0.95,0.85,0.85,21675,1215125,35000,weekly,2021-12-16T21:00:00.000,options,put
268,1639662180000,0.9,0.9,0.85,0.85,3800,1215125,35000,weekly,2021-12-16T21:00:00.000,options,put
269,1639662240000,0.85,0.9,0.85,0.9,8850,1215125,35000,weekly,2021-12-16T21:00:00.000,options,put
270,1639662300000,0.9,0.9,0.85,0.9,2675,1197000,35000,weekly,2021-12-16T21:00:00.000,options,put
271,1639662360000,0.9,0.9,0.85,0.9,4175,1197000,35000,weekly,2021-12-16T21:00:00.000,options,put
272,1639662420000,0.9,0.9,0.85,0.85,5950,1197000,35000,weekly,2021-12-16T21:00:00.000,options,put
273,1639662480000,0.85,0.9,0.85,0.85,13975,1195850,35000,weekly,2021-12-16T21:00:00.000,options,put
274,1639662540000,0.85,0.9,0.8,0.85,4250,1195850,35000,weekly,2021-12-16T21:00:00.000,options,put
275,1639662600000,0.8,0.85,0.8,0.85,9025,1195850,35000,weekly,2021-12-16T21:00:00.000,options,put
276,1639662660000,0.8,0.9,0.8,0.85,9825,1163450,35000,weekly,2021-12-16T21:00:00.000,options,put
277,1639662720000,0.85,0.9,0.85,0.9,5075,1163450,35000,weekly,2021-12-16T21:00:00.000,options,put
278,1639662780000,0.9,0.9,0.8,0.8,14775,1163450,35000,weekly,2021-12-16T21:00:00.000,options,put
279,1639662840000,0.8,0.85,0.8,0.8,6150,1159325,35000,weekly,2021-12-16T21:00:00.000,options,put
280,1639662900000,0.8,0.9,0.8,0.85,10275,1159325,35000,weekly,2021-12-16T21:00:00.000,options,put
281,1639662960000,0.85,0.85,0.8,0.8,8000,1159325,35000,weekly,2021-12-16T21:00:00.000,options,put
282,1639663020000,0.85,0.9,0.8,0.85,25525,1144300,35000,weekly,2021-12-16T21:00:00.000,options,put
283,1639663080000,0.9,0.9,0.85,0.9,16775,1144300,35000,weekly,2021-12-16T21:00:00.000,options,put
284,1639663140000,0.85,0.95,0.85,0.9,16750,1144300,35000,weekly,2021-12-16T21:00:00.000,options,put
285,1639663200000,0.85,0.95,0.85,0.9,12750,1144000,35000,weekly,2021-12-16T21:00:00.000,options,put
286,1639663260000,0.9,0.95,0.9,0.9,9500,1144000,35000,weekly,2021-12-16T21:00:00.000,options,put
287,1639663320000,0.9,1.0,0.9,0.9,9800,1144000,35000,weekly,2021-12-16T21:00:00.000,options,put
288,1639663380000,0.95,1.1,0.9,1.1,18675,1148925,35000,weekly,2021-12-16T21:00:00.000,options,put
289,1639663440000,1.1,1.1,0.9,0.95,16300,1148925,35000,weekly,2021-12-16T21:00:00.000,options,put
290,1639663500000,0.95,1.05,0.9,0.9,10875,1148925,35000,weekly,2021-12-16T21:00:00.000,options,put
291,1639663560000,0.9,1.0,0.9,0.95,17900,1150225,35000,weekly,2021-12-16T21:00:00.000,options,put
292,1639663620000,0.95,1.0,0.85,0.95,18725,1150225,35000,weekly,2021-12-16T21:00:00.000,options,put
293,1639663680000,0.95,1.0,0.95,0.95,5400,1150225,35000,weekly,2021-12-16T21:00:00.000,options,put
294,1639663740000,0.95,1.05,0.95,1.0,24425,1158350,35000,weekly,2021-12-16T21:00:00.000,options,put
295,1639663800000,1.0,1.05,1.0,1.0,44500,1158350,35000,weekly,2021-12-16T21:00:00.000,options,put
296,1639663860000,1.0,1.1,1.0,1.0,16925,1158350,35000,weekly,2021-12-16T21:00:00.000,options,put
297,1639663920000,1.0,1.05,0.95,0.95,27350,1171400,35000,weekly,2021-12-16T21:00:00.000,options,put
298,1639663980000,0.95,1.05,0.95,1.0,16100,1171400,35000,weekly,2021-12-16T21:00:00.000,options,put
299,1639664040000,1.0,1.0,0.9,0.9,19150,1171400,35000,weekly,2021-12-16T21:00:00.000,options,put
300,1639664100000,0.9,0.95,0.8,0.85,17150,1173125,35000,weekly,2021-12-16T21:00:00.000,options,put
301,1639664160000,0.85,0.95,0.85,0.95,25125,1173125,35000,weekly,2021-12-16T21:00:00.000,options,put
302,1639664220000,1.0,1.05,0.95,1.0,21425,1173125,35000,weekly,2021-12-16T21:00:00.000,options,put
303,1639664280000,1.0,1.2,0.95,1.15,34500,1171800,35000,weekly,2021-12-16T21:00:00.000,options,put
304,1639664340000,1.15,1.2,1.1,1.1,16450,1171800,35000,weekly,2021-12-16T21:00:00.000,options,put
305,1639664400000,1.15,1.2,1.05,1.05,28975,1171800,35000,weekly,2021-12-16T21:00:00.000,options,put
306,1639664460000,1.05,1.1,1.0,1.05,31050,1174650,35000,weekly,2021-12-16T21:00:00.000,options,put
307,1639664520000,1.1,1.15,1.05,1.1,21775,1174650,35000,weekly,2021-12-16T21:00:00.000,options,put
308,1639664580000,1.1,1.15,1.1,1.1,9650,1174650,35000,weekly,2021-12-16T21:00:00.000,options,put
309,1639664640000,1.1,1.1,1.0,1.0,9475,1165925,35000,weekly,2021-12-16T21:00:00.000,options,put
310,1639664700000,1.05,1.05,1.0,1.0,9200,1165925,35000,weekly,2021-12-16T21:00:00.000,options,put
311,1639664760000,1.0,1.05,0.95,1.0,15725,1165925,35000,weekly,2021-12-16T21:00:00.000,options,put
312,1639664820000,1.0,1.0,0.9,0.95,21500,1160050,35000,weekly,2021-12-16T21:00:00.000,options,put
313,1639664880000,0.9,0.95,0.9,0.9,14825,1160050,35000,weekly,2021-12-16T21:00:00.000,options,put
314,1639664940000,0.9,0.95,0.85,0.85,6950,1160050,35000,weekly,2021-12-16T21:00:00.000,options,put
315,1639665000000,0.85,0.9,0.75,0.85,26650,1157650,35000,weekly,2021-12-16T21:00:00.000,options,put
316,1639665060000,0.85,1.0,0.85,0.9,33150,1157650,35000,weekly,2021-12-16T21:00:00.000,options,put
317,1639665120000,0.9,1.0,0.9,0.9,17900,1157650,35000,weekly,2021-12-16T21:00:00.000,options,put
318,1639665180000,0.95,1.05,0.9,1.0,25575,1169175,35000,weekly,2021-12-16T21:00:00.000,options,put
319,1639665240000,1.0,1.05,0.9,1.0,28700,1169175,35000,weekly,2021-12-16T21:00:00.000,options,put
320,1639665300000,1.0,1.1,0.85,0.85,36075,1169175,35000,weekly,2021-12-16T21:00:00.000,options,put
321,1639665360000,0.85,0.9,0.75,0.75,35625,1178025,35000,weekly,2021-12-16T21:00:00.000,options,put
322,1639665420000,0.8,0.8,0.65,0.65,30150,1178025,35000,weekly,2021-12-16T21:00:00.000,options,put
323,1639665480000,0.7,0.7,0.6,0.65,36150,1178025,35000,weekly,2021-12-16T21:00:00.000,options,put
324,1639665540000,0.65,0.7,0.65,0.65,21700,1156700,35000,weekly,2021-12-16T21:00:00.000,options,put
325,1639665600000,0.7,0.75,0.65,0.7,17750,1156700,35000,weekly,2021-12-16T21:00:00.000,options,put
326,1639665660000,0.7,0.7,0.65,0.65,13325,1156700,35000,weekly,2021-12-16T21:00:00.000,options,put
327,1639665720000,0.65,0.7,0.6,0.65,15275,1145100,35000,weekly,2021-12-16T21:00:00.000,options,put
328,1639665780000,0.6,0.7,0.6,0.6,36200,1145100,35000,weekly,2021-12-16T21:00:00.000,options,put
329,1639665840000,0.6,0.65,0.55,0.55,32625,1145100,35000,weekly,2021-12-16T21:00:00.000,options,put
330,1639665900000,0.55,0.55,0.45,0.45,32950,1117475,35000,weekly,2021-12-16T21:00:00.000,options,put
331,1639665960000,0.45,0.5,0.4,0.5,85200,1117475,35000,weekly,2021-12-16T21:00:00.000,options,put
332,1639666020000,0.4,0.5,0.4,0.45,38650,1117475,35000,weekly,2021-12-16T21:00:00.000,options,put
333,1639666080000,0.45,0.55,0.45,0.5,13850,1081400,35000,weekly,2021-12-16T21:00:00.000,options,put
334,1639666140000,0.5,0.6,0.5,0.6,21325,1081400,35000,weekly,2021-12-16T21:00:00.000,options,put
335,1639666200000,0.65,0.65,0.55,0.55,18975,1081400,35000,weekly,2021-12-16T21:00:00.000,options,put
336,1639666260000,0.55,0.6,0.5,0.55,17600,1082075,35000,weekly,2021-12-16T21:00:00.000,options,put
337,1639666320000,0.55,0.65,0.55,0.6,21675,1082075,35000,weekly,2021-12-16T21:00:00.000,options,put
338,1639666380000,0.6,0.65,0.5,0.55,25500,1082075,35000,weekly,2021-12-16T21:00:00.000,options,put
339,1639666440000,0.6,0.6,0.5,0.5,15375,1069425,35000,weekly,2021-12-16T21:00:00.000,options,put
340,1639666500000,0.5,0.5,0.45,0.45,21125,1069425,35000,weekly,2021-12-16T21:00:00.000,options,put
341,1639666560000,0.45,0.5,0.45,0.5,24750,1069425,35000,weekly,2021-12-16T21:00:00.000,options,put
342,1639666620000,0.5,0.5,0.4,0.4,19850,1065550,35000,weekly,2021-12-16T21:00:00.000,options,put
343,1639666680000,0.35,0.4,0.35,0.35,25225,1065550,35000,weekly,2021-12-16T21:00:00.000,options,put
344,1639666740000,0.35,0.4,0.3,0.35,33550,1065550,35000,weekly,2021-12-16T21:00:00.000,options,put
345,1639666800000,0.35,0.4,0.3,0.35,18100,1060300,35000,weekly,2021-12-16T21:00:00.000,options,put
346,1639666860000,0.35,0.45,0.3,0.35,12950,1060300,35000,weekly,2021-12-16T21:00:00.000,options,put
347,1639666920000,0.35,0.4,0.3,0.3,16675,1060300,35000,weekly,2021-12-16T21:00:00.000,options,put
348,1639666980000,0.3,0.3,0.25,0.3,22825,1048225,35000,weekly,2021-12-16T21:00:00.000,options,put
349,1639667040000,0.25,0.3,0.25,0.3,18025,1048225,35000,weekly,2021-12-16T21:00:00.000,options,put
350,1639667100000,0.25,0.3,0.2,0.3,22975,1048225,35000,weekly,2021-12-16T21:00:00.000,options,put
351,1639667160000,0.2,0.35,0.15,0.2,41250,1049050,35000,weekly,2021-12-16T21:00:00.000,options,put
352,1639667220000,0.2,0.25,0.15,0.15,36700,1049050,35000,weekly,2021-12-16T21:00:00.000,options,put
353,1639667280000,0.2,0.3,0.15,0.15,46575,1049050,35000,weekly,2021-12-16T21:00:00.000,options,put
354,1639667340000,0.15,0.25,0.15,0.2,30650,1001550,35000,weekly,2021-12-16T21:00:00.000,options,put
355,1639667400000,0.2,0.25,0.15,0.15,30175,1001550,35000,weekly,2021-12-16T21:00:00.000,options,put
356,1639667460000,0.15,0.25,0.15,0.15,39100,1001550,35000,weekly,2021-12-16T21:00:00.000,options,put
357,1639667520000,0.2,0.2,0.1,0.2,28850,948150,35000,weekly,2021-12-16T21:00:00.000,options,put
358,1639667580000,0.1,0.2,0.1,0.15,28675,948150,35000,weekly,2021-12-16T21:00:00.000,options,put
359,1639667640000,0.15,0.15,0.1,0.1,12325,948150,35000,weekly,2021-12-16T21:00:00.000,options,put
360,1639667700000,0.1,0.15,0.05,0.1,113100,858425,35000,weekly,2021-12-16T21:00:00.000,options,put
361,1639667760000,0.05,0.1,0.05,0.1,9050,858425,35000,weekly,2021-12-16T21:00:00.000,options,put
362,1639667820000,0.1,0.1,0.05,0.1,12175,858425,35000,weekly,2021-12-16T21:00:00.000,options,put
363,1639667880000,0.05,0.1,0.05,0.1,16675,852525,35000,weekly,2021-12-16T21:00:00.000,options,put
364,1639667940000,0.1,0.1,0.05,0.1,19275,852525,35000,weekly,2021-12-16T21:00:00.000,options,put
365,1639668000000,0.1,0.1,0.05,0.05,17750,852525,35000,weekly,2021-12-16T21:00:00.000,options,put
366,1639668060000,0.05,0.1,0.05,0.05,11725,835725,35000,weekly,2021-12-16T21:00:00.000,options,put
367,1639668120000,0.05,0.1,0.05,0.1,13950,835725,35000,weekly,2021-12-16T21:00:00.000,options,put
368,1639668180000,0.1,0.1,0.05,0.05,11450,835725,35000,weekly,2021-12-16T21:00:00.000,options,put
369,1639668240000,0.05,0.1,0.05,0.05,13350,795675,35000,weekly,2021-12-16T21:00:00.000,options,put
370,1639668300000,0.1,0.1,0.05,0.1,26550,795675,35000,weekly,2021-12-16T21:00:00.000,options,put
371,1639668360000,0.1,0.1,0.05,0.05,10475,795675,35000,weekly,2021-12-16T21:00:00.000,options,put
372,1639668420000,0.05,0.1,0.05,0.05,15175,760750,35000,weekly,2021-12-16T21:00:00.000,options,put
373,1639668480000,0.05,0.1,0.05,0.1,6400,760750,35000,weekly,2021-12-16T21:00:00.000,options,put
374,1639668540000,0.1,0.1,0.05,0.1,10900,744550,35000,weekly,2021-12-16T21:00:00.000,options,put
